9.783088564872741699e-01
6.757141947746276855e-01
6.477495431900024414e-01
5.895248055458068848e-01
5.692601799964904785e-01
5.676826834678649902e-01
5.649562478065490723e-01
5.618862509727478027e-01
5.597003102302551270e-01
5.586597919464111328e-01
5.523953437805175781e-01
5.455983281135559082e-01
5.407513380050659180e-01
5.393752455711364746e-01
5.390267968177795410e-01
5.384877324104309082e-01
5.352458953857421875e-01
5.256969332695007324e-01
5.226464271545410156e-01
5.199418663978576660e-01
5.178668498992919922e-01
5.150845646858215332e-01
5.138577818870544434e-01
5.125804543495178223e-01
5.111036300659179688e-01
5.094258189201354980e-01
5.080310702323913574e-01
5.072446465492248535e-01
5.062392354011535645e-01
5.053596496582031250e-01
5.042369365692138672e-01
5.036099553108215332e-01
5.033507943153381348e-01
5.030967593193054199e-01
5.029190778732299805e-01
5.027366280555725098e-01
