9.768503308296203613e-01
6.840884089469909668e-01
6.575893759727478027e-01
6.304251551628112793e-01
5.844179987907409668e-01
5.711703896522521973e-01
5.848800539970397949e-01
5.687485337257385254e-01
5.876880884170532227e-01
5.430603027343750000e-01
5.664532184600830078e-01
5.209934115409851074e-01
5.581770539283752441e-01
5.469718575477600098e-01
5.223595499992370605e-01
5.410620570182800293e-01
5.284578800201416016e-01
5.206487774848937988e-01
5.107021927833557129e-01
5.248413681983947754e-01
5.096430778503417969e-01
5.136521458625793457e-01
5.156945586204528809e-01
5.074290633201599121e-01
5.110450983047485352e-01
5.048013329505920410e-01
5.175787806510925293e-01
5.032271742820739746e-01
5.129180550575256348e-01
5.060538053512573242e-01
5.055825710296630859e-01
5.090063214302062988e-01
5.047287940979003906e-01
5.004795193672180176e-01
5.058581233024597168e-01
4.966800510883331299e-01
