5.677054096187930110e-01,5.780502526729833779e-01,5.728883267554920611e-01,1.548802587436512168e-01,5.708165922143961790e-01,4.091923196741845681e-01,5.003989814489614441e-01,5.651310115412343515e-01,0.000000000000000000e+00,5.594687386706936882e-01
1.218281594011932700e+00,9.230689601041376369e-01,7.647234295960515515e-01,6.461302432231604831e-01,1.979918262222781777e-01,4.538919806713238581e-01,2.797749167541042081e-01,6.123960790224373119e-01,3.235922613414004556e-01,1.439215371292084544e+00
5.994270199909805807e-01,4.201726264320314042e-01,5.430398471653461595e-02,9.431240433827042802e-01,8.953322252258658631e-01,2.611205006949603447e-01,7.624083537841215286e-01,8.419752776622771995e-01,9.683546349406242648e-02,1.200877588242292432e-01
1.011196902743540793e+00,1.446349577046930901e-01,1.671714144758880069e-02,6.037402166519314495e-01,3.721980894450098165e-01,1.024205686035565943e+00,6.009541714098304288e-01,3.762233423534780963e-01,9.719278641510754602e-01,1.026112259295768991e+00
8.157048385997768269e-01,8.921146586071700135e-02,5.969913340813945979e-01,5.873419478710275587e-01,7.279558600625023468e-01,1.195392755558714326e-01,7.500088034197688325e-01,1.458920198376290611e-01,7.040758235147223099e-01,8.253074653854127751e-01
5.179673222824930923e-01,3.522768542170524875e-02,0.000000000000000000e+00,9.788989722728728970e-02,0.000000000000000000e+00,1.995764205232262722e-01,6.178762614727020125e-02,0.000000000000000000e+00,1.341978910379111878e-01,2.265758731868117992e-01
1.038441356271505300e-01,2.872993359342217445e-01,4.852307296358048805e-01,1.276521526277065166e-01,9.292125639971345885e-01,7.814426956698298232e-01,7.506154952570796013e-01,5.121706621255726066e-01,8.113875446841121164e-01,3.476811884902417660e-01
1.094876327284146189e+00,2.473761616274714609e-02,2.309297265892382711e-01,9.937616275739855620e-01,5.152238311129622161e-01,1.393460053950548207e-02,8.313396589714102669e-01,0.000000000000000000e+00,4.422926204279065132e-02,1.025613468897063285e+00
2.415014574304223116e-01,8.243175665760645865e-01,0.000000000000000000e+00,8.910145825590006785e-01,9.404643601155839860e-01,5.411587270064046606e-01,6.685345903737470730e-01,8.945340938051231650e-01,7.348337776405969857e-01,8.723476781509816869e-01
3.995280445087701082e-01,2.769821084104478470e-01,2.604516061954200157e-01,9.306166496593505366e-01,5.766291387844830751e-01,3.234814695082605107e-01,5.392358057666569726e-01,9.440139558631926997e-01,4.404281884897500166e-01,2.441419246606528759e-01
7.256879024440422432e-01,1.001345661492087036e+00,1.732753594429232269e+00,6.603208035463467018e-01,5.797617286676540749e-01,8.891936876112594978e-01,3.268915452295914070e-01,8.153469395125284569e-01,1.130271380092017441e+00,3.404548401245847122e-01
7.710231707664206846e-01,4.995766773121431692e-01,0.000000000000000000e+00,8.832974138902500716e-01,1.503668046323582419e-01,4.848102179588750227e-01,1.391851183725520968e-01,9.216513105900958625e-01,3.912981101544573681e-01,6.598106493242085202e-01
7.457139304839074390e-01,6.745344650931656139e-01,1.269254338275641159e+00,4.814354253001510986e-01,1.812806370202451889e-01,3.276913652662187815e-01,1.659232097212225143e-01,9.917897432111203448e-01,1.096765550319105387e-01,3.259331252891570219e-01
8.782471922226250394e-01,7.339340972015634401e-01,4.168109460501000507e-01,1.546777450945228338e+00,2.259790002368390616e-01,1.184433537535369424e-01,1.092029870953410864e+00,5.802961034700274690e-01,0.000000000000000000e+00,1.944384434260428007e-01
1.333842157665640071e+00,1.034610579535365060e+00,3.531274786219000816e-01,1.183360330108553127e+00,1.257088935747742608e+00,1.080330668762326196e+00,1.411775893345475152e+00,1.028856140375137285e+00,9.323889569379388842e-01,1.155665625631809190e+00
7.236101370304822700e-01,7.302769090980291145e-01,1.071203091554343789e+00,1.321173455473035663e+00,3.899012500420212524e-01,4.359431847929954307e-01,7.847451236099004523e-01,1.157582528330385774e+00,7.178195998072623984e-01,8.505910079926252143e-01
1.278755864594131597e-01,2.415914541576057728e-01,1.783193526789545943e-02,8.455869148951024039e-01,7.636076136957854477e-01,7.812118902336806503e-01,1.036986495833843946e+00,1.133684664499014616e+00,1.655062712263315916e+00,1.395716665778309051e-01
4.219338418915867528e-02,3.444654571823775879e-01,7.954639177769422254e-02,2.728584703989326843e-01,4.755007751286030038e-01,3.263405213365331292e-01,5.991167350206524356e-01,0.000000000000000000e+00,1.970106673426926247e-01,8.795854756608605107e-02
5.583687098696828166e-02,5.008719023608136922e-01,2.431177215068601183e-01,1.138517358340322971e-01,8.428778476198204306e-01,4.054558838950469979e-01,8.322232964332215710e-01,5.512033667182549834e-01,0.000000000000000000e+00,3.116556303924881144e-01
5.397542448481544852e-01,3.699430494569241890e-01,6.179507009452208655e-01,6.253564024111255559e-01,2.611690772231668456e-01,4.505852413130924106e-01,6.394532439997420159e-01,4.679431577911600248e-01,5.141497099539265037e-01,5.291401855414733513e-01
6.357055298984051195e-01,5.555455614812672416e-02,0.000000000000000000e+00,1.071876429487019777e-01,6.589440395589918342e-01,8.532795054372399601e-01,7.175079077947884576e-01,7.229977949522435887e-01,4.080951871350407822e-01,2.852454575244337542e-01
6.738144317394472171e-01,6.587101291384896973e-01,1.334286211873404737e-01,0.000000000000000000e+00,3.005599941912805440e-01,1.220417392556555625e-01,6.360733490699204129e-01,0.000000000000000000e+00,7.659024003660305779e-02,6.630039354102337246e-01
6.348938730370719263e-02,3.014258933020755871e-01,1.045483104244340246e-02,5.741124639753251990e-02,2.229712120024487376e-01,4.353383609093725570e-01,4.337292242795228736e-01,6.411808654665947238e-02,1.809244478412438129e-01,1.487943430256564135e-02
4.591083866544067860e-01,0.000000000000000000e+00,0.000000000000000000e+00,4.697437877766787867e-02,1.213258332293480679e+00,0.000000000000000000e+00,1.829105814453214351e-01,7.914258892647921817e-01,0.000000000000000000e+00,2.861179147846996673e-01
7.923284071031957421e-01,0.000000000000000000e+00,3.230923222377896087e-01,7.334071862045675738e-01,6.943367524538188729e-01,3.328451067209244052e-02,5.661428686697036472e-01,1.122386596584692642e+00,2.672995664179324965e-02,3.785451947245747073e-01
3.639311809092760086e-01,6.452738148625940529e-01,5.105096888262778965e-01,7.850775881670415957e-02,8.813419830985366743e-02,4.367215152829885261e-01,4.810268884059041850e-01,4.883159699384123087e-01,3.987441372126340755e-01,4.456383366137742774e-01
1.320239040942396969e+00,1.192696467752102807e+00,7.741211404907517579e-01,9.078234264277853516e-01,6.356611497350967976e-01,8.669440179714001937e-01,1.347299128363374621e+00,0.000000000000000000e+00,7.066710406565107627e-01,1.887840928160585408e-01
5.952608020976185577e-01,5.232934532687067986e-01,2.576035609585233255e-01,1.349672741629183381e+00,6.587557103484868726e-02,7.903386870399117248e-01,3.567528183106333239e-01,5.765379801392555015e-01,2.199935657903552000e-01,1.977919333614409081e-01
5.944655738770961984e-01,2.206075601279735565e-01,5.246911495923996249e-02,5.328684996813535246e-01,7.963519972749054654e-01,3.181465983390808216e-01,7.911120161414146867e-01,8.440726966597139613e-01,1.834934066981077083e-01,8.559672087430954257e-02
1.492340051149949387e+00,4.509178552543744584e-02,0.000000000000000000e+00,1.573715339682530523e+00,1.263331968174316033e+00,1.663848331244662360e+00,1.692455555731430694e+00,1.249292844464071184e+00,2.687235646881163120e-01,7.665256322128698452e-01
4.489596693543717043e-01,5.743847307981923000e-01,9.316832407144829409e-01,1.276512935082428246e+00,2.649698904482647999e-01,2.492957610636949428e-01,4.667032000375911371e-01,7.111089213518425600e-01,2.841341761173680203e-01,6.465900896815582888e-01
8.690346032381058173e-04,3.877841177629307023e-01,1.184130655601620674e-01,9.144558375701308806e-02,2.932760092662647367e-01,4.385633825557306298e-01,1.597566308453678974e-01,7.559570828685536759e-01,4.509292259113862888e-01,8.608411541208624285e-02
1.096075574553105891e+00,9.947372375609120354e-01,1.663071559014497186e-02,2.274874629103578738e-01,1.074344576022121966e+00,1.061209059960674522e-01,8.280597257835324854e-01,1.089561689196852923e+00,5.183424505943549088e-01,5.910357243788894044e-01
2.656342770904302486e-01,1.347654037643223890e-01,6.378207300789654477e-01,1.081167554203420922e+00,1.533557910937815849e-01,8.121932633221148889e-02,2.570738065987825394e-01,3.223021265119314083e-01,7.147970832884312231e-02,6.510476488620042801e-02
2.494337784592062235e-01,7.675093774683773296e-01,2.757682763040065696e-02,2.152555289212614298e-01,4.968803995288908343e-02,3.377397457603364961e-01,3.541991113219410403e-01,4.210625910200178901e-02,1.800697317812591791e-01,2.333415374159812997e-02
2.352697039488703123e-01,4.824174670968204848e-01,2.913088599685579316e-01,2.747321131173521280e-01,1.818384677637368552e-01,7.238249084679410084e-01,4.387646018061787112e-01,4.585251501295715681e-01,1.529286532197147719e-01,1.402183434460312073e-01
7.287878520408412886e-01,6.780890747264493035e-01,6.648265276860911843e-01,4.758823096111882700e-01,4.030076914728851767e-01,6.672664895013440400e-01,4.712968702719081415e-01,1.998106428945902596e-02,5.461335602507461084e-01,4.503360494796652125e-01
4.581557080149650796e-01,6.254327532369643450e-01,2.522315294016152509e-01,8.180905394721775803e-01,6.907195840030908029e-02,2.139748383313417324e-01,5.187754390761256662e-01,7.321239849552512169e-01,0.000000000000000000e+00,4.245290361344814523e-01
5.871944746933877024e-01,3.648491645231842773e-01,1.701495735906064510e-01,1.008015105873346418e+00,3.831955685280263313e-01,6.309164124075323787e-01,3.861316259019076935e-01,6.004480246454477754e-01,5.582504407502710680e-02,4.209745031781494395e-01
3.844632718246430159e-01,4.519806507509201987e-01,4.781935061793774477e-01,2.530316223856061697e-01,1.731533844955265578e-01,4.629391397815197928e-01,1.805655498988926466e-01,2.088015401037409957e-01,4.645704175811261050e-01,7.580908578354865757e-01
