0.000000000000000000e+00,0.000000000000000000e+00,6.870410427218303084e-01,2.949476663256064279e-01,3.409126182086765627e-02,0.000000000000000000e+00,0.000000000000000000e+00,1.979340172430966049e+00,8.372918830369598941e-01,6.458198650041595545e-01
3.031212586211040616e-01,7.331340557197109087e-01,6.269306130474433525e-01,2.411702790996059775e-01,9.046184022212401254e-01,8.744384441291913612e-01,8.245560724521056040e-01,1.042112009809352369e+00,1.006743317446671337e+00,3.022422096924856083e-01
6.455816827947273850e-01,3.977930339286103734e-01,1.528951307595707521e+00,6.407901370199396984e-01,0.000000000000000000e+00,1.420986054698005208e-01,1.504698678152635583e-01,1.864375666016712674e-01,5.880776441190391918e-02,1.243857288570143327e+00
1.094286217133048966e+00,1.825839030439965482e-01,1.938505624060053334e+00,1.748997781309299115e-01,0.000000000000000000e+00,0.000000000000000000e+00,0.000000000000000000e+00,0.000000000000000000e+00,1.741552551987115338e+00,1.016082556883338928e+00
1.444789831177331618e-01,9.656454063951968800e-03,2.611928177298977971e+00,5.489223322365432631e-03,1.337915754783898681e+00,0.000000000000000000e+00,1.169704039645148352e+00,5.185977185028604886e-02,1.151144059840589727e-02,1.948498950805515120e-02
4.234649110585451265e-02,3.937627822160720548e-02,2.249620691873133183e-01,0.000000000000000000e+00,3.666268438100814958e-02,3.950539305806159696e-02,8.431832701899111271e-01,0.000000000000000000e+00,0.000000000000000000e+00,4.718652968294918815e-02
1.413724779244512231e+00,7.726176167838275655e-01,6.319678246043622938e-01,1.191648836340755135e+00,0.000000000000000000e+00,2.596971145831048489e-01,4.269189222715795151e-01,2.975338773801922687e-01,8.335419325157999645e-03,1.340921135153621546e-01
1.233980525285005569e-03,4.902518585557117947e-01,4.370946270180866011e-01,1.152447390952147543e+00,8.535935703897848947e-01,4.370113648474216288e-03,8.025589369470254031e-01,7.145509437541477382e-01,5.532550448551774164e-02,2.632191928976680972e-01
1.129246412601787528e-02,2.590947533724829555e+00,2.704421001463197083e+00,6.739866352290846407e-03,2.441445764939999263e-01,2.715614943590480973e-02,0.000000000000000000e+00,4.119039280340075493e-03,3.580992066155886389e-01,6.617869961657560918e-01
4.582475863397121318e-01,1.007466848194599196e+00,1.229058229550719306e+00,4.902839839458465465e-01,3.588127421215176471e-01,8.440015420317650285e-01,3.949389345943928042e-02,1.749289310537278652e-01,2.099611068144440762e-01,1.232540283352136640e-01
5.380567309213801774e-01,6.493277432629838142e-01,8.957396817160769853e-01,8.388959548203274164e-01,8.181160934502258453e-01,8.653057696530594978e-01,7.275494145462289008e-01,8.536025347886606607e-01,1.224375560344196812e+00,7.910585996462031755e-01
0.000000000000000000e+00,1.569544621556997255e+00,1.395619962690398008e+00,0.000000000000000000e+00,2.363075758796185366e-01,5.575244070496410131e-02,0.000000000000000000e+00,3.198413418140262365e-01,1.233410296146757901e+00,9.054323420859873572e-02
4.052615882828831673e-01,1.558031285181641634e-01,0.000000000000000000e+00,2.774542205501348002e-01,1.074067193455994218e+00,4.266643619164824375e-01,8.357960166409611480e-01,8.484739567153155582e-01,4.943551642820239178e-01,7.553571643307804839e-01
3.684367537964135519e-01,6.273403706494719012e-01,4.908757910598069429e-01,2.260677343467250577e-01,2.318528885254636518e-01,1.014184626704081937e+00,5.189927630126476427e-02,8.982490522321313620e-01,1.014674172597005875e+00,8.633757920470088720e-01
3.850929403211921231e-01,1.357557684695348099e+00,2.720799532299861490e+00,1.040145885711535767e+00,7.145523733925074339e-01,5.403513988014310154e-01,4.320274943020194769e-01,1.058251346042379692e+00,1.829427540814503983e+00,6.928405703511089087e-01
8.074775463435799328e-01,5.769598423037678447e-01,8.039474184159189907e-01,8.846930856350809780e-01,8.699799808207899776e-01,7.819187729153782573e-01,6.011558058205992428e-01,1.098131337622180626e+00,1.014734027395024940e+00,7.438484704587609020e-01
9.039565259357914551e-01,1.006177753652445883e+00,1.387441886030137628e+00,5.026763858739287105e-01,6.678556013852358086e-01,5.308018903248011844e-01,5.352155487984419091e-01,3.291046496946364863e-01,1.230005110148340436e-01,7.567801811732352002e-01
4.726512256544083135e-01,2.388032353017479070e-01,2.115511860232800190e-01,1.454328915569931199e-02,6.654301150701939782e-02,2.760985887143760920e-01,4.414325247053056955e-01,1.549765459727495964e-01,1.488562775310128816e-01,3.995350653771311267e-01
3.125553159043192777e-03,2.929115584876854084e-01,7.689620563760399263e-02,4.431411442346870622e-02,1.550260007206816226e-01,2.653184196271468065e-01,4.652635271195322553e-02,2.110466755082597956e+00,1.527645392343401800e-04,8.623565313580912051e-01
1.088463991880416898e-01,3.087753058178350218e-01,1.144162600859999629e-01,2.074371929047629237e-01,1.423521464131772607e+00,9.670372823253273742e-01,5.617233080789446609e-01,8.322783046402036922e-01,4.913452522829174773e-01,6.424402818083763123e-05
1.282257155887782663e+00,4.195826618932187446e-01,1.585468968050554484e+00,2.243769448250532150e-02,4.725265596061944788e-03,3.087046330794692151e-01,2.713068337179720332e-02,2.226151810027658939e-01,3.797551781870424636e-01,1.918401998467743341e-01
0.000000000000000000e+00,4.865996306762099266e-04,5.011253033459069917e-01,2.962758259673137391e-03,4.601495064067421259e-01,9.206572968687395941e-02,1.526575367114855863e+00,4.793385596000007132e-01,2.015186159842414781e-01,0.000000000000000000e+00
7.506677557248622734e-02,0.000000000000000000e+00,0.000000000000000000e+00,1.229167041124310300e+00,0.000000000000000000e+00,0.000000000000000000e+00,0.000000000000000000e+00,8.699012524448334477e-03,4.718092947063269316e-01,0.000000000000000000e+00
2.305206063203513733e-01,4.367776336148381233e-01,2.299198062159120981e-01,4.371193797327578290e-01,4.895294946618378162e-01,3.899621789343655220e-01,2.728087827563285828e-03,2.637219372205436008e-01,4.240097557194530964e-01,7.550660297274588983e-02
2.367400171468034276e-01,6.216178642353042960e-01,1.327260117977857590e-02,2.308270614594221115e-02,1.025837798020802438e+00,4.312978559406474011e-01,2.972748894477262871e-01,7.180125429993495789e-01,1.096812159917317286e+00,2.063053602585568913e-01
0.000000000000000000e+00,4.443377822637558094e-01,6.757969716563820839e-01,3.453593123704194745e-02,7.389438981190323830e-01,4.333166927099227905e-01,3.642055571079254039e-01,8.385981740429997444e-01,2.101258933544158936e-01,1.969425886869430598e-01
1.997505206381901960e-02,2.133013702696189354e-02,1.774175292102154300e+00,1.553406348056159958e+00,1.719288425869308357e-01,2.198847942030988545e+00,4.526033499045297726e-01,3.726099970517680049e-01,1.362078950903378383e+00,1.328359342878684436e-02
1.580009276978671662e-01,1.065278294496238287e-01,5.594010272878222612e-01,1.693895527161657921e-01,8.745578830479644461e-01,6.347638019709848090e-01,5.951015740050934477e-01,3.964680706034414692e-01,8.955777152790688200e-01,5.433327315724454376e-01
1.188349867239594515e-01,1.024793645925819785e+00,9.688873650506139024e-01,0.000000000000000000e+00,1.756692858412861880e-01,5.644489200785756111e-01,3.961191745474934578e-01,2.373647870495915468e-01,5.624525042250752005e-01,3.706135151907801739e-01
2.082264480728190481e+00,2.993059892090969010e-01,1.835468967619817704e+00,2.604005220183171154e+00,0.000000000000000000e+00,1.834786680992692848e-02,0.000000000000000000e+00,1.329000489821191788e+00,5.510445205844007877e-01,1.295887537917587817e+00
4.079370427643880248e-01,7.062894271221011877e-01,7.632638437207788229e-01,3.191966072190552950e-01,6.931116882478818297e-01,5.964720699703320861e-01,3.452592942630872130e-01,4.859283271944150329e-01,1.054217094904743135e+00,4.826672192430123687e-01
1.122873706370592028e+00,0.000000000000000000e+00,2.090548482490703353e-01,2.038409226341172942e-01,2.973543573170900345e-02,1.587326061679050215e-01,3.279510624706745148e-01,2.890550801530480246e-02,4.111974756233394146e-01,2.907866832800209411e-01
1.422996055916883086e-02,1.711810275624156885e+00,1.526766211653011740e-01,2.517621653387323161e-02,2.029034059421974123e-01,1.715698176357545846e+00,0.000000000000000000e+00,4.853532858003745676e-01,2.232727415511908564e+00,1.820705091813579245e-03
1.677682290319353342e-01,5.857043767347931418e-01,1.925539555959403515e-01,3.506229447666555643e-01,2.432462103664874975e-01,1.821644008159637451e-01,3.094495768658817036e-01,9.557268692180513892e-01,0.000000000000000000e+00,8.268692549318075458e-02
1.002897279337048586e-01,1.990506691858172361e-01,4.525234574452042802e-01,2.951779557392001374e-01,2.998507381416857381e-02,7.809997970238328202e-01,0.000000000000000000e+00,1.887262277305126051e-02,0.000000000000000000e+00,3.700132502242922672e-01
2.383619712665677182e-01,2.516943283844739337e-02,1.192546645179390873e-02,2.809440338984131591e-01,1.939159615896642319e-01,4.804709440562874301e-01,5.262322826310992380e-02,6.134364629164338334e-01,1.160457788826897652e+00,3.225229788571596368e-01
1.068745832890272227e-03,0.000000000000000000e+00,3.560778051265515165e-01,2.408431827905587741e-01,0.000000000000000000e+00,1.829359414009377405e+00,0.000000000000000000e+00,9.399845753796398987e-03,2.666855286521604196e+00,2.003209295799024316e-03
1.746832554228603951e-01,6.614877618383616653e-01,5.940792275127023681e-01,6.495519364252685945e-02,8.389392876997589510e-02,9.182471885811537282e-01,0.000000000000000000e+00,5.442172090988606215e-01,8.066315564792603254e-01,2.641904656775295734e-01
2.436484829057007917e-01,4.755890325177460909e-01,3.610489026177674532e-01,1.744203473255038217e+00,0.000000000000000000e+00,1.894166179466992561e-01,1.261870538350194637e-01,1.020288970554247499e+00,3.468937822151929029e-01,1.004231815692037399e-01
2.329468722222372834e-01,6.181105411145836337e-01,2.369320725556462934e-02,4.581473021302372439e-01,3.956995804328471145e-02,7.080274353269487841e-01,1.924555079312995076e-01,6.812022382859140857e-01,8.539013516623527034e-01,7.735526864416896950e-03
