1.000000000000000000e+00,1.113400697708129883e+00
5.610000000000000000e+02,1.833186745643615723e-01
1.123000000000000000e+03,7.277974486351013184e-02
1.685000000000000000e+03,6.299138069152832031e-02
2.247000000000000000e+03,5.797734484076499939e-02
2.809000000000000000e+03,7.074191421270370483e-02
3.371000000000000000e+03,4.522651433944702148e-02
3.933000000000000000e+03,8.227373659610748291e-02
4.495000000000000000e+03,5.671914294362068176e-02
5.057000000000000000e+03,7.796551566570997238e-03
5.619000000000000000e+03,6.058336421847343445e-02
6.181000000000000000e+03,4.685253277420997620e-02
6.743000000000000000e+03,6.527940183877944946e-02
7.305000000000000000e+03,5.561158061027526855e-02
7.867000000000000000e+03,4.650452360510826111e-02
8.429000000000000000e+03,2.924805320799350739e-02
8.991000000000000000e+03,3.392953053116798401e-02
9.553000000000000000e+03,7.092019170522689819e-02
1.011500000000000000e+04,3.433977486565709114e-03
1.067700000000000000e+04,5.290232226252555847e-02
1.123900000000000000e+04,6.361172348260879517e-02
1.180100000000000000e+04,2.277773804962635040e-02
1.236300000000000000e+04,2.099381387233734131e-02
1.292500000000000000e+04,3.990956023335456848e-02
1.348700000000000000e+04,6.521978229284286499e-02
1.404900000000000000e+04,8.169011026620864868e-02
1.461100000000000000e+04,2.022784389555454254e-02
1.517300000000000000e+04,5.260121822357177734e-02
1.573500000000000000e+04,2.929943054914474487e-02
1.629700000000000000e+04,4.268234595656394958e-02
1.685900000000000000e+04,2.519556321203708649e-02
1.742100000000000000e+04,2.025385759770870209e-02
1.798300000000000000e+04,1.693886518478393555e-02
1.854500000000000000e+04,1.459937822073698044e-02
1.910700000000000000e+04,1.681937649846076965e-02
1.966900000000000000e+04,1.279853656888008118e-02
