1.000000000000000000e+00,9.571323394775390625e-01
5.610000000000000000e+02,8.348315954208374023e-02
1.123000000000000000e+03,4.871547222137451172e-02
1.685000000000000000e+03,4.264494776725769043e-02
2.247000000000000000e+03,4.570528492331504822e-02
2.809000000000000000e+03,3.680767491459846497e-02
3.371000000000000000e+03,3.462051972746849060e-02
3.933000000000000000e+03,5.551273003220558167e-02
4.495000000000000000e+03,3.494550287723541260e-02
5.057000000000000000e+03,9.854785166680812836e-03
5.619000000000000000e+03,5.003595724701881409e-02
6.181000000000000000e+03,4.052335396409034729e-02
6.743000000000000000e+03,5.664303898811340332e-02
7.305000000000000000e+03,2.676731906831264496e-02
7.867000000000000000e+03,7.907836697995662689e-03
8.429000000000000000e+03,1.781465113162994385e-02
8.991000000000000000e+03,2.651931345462799072e-02
9.553000000000000000e+03,7.066106051206588745e-02
1.011500000000000000e+04,7.295369287021458149e-04
1.067700000000000000e+04,3.766366466879844666e-02
1.123900000000000000e+04,2.836496941745281219e-02
1.180100000000000000e+04,7.597916555823758245e-05
1.236300000000000000e+04,8.212738670408725739e-03
1.292500000000000000e+04,2.541975863277912140e-02
1.348700000000000000e+04,7.398751098662614822e-03
1.404900000000000000e+04,4.431418702006340027e-02
1.461100000000000000e+04,1.205830485559999943e-04
1.517300000000000000e+04,3.135229647159576416e-02
1.573500000000000000e+04,2.745650149881839752e-02
1.629700000000000000e+04,2.100966125726699829e-02
1.685900000000000000e+04,1.497706491500139236e-02
1.742100000000000000e+04,2.907968498766422272e-02
1.798300000000000000e+04,2.206096798181533813e-02
1.854500000000000000e+04,6.324462447082623839e-05
1.910700000000000000e+04,4.924087552353739738e-04
1.966900000000000000e+04,1.802193932235240936e-03
