1.000000000000000000e+00,4.229695796966552734e+00
5.610000000000000000e+02,8.142009973526000977e-01
1.123000000000000000e+03,7.717317938804626465e-01
1.685000000000000000e+03,6.703614592552185059e-01
2.247000000000000000e+03,6.080029606819152832e-01
2.809000000000000000e+03,4.791476428508758545e-01
3.371000000000000000e+03,4.248658418655395508e-01
3.933000000000000000e+03,4.095305204391479492e-01
4.495000000000000000e+03,3.754723668098449707e-01
5.057000000000000000e+03,3.668090105056762695e-01
5.619000000000000000e+03,2.960267961025238037e-01
6.181000000000000000e+03,3.096860349178314209e-01
6.743000000000000000e+03,3.043783903121948242e-01
7.305000000000000000e+03,2.291069924831390381e-01
7.867000000000000000e+03,2.421107590198516846e-01
8.429000000000000000e+03,2.375081032514572144e-01
8.991000000000000000e+03,2.587973475456237793e-01
9.553000000000000000e+03,2.080307453870773315e-01
1.011500000000000000e+04,2.010433673858642578e-01
1.067700000000000000e+04,1.761843711137771606e-01
1.123900000000000000e+04,1.470233500003814697e-01
1.180100000000000000e+04,2.011328190565109253e-01
1.236300000000000000e+04,2.080615013837814331e-01
1.292500000000000000e+04,1.669702380895614624e-01
1.348700000000000000e+04,1.331587135791778564e-01
1.404900000000000000e+04,1.344722211360931396e-01
1.461100000000000000e+04,1.517850905656814575e-01
