1.000000000000000000e+00,3.046118736267089844e+00
5.610000000000000000e+02,7.386465072631835938e-01
1.123000000000000000e+03,6.732732653617858887e-01
1.685000000000000000e+03,6.181560158729553223e-01
2.247000000000000000e+03,6.014584302902221680e-01
2.809000000000000000e+03,5.050290822982788086e-01
3.371000000000000000e+03,4.942322969436645508e-01
3.933000000000000000e+03,4.367164075374603271e-01
4.495000000000000000e+03,3.821168541908264160e-01
5.057000000000000000e+03,3.415441513061523438e-01
5.619000000000000000e+03,3.728121817111968994e-01
6.181000000000000000e+03,2.969249486923217773e-01
6.743000000000000000e+03,2.861090302467346191e-01
7.305000000000000000e+03,3.317544460296630859e-01
7.867000000000000000e+03,2.780248522758483887e-01
8.429000000000000000e+03,2.845175564289093018e-01
8.991000000000000000e+03,2.362945973873138428e-01
9.553000000000000000e+03,2.755061984062194824e-01
1.011500000000000000e+04,2.735336720943450928e-01
1.067700000000000000e+04,2.261538803577423096e-01
1.123900000000000000e+04,1.775761097669601440e-01
1.180100000000000000e+04,2.524604499340057373e-01
1.236300000000000000e+04,2.092410326004028320e-01
1.292500000000000000e+04,1.926526427268981934e-01
1.348700000000000000e+04,1.790093332529067993e-01
1.404900000000000000e+04,1.595852524042129517e-01
1.461100000000000000e+04,2.108937948942184448e-01
