1.694728970527648926e+00
7.076181769371032715e-01
5.847293138504028320e-01
4.542598426342010498e-01
3.940870165824890137e-01
3.316171467304229736e-01
2.988038361072540283e-01
2.784839868545532227e-01
2.553374469280242920e-01
2.320838272571563721e-01
2.168464362621307373e-01
1.925554722547531128e-01
1.745544970035552979e-01
1.590260416269302368e-01
1.505243480205535889e-01
1.383046060800552368e-01
1.299007087945938110e-01
1.163773015141487122e-01
1.081628352403640747e-01
1.033051982522010803e-01
9.964766353368759155e-02
9.514753520488739014e-02
9.323260933160781860e-02
