1.765921950340270996e+00
7.176677584648132324e-01
5.345442295074462891e-01
4.721716642379760742e-01
3.997586369514465332e-01
3.354324400424957275e-01
2.404123097658157349e-01
3.006394505500793457e-01
1.859496086835861206e-01
2.512579858303070068e-01
2.165824472904205322e-01
2.146217525005340576e-01
2.208229601383209229e-01
1.768885999917984009e-01
1.520601361989974976e-01
1.593727767467498779e-01
1.633699685335159302e-01
1.501598507165908813e-01
1.416433602571487427e-01
1.518919616937637329e-01
1.416313648223876953e-01
9.958296269178390503e-02
9.876821935176849365e-02
