1.003006815910339355e+00
6.641009449958801270e-01
6.322267651557922363e-01
5.794031023979187012e-01
5.716619491577148438e-01
5.624606013298034668e-01
5.541058182716369629e-01
5.436238050460815430e-01
5.381600260734558105e-01
5.324748158454895020e-01
5.283893942832946777e-01
5.260644555091857910e-01
5.237913131713867188e-01
5.214445590972900391e-01
5.192018151283264160e-01
5.166350007057189941e-01
5.150484442710876465e-01
5.149876475334167480e-01
5.152041316032409668e-01
5.152418017387390137e-01
5.152772665023803711e-01
5.147274732589721680e-01
5.147554874420166016e-01
5.150516629219055176e-01
5.157880187034606934e-01
5.160074830055236816e-01
5.165872573852539062e-01
5.169108510017395020e-01
5.169021487236022949e-01
5.167415738105773926e-01
5.163290500640869141e-01
5.160675048828125000e-01
5.157340168952941895e-01
5.153673291206359863e-01
5.150017738342285156e-01
5.148687362670898438e-01
