1.000884294509887695e+00
6.684002876281738281e-01
6.528492569923400879e-01
5.947790145874023438e-01
5.832445025444030762e-01
5.851244330406188965e-01
5.653988718986511230e-01
5.463110804557800293e-01
5.600186586380004883e-01
5.584656000137329102e-01
5.352429747581481934e-01
5.587164759635925293e-01
5.120881199836730957e-01
5.252220630645751953e-01
5.478109717369079590e-01
5.414921045303344727e-01
5.445773005485534668e-01
5.185877084732055664e-01
5.331257581710815430e-01
5.326100587844848633e-01
5.137941837310791016e-01
5.172947645187377930e-01
5.240617394447326660e-01
5.158716440200805664e-01
5.068848729133605957e-01
5.143467783927917480e-01
5.378333330154418945e-01
5.209734439849853516e-01
5.105574727058410645e-01
5.017360448837280273e-01
4.972690641880035400e-01
5.225593447685241699e-01
5.191850662231445312e-01
5.197331905364990234e-01
5.216631293296813965e-01
5.125374197959899902e-01
