1.000000000000000000e+00,2.025352478027343750e+00
5.610000000000000000e+02,7.283830046653747559e-01
1.123000000000000000e+03,6.367742419242858887e-01
1.685000000000000000e+03,5.507193803787231445e-01
2.247000000000000000e+03,4.154421091079711914e-01
2.809000000000000000e+03,3.428422510623931885e-01
3.371000000000000000e+03,3.367015421390533447e-01
3.933000000000000000e+03,2.592703104019165039e-01
4.495000000000000000e+03,2.649994194507598877e-01
5.057000000000000000e+03,2.310760468244552612e-01
5.619000000000000000e+03,2.786245346069335938e-01
6.181000000000000000e+03,2.094594538211822510e-01
6.743000000000000000e+03,2.130203843116760254e-01
7.305000000000000000e+03,1.574768424034118652e-01
7.867000000000000000e+03,1.533904224634170532e-01
8.429000000000000000e+03,1.881264895200729370e-01
8.991000000000000000e+03,1.653537154197692871e-01
9.553000000000000000e+03,1.225004494190216064e-01
1.011500000000000000e+04,1.513988375663757324e-01
1.067700000000000000e+04,1.224420368671417236e-01
1.123900000000000000e+04,1.692035645246505737e-01
1.180100000000000000e+04,1.413736194372177124e-01
1.236300000000000000e+04,1.333600580692291260e-01
1.292500000000000000e+04,1.476860344409942627e-01
1.348700000000000000e+04,8.948658406734466553e-02
1.404900000000000000e+04,8.032746613025665283e-02
1.461100000000000000e+04,1.238279119133949280e-01
