6.602543432613613766e-05,-1.104454906676913825e-03,-3.773902200417085257e-03,5.788641856576370566e-04,1.175732022637760072e-04,-3.967026993666739726e-04,-4.805705235431300066e-04,-9.801334881234075817e-04,-2.395067638304601738e-03,-1.196221046808947043e-03
9.994332283661329086e-01,4.109390007610098840e-04,-9.527464519268439040e-04,1.990600706897092866e-03,6.640410567086241049e-04,1.050468479806709703e-03,2.064513787296791587e-03,7.020508567852657431e-04,1.185616767237183738e-03,1.324673946341467165e-03
9.995078483513237799e-01,9.999999644423887002e-01,2.762236004829270609e-03,2.673889747388802363e-03,2.388676316259238149e-03,1.401377564629017244e-03,2.377788544265999060e-03,6.518298535991616169e-03,4.361522238067357116e-03,2.008581806807220160e-03
1.261545885891896283e-03,-1.206798232098580401e-03,-3.263041721143957428e-03,1.121593034993106442e-03,1.897627533696223862e-04,-6.787472778622765344e-04,1.569153409386633315e-03,-6.230441264425050189e-04,-3.026147197404746168e-04,6.647144994690760761e-04
1.760879331525618723e-03,-1.251472032386739559e-03,-4.043856235091549713e-03,2.012051578343197929e-03,1.554426126644674647e-04,-6.777838609276717625e-04,1.031594716967156912e-03,-1.114475287366601406e-03,-2.186937818674605013e-03,-1.113543525486508949e-04
3.117025299753353480e-03,2.803493415065379962e-04,-3.511236314832990885e-04,3.399679050476563970e-03,9.999650647339591858e-01,1.450948773253101171e-03,1.879899076569255039e-03,2.431044785038944268e-03,1.379535270856906441e-03,2.464941950258592741e-03
1.497407726285379138e-03,-2.900974594825016240e-03,-5.233936797549936480e-03,2.096777677880396970e-03,-1.046149716094762530e-05,-6.041218951078181597e-04,1.107850708377845165e-03,-7.260320859804870975e-04,-8.660680580825495150e-04,1.001930232016669851e-05
3.975247738329929642e-03,2.766446281071123720e-04,-1.415818142421032761e-03,3.330889707870082934e-03,1.487930355810332742e-03,2.040240662273995215e-03,9.999999988983571120e-01,1.068880442986737704e-03,1.552243338749892962e-03,2.854510996895943172e-03
4.959755831519517891e-03,1.455215026236095915e-03,1.116780405075560928e-03,4.092957499731985326e-03,4.550378294659097184e-02,1.814249286469513025e-03,2.774081275229678747e-03,9.999999995157620170e-01,3.366613768584220210e-03,3.583426993190453290e-03
3.459964304711472469e-03,-1.409559651565183433e-03,-3.461325015229688943e-03,9.966369610981164195e-04,2.026967757766424277e-04,-1.665861021862339230e-03,-3.089294422042632203e-05,-1.157962284221760721e-03,-1.724465022061405332e-03,-2.164195043663044206e-04
