1.000000000000000000e+00,8.872637748718261719e+00
5.610000000000000000e+02,8.500187397003173828e-01
1.123000000000000000e+03,7.728218436241149902e-01
1.685000000000000000e+03,7.318762540817260742e-01
2.247000000000000000e+03,7.148451805114746094e-01
2.809000000000000000e+03,6.385197639465332031e-01
3.371000000000000000e+03,6.158854961395263672e-01
3.933000000000000000e+03,4.854618310928344727e-01
4.495000000000000000e+03,4.273076057434082031e-01
5.057000000000000000e+03,4.021871387958526611e-01
5.619000000000000000e+03,3.873692154884338379e-01
6.181000000000000000e+03,3.360010385513305664e-01
6.743000000000000000e+03,3.759309053421020508e-01
7.305000000000000000e+03,3.328827321529388428e-01
7.867000000000000000e+03,3.361641466617584229e-01
8.429000000000000000e+03,3.278586864471435547e-01
8.991000000000000000e+03,3.236217498779296875e-01
9.553000000000000000e+03,2.894476056098937988e-01
1.011500000000000000e+04,2.747822105884552002e-01
1.067700000000000000e+04,1.851869523525238037e-01
1.123900000000000000e+04,2.440953403711318970e-01
1.180100000000000000e+04,2.635349929332733154e-01
1.236300000000000000e+04,2.627965807914733887e-01
1.292500000000000000e+04,2.470352053642272949e-01
1.348700000000000000e+04,2.086808830499649048e-01
1.404900000000000000e+04,2.026021480560302734e-01
1.461100000000000000e+04,2.076557576656341553e-01
