1.000000000000000000e+00,1.000838398933410645e+00
5.610000000000000000e+02,1.176598444581031799e-01
1.123000000000000000e+03,5.447305366396903992e-02
1.685000000000000000e+03,5.721573531627655029e-02
2.247000000000000000e+03,5.346456542611122131e-02
2.809000000000000000e+03,7.272685319185256958e-02
3.371000000000000000e+03,4.856679216027259827e-02
3.933000000000000000e+03,4.999776557087898254e-02
4.495000000000000000e+03,4.762377217411994934e-02
5.057000000000000000e+03,6.338311824947595596e-03
5.619000000000000000e+03,1.057226061820983887e-01
6.181000000000000000e+03,3.590479120612144470e-02
6.743000000000000000e+03,5.149644985795021057e-02
7.305000000000000000e+03,5.579838156700134277e-02
7.867000000000000000e+03,1.642630808055400848e-02
8.429000000000000000e+03,2.034638635814189911e-02
8.991000000000000000e+03,4.493765905499458313e-02
9.553000000000000000e+03,8.472802489995956421e-02
1.011500000000000000e+04,4.027476999908685684e-03
1.067700000000000000e+04,4.039354994893074036e-02
1.123900000000000000e+04,4.675764963030815125e-02
1.180100000000000000e+04,1.108447834849357605e-02
1.236300000000000000e+04,8.418578654527664185e-03
1.292500000000000000e+04,4.982954636216163635e-02
1.348700000000000000e+04,5.298632755875587463e-02
1.404900000000000000e+04,5.560417845845222473e-02
1.461100000000000000e+04,1.531903818249702454e-02
1.517300000000000000e+04,6.295961886644363403e-02
1.573500000000000000e+04,1.652452163398265839e-02
1.629700000000000000e+04,2.373858354985713959e-02
1.685900000000000000e+04,2.322344481945037842e-02
1.742100000000000000e+04,1.048169005662202835e-02
1.798300000000000000e+04,3.816910833120346069e-02
1.854500000000000000e+04,1.371592748910188675e-02
1.910700000000000000e+04,2.438873797655105591e-02
1.966900000000000000e+04,7.304893340915441513e-03
