1.000000000000000000e+00,1.070673584938049316e+00
5.610000000000000000e+02,2.808122336864471436e-01
1.123000000000000000e+03,2.689406871795654297e-01
1.685000000000000000e+03,2.322877794504165649e-01
2.247000000000000000e+03,2.058535367250442505e-01
2.809000000000000000e+03,1.975930333137512207e-01
3.371000000000000000e+03,1.951829046010971069e-01
3.933000000000000000e+03,1.873320788145065308e-01
4.495000000000000000e+03,1.569085866212844849e-01
5.057000000000000000e+03,1.290735155344009399e-01
5.619000000000000000e+03,1.878376454114913940e-01
6.181000000000000000e+03,1.280493438243865967e-01
6.743000000000000000e+03,9.840621799230575562e-02
7.305000000000000000e+03,1.281738728284835815e-01
7.867000000000000000e+03,5.366368591785430908e-02
8.429000000000000000e+03,6.500791758298873901e-02
8.991000000000000000e+03,7.386993616819381714e-02
9.553000000000000000e+03,9.078892320394515991e-02
1.011500000000000000e+04,7.141700014472007751e-03
1.067700000000000000e+04,5.429713055491447449e-02
1.123900000000000000e+04,7.421281188726425171e-02
1.180100000000000000e+04,1.066014822572469711e-02
1.236300000000000000e+04,5.846254993230104446e-03
1.292500000000000000e+04,6.268355250358581543e-02
1.348700000000000000e+04,6.766381114721298218e-02
1.404900000000000000e+04,6.237995624542236328e-02
1.461100000000000000e+04,2.588427998125553131e-02
1.517300000000000000e+04,5.305505916476249695e-02
1.573500000000000000e+04,4.564478620886802673e-02
1.629700000000000000e+04,3.590311110019683838e-02
1.685900000000000000e+04,2.926470153033733368e-02
1.742100000000000000e+04,3.767963498830795288e-02
1.798300000000000000e+04,3.229177743196487427e-02
1.854500000000000000e+04,3.081642277538776398e-02
1.910700000000000000e+04,1.076646521687507629e-02
1.966900000000000000e+04,3.751453384757041931e-02
