1.000000000000000000e+00,1.439382314682006836e+00
5.610000000000000000e+02,7.060759067535400391e-01
1.123000000000000000e+03,5.897473096847534180e-01
1.685000000000000000e+03,4.634174704551696777e-01
2.247000000000000000e+03,4.290634095668792725e-01
2.809000000000000000e+03,3.758780360221862793e-01
3.371000000000000000e+03,3.330905437469482422e-01
3.933000000000000000e+03,3.639308214187622070e-01
4.495000000000000000e+03,3.103308677673339844e-01
5.057000000000000000e+03,2.723163962364196777e-01
5.619000000000000000e+03,3.176364898681640625e-01
6.181000000000000000e+03,2.088142633438110352e-01
6.743000000000000000e+03,2.329844832420349121e-01
7.305000000000000000e+03,1.581030935049057007e-01
7.867000000000000000e+03,1.866878867149353027e-01
8.429000000000000000e+03,1.675410717725753784e-01
8.991000000000000000e+03,2.018340677022933960e-01
9.553000000000000000e+03,1.519570946693420410e-01
1.011500000000000000e+04,1.775693446397781372e-01
1.067700000000000000e+04,1.204911619424819946e-01
1.123900000000000000e+04,1.091105714440345764e-01
1.180100000000000000e+04,1.745486706495285034e-01
1.236300000000000000e+04,1.251418441534042358e-01
1.292500000000000000e+04,1.381161808967590332e-01
1.348700000000000000e+04,1.119978651404380798e-01
1.404900000000000000e+04,7.804895192384719849e-02
1.461100000000000000e+04,9.782249480485916138e-02
