1.000000000000000000e+00,4.981426239013671875e+00
1.124000000000000000e+03,7.213976979255676270e-01
2.249000000000000000e+03,4.185651242733001709e-01
3.374000000000000000e+03,3.644005060195922852e-01
4.499000000000000000e+03,2.860421240329742432e-01
5.624000000000000000e+03,2.539783418178558350e-01
6.749000000000000000e+03,2.000438719987869263e-01
7.874000000000000000e+03,1.884429454803466797e-01
8.999000000000000000e+03,2.360179275274276733e-01
1.012400000000000000e+04,1.969247311353683472e-01
1.124900000000000000e+04,2.326811552047729492e-01
1.237400000000000000e+04,1.941043436527252197e-01
1.349900000000000000e+04,1.500391960144042969e-01
1.462400000000000000e+04,1.199668496847152710e-01
1.574900000000000000e+04,1.474162638187408447e-01
1.687400000000000000e+04,1.098842546343803406e-01
1.799900000000000000e+04,1.632526367902755737e-01
1.912400000000000000e+04,1.023029312491416931e-01
