1.000000000000000000e+00,9.575380682945251465e-01
5.610000000000000000e+02,1.032855585217475891e-01
1.123000000000000000e+03,5.020529404282569885e-02
1.685000000000000000e+03,4.108753800392150879e-02
2.247000000000000000e+03,2.225881814956665039e-02
2.809000000000000000e+03,3.891159221529960632e-02
3.371000000000000000e+03,3.096087463200092316e-02
3.933000000000000000e+03,3.175596892833709717e-02
4.495000000000000000e+03,1.252634357661008835e-02
5.057000000000000000e+03,4.695494193583726883e-03
5.619000000000000000e+03,1.660392992198467255e-02
6.181000000000000000e+03,9.631804190576076508e-03
6.743000000000000000e+03,3.153559565544128418e-02
7.305000000000000000e+03,1.360244397073984146e-02
7.867000000000000000e+03,1.603613491170108318e-03
8.429000000000000000e+03,1.109636109322309494e-02
8.991000000000000000e+03,1.437736395746469498e-02
9.553000000000000000e+03,2.474852465093135834e-02
1.011500000000000000e+04,4.313546232879161835e-04
1.067700000000000000e+04,2.722585387527942657e-02
1.123900000000000000e+04,1.195437088608741760e-02
1.180100000000000000e+04,6.130383553681895137e-05
1.236300000000000000e+04,3.565249207895249128e-04
1.292500000000000000e+04,2.551673911511898041e-02
1.348700000000000000e+04,1.333539932966232300e-02
1.404900000000000000e+04,2.232524193823337555e-02
1.461100000000000000e+04,1.459235791116952896e-02
1.517300000000000000e+04,1.395767275243997574e-02
1.573500000000000000e+04,2.054747892543673515e-03
1.629700000000000000e+04,2.730867452919483185e-02
1.685900000000000000e+04,5.526366177946329117e-03
1.742100000000000000e+04,1.430346514098346233e-03
1.798300000000000000e+04,1.804556511342525482e-02
1.854500000000000000e+04,1.261765835806727409e-03
1.910700000000000000e+04,4.399458877742290497e-03
1.966900000000000000e+04,4.958910867571830750e-04
