1.000000000000000000e+00,3.059534549713134766e+00
5.610000000000000000e+02,7.848906517028808594e-01
1.123000000000000000e+03,6.715619564056396484e-01
1.685000000000000000e+03,5.763508677482604980e-01
2.247000000000000000e+03,4.485345482826232910e-01
2.809000000000000000e+03,3.859550952911376953e-01
3.371000000000000000e+03,3.082062005996704102e-01
3.933000000000000000e+03,3.208402991294860840e-01
4.495000000000000000e+03,2.652105689048767090e-01
5.057000000000000000e+03,2.172130644321441650e-01
5.619000000000000000e+03,2.321402579545974731e-01
6.181000000000000000e+03,2.602546513080596924e-01
6.743000000000000000e+03,2.300309240818023682e-01
7.305000000000000000e+03,1.804755330085754395e-01
7.867000000000000000e+03,1.715900152921676636e-01
8.429000000000000000e+03,1.873800903558731079e-01
8.991000000000000000e+03,2.059957981109619141e-01
9.553000000000000000e+03,1.587918847799301147e-01
1.011500000000000000e+04,2.155659943819046021e-01
1.067700000000000000e+04,1.548198908567428589e-01
1.123900000000000000e+04,1.226169019937515259e-01
1.180100000000000000e+04,2.037341892719268799e-01
1.236300000000000000e+04,1.376811414957046509e-01
1.292500000000000000e+04,1.693723648786544800e-01
1.348700000000000000e+04,9.469828009605407715e-02
1.404900000000000000e+04,9.866450726985931396e-02
1.461100000000000000e+04,1.999297589063644409e-01
