1.000000000000000000e+00,1.040989995002746582e+00
5.610000000000000000e+02,1.223506107926368713e-01
1.123000000000000000e+03,5.206701532006263733e-02
1.685000000000000000e+03,6.331885606050491333e-02
2.247000000000000000e+03,5.386270210146903992e-02
2.809000000000000000e+03,8.358948677778244019e-02
3.371000000000000000e+03,5.268282815814018250e-02
3.933000000000000000e+03,6.962776929140090942e-02
4.495000000000000000e+03,5.386239290237426758e-02
5.057000000000000000e+03,4.100829362869262695e-03
5.619000000000000000e+03,4.862567409873008728e-02
6.181000000000000000e+03,2.535031735897064209e-02
6.743000000000000000e+03,4.154312238097190857e-02
7.305000000000000000e+03,4.125022888183593750e-02
7.867000000000000000e+03,2.369979210197925568e-02
8.429000000000000000e+03,2.608356438577175140e-02
8.991000000000000000e+03,3.445155546069145203e-02
9.553000000000000000e+03,6.346177309751510620e-02
1.011500000000000000e+04,3.687770338729023933e-03
1.067700000000000000e+04,2.549513243138790131e-02
1.123900000000000000e+04,5.856375768780708313e-02
1.180100000000000000e+04,2.051108144223690033e-02
1.236300000000000000e+04,1.075062621384859085e-02
1.292500000000000000e+04,4.074887186288833618e-02
1.348700000000000000e+04,3.089863806962966919e-02
1.404900000000000000e+04,4.383831098675727844e-02
1.461100000000000000e+04,1.539517939090728760e-02
1.517300000000000000e+04,4.331006109714508057e-02
1.573500000000000000e+04,1.290657836943864822e-02
1.629700000000000000e+04,1.381712872534990311e-02
1.685900000000000000e+04,2.128998190164566040e-02
1.742100000000000000e+04,2.911511249840259552e-02
1.798300000000000000e+04,1.972468756139278412e-02
1.854500000000000000e+04,1.965138688683509827e-02
1.910700000000000000e+04,5.893498659133911133e-03
1.966900000000000000e+04,1.375717204064130783e-02
