1.000000000000000000e+00,9.540681242942810059e-01
5.610000000000000000e+02,1.581676751375198364e-01
1.123000000000000000e+03,7.318047434091567993e-02
1.685000000000000000e+03,5.670750513672828674e-02
2.247000000000000000e+03,6.021161749958992004e-02
2.809000000000000000e+03,6.589290499687194824e-02
3.371000000000000000e+03,5.817950889468193054e-02
3.933000000000000000e+03,8.110913634300231934e-02
4.495000000000000000e+03,4.718044400215148926e-02
5.057000000000000000e+03,1.104281377047300339e-02
5.619000000000000000e+03,8.979231119155883789e-02
6.181000000000000000e+03,2.992903627455234528e-02
6.743000000000000000e+03,7.760673761367797852e-02
7.305000000000000000e+03,5.177500844001770020e-02
7.867000000000000000e+03,2.875638939440250397e-02
8.429000000000000000e+03,2.513050287961959839e-02
8.991000000000000000e+03,6.178570911288261414e-02
9.553000000000000000e+03,7.902818918228149414e-02
1.011500000000000000e+04,1.637595333158969879e-02
1.067700000000000000e+04,5.663058161735534668e-02
1.123900000000000000e+04,8.145353943109512329e-02
1.180100000000000000e+04,1.662489771842956543e-02
1.236300000000000000e+04,7.033886853605508804e-03
1.292500000000000000e+04,4.683504626154899597e-02
1.348700000000000000e+04,6.034598127007484436e-02
1.404900000000000000e+04,8.367001265287399292e-02
1.461100000000000000e+04,1.022524666041135788e-02
1.517300000000000000e+04,4.906699061393737793e-02
1.573500000000000000e+04,3.565486893057823181e-02
1.629700000000000000e+04,3.429377451539039612e-02
1.685900000000000000e+04,4.083678498864173889e-02
1.742100000000000000e+04,5.445453524589538574e-02
1.798300000000000000e+04,2.136750705540180206e-02
1.854500000000000000e+04,3.848157078027725220e-02
1.910700000000000000e+04,9.648649953305721283e-03
1.966900000000000000e+04,5.632983148097991943e-02
