1.000000000000000000e+00,1.656664013862609863e+00
5.610000000000000000e+02,7.098101377487182617e-01
1.123000000000000000e+03,6.270391941070556641e-01
1.685000000000000000e+03,5.638588666915893555e-01
2.247000000000000000e+03,4.761301875114440918e-01
2.809000000000000000e+03,4.479478597640991211e-01
3.371000000000000000e+03,4.180704355239868164e-01
3.933000000000000000e+03,3.550187647342681885e-01
4.495000000000000000e+03,3.647068440914154053e-01
5.057000000000000000e+03,3.164423108100891113e-01
5.619000000000000000e+03,3.444274365901947021e-01
6.181000000000000000e+03,2.824703156948089600e-01
6.743000000000000000e+03,3.096276223659515381e-01
7.305000000000000000e+03,2.350372672080993652e-01
7.867000000000000000e+03,2.758728861808776855e-01
8.429000000000000000e+03,2.428450286388397217e-01
8.991000000000000000e+03,2.615201771259307861e-01
9.553000000000000000e+03,2.604190707206726074e-01
1.011500000000000000e+04,2.763755619525909424e-01
1.067700000000000000e+04,1.701924055814743042e-01
1.123900000000000000e+04,2.069753557443618774e-01
1.180100000000000000e+04,2.368611991405487061e-01
1.236300000000000000e+04,2.148555517196655273e-01
1.292500000000000000e+04,2.115403860807418823e-01
1.348700000000000000e+04,1.919082999229431152e-01
1.404900000000000000e+04,1.407038271427154541e-01
1.461100000000000000e+04,1.852198541164398193e-01
