1.000000000000000000e+00,1.563198328018188477e+00
5.610000000000000000e+02,7.442396879196166992e-01
1.123000000000000000e+03,6.543792486190795898e-01
1.685000000000000000e+03,4.881262183189392090e-01
2.247000000000000000e+03,3.712289631366729736e-01
2.809000000000000000e+03,3.594000339508056641e-01
3.371000000000000000e+03,3.002797365188598633e-01
3.933000000000000000e+03,2.918539047241210938e-01
4.495000000000000000e+03,2.686060070991516113e-01
5.057000000000000000e+03,2.707756757736206055e-01
5.619000000000000000e+03,2.875032722949981689e-01
6.181000000000000000e+03,2.134962677955627441e-01
6.743000000000000000e+03,2.299858927726745605e-01
7.305000000000000000e+03,1.884526312351226807e-01
7.867000000000000000e+03,1.893218606710433960e-01
8.429000000000000000e+03,2.191967964172363281e-01
8.991000000000000000e+03,1.731982231140136719e-01
9.553000000000000000e+03,1.646264642477035522e-01
1.011500000000000000e+04,1.727710068225860596e-01
1.067700000000000000e+04,1.342942863702774048e-01
1.123900000000000000e+04,1.367287635803222656e-01
1.180100000000000000e+04,1.954714357852935791e-01
1.236300000000000000e+04,9.503775835037231445e-02
1.292500000000000000e+04,1.132326126098632812e-01
1.348700000000000000e+04,1.166072189807891846e-01
1.404900000000000000e+04,6.689661741256713867e-02
1.461100000000000000e+04,1.322467625141143799e-01
