1.000000000000000000e+00,4.828994274139404297e+00
5.610000000000000000e+02,7.762492299079895020e-01
1.123000000000000000e+03,7.328550219535827637e-01
1.685000000000000000e+03,6.464407444000244141e-01
2.247000000000000000e+03,5.812532901763916016e-01
2.809000000000000000e+03,4.991088807582855225e-01
3.371000000000000000e+03,4.224115014076232910e-01
3.933000000000000000e+03,4.462091624736785889e-01
4.495000000000000000e+03,4.456337392330169678e-01
5.057000000000000000e+03,3.925978243350982666e-01
5.619000000000000000e+03,3.804620504379272461e-01
6.181000000000000000e+03,3.827354013919830322e-01
6.743000000000000000e+03,4.016749262809753418e-01
7.305000000000000000e+03,3.176909685134887695e-01
7.867000000000000000e+03,3.431261479854583740e-01
8.429000000000000000e+03,3.487341701984405518e-01
8.991000000000000000e+03,3.361984193325042725e-01
9.553000000000000000e+03,2.772211432456970215e-01
1.011500000000000000e+04,3.102676868438720703e-01
1.067700000000000000e+04,2.114126682281494141e-01
1.123900000000000000e+04,2.740197181701660156e-01
1.180100000000000000e+04,2.606833577156066895e-01
1.236300000000000000e+04,3.005033731460571289e-01
1.292500000000000000e+04,2.767829596996307373e-01
1.348700000000000000e+04,2.427769005298614502e-01
1.404900000000000000e+04,2.168469876050949097e-01
1.461100000000000000e+04,2.782118320465087891e-01
