1.000000000000000000e+00,6.727423667907714844e+00
5.610000000000000000e+02,8.327860832214355469e-01
1.123000000000000000e+03,6.870025396347045898e-01
1.685000000000000000e+03,6.610326766967773438e-01
2.247000000000000000e+03,6.200891137123107910e-01
2.809000000000000000e+03,5.362213850021362305e-01
3.371000000000000000e+03,5.019050836563110352e-01
3.933000000000000000e+03,4.361729621887207031e-01
4.495000000000000000e+03,3.551768362522125244e-01
5.057000000000000000e+03,2.755687236785888672e-01
5.619000000000000000e+03,2.621749341487884521e-01
6.181000000000000000e+03,2.662200927734375000e-01
6.743000000000000000e+03,2.456322610378265381e-01
7.305000000000000000e+03,1.702316701412200928e-01
7.867000000000000000e+03,1.805749833583831787e-01
8.429000000000000000e+03,2.346927076578140259e-01
8.991000000000000000e+03,2.014565169811248779e-01
9.553000000000000000e+03,1.996692717075347900e-01
1.011500000000000000e+04,1.632875353097915649e-01
1.067700000000000000e+04,9.421351552009582520e-02
1.123900000000000000e+04,1.168787255883216858e-01
1.180100000000000000e+04,1.489921957254409790e-01
1.236300000000000000e+04,1.777135729789733887e-01
1.292500000000000000e+04,1.430611014366149902e-01
1.348700000000000000e+04,1.045392006635665894e-01
1.404900000000000000e+04,1.238619387149810791e-01
1.461100000000000000e+04,1.510568857192993164e-01
