1.000000000000000000e+00,9.844226837158203125e-01
5.610000000000000000e+02,9.197214245796203613e-02
1.123000000000000000e+03,6.068770959973335266e-02
1.685000000000000000e+03,6.571426242589950562e-02
2.247000000000000000e+03,5.176183953881263733e-02
2.809000000000000000e+03,8.356835693120956421e-02
3.371000000000000000e+03,4.689333960413932800e-02
3.933000000000000000e+03,8.358758687973022461e-02
4.495000000000000000e+03,5.414091423153877258e-02
5.057000000000000000e+03,4.219959955662488937e-03
5.619000000000000000e+03,6.321252137422561646e-02
6.181000000000000000e+03,3.444273769855499268e-02
6.743000000000000000e+03,5.242861434817314148e-02
7.305000000000000000e+03,5.705150961875915527e-02
7.867000000000000000e+03,3.295078501105308533e-02
8.429000000000000000e+03,4.319905862212181091e-02
8.991000000000000000e+03,6.478243321180343628e-02
9.553000000000000000e+03,7.363415509462356567e-02
1.011500000000000000e+04,1.862476579844951630e-03
1.067700000000000000e+04,5.389361083507537842e-02
1.123900000000000000e+04,4.839644208550453186e-02
1.180100000000000000e+04,1.185646653175354004e-02
1.236300000000000000e+04,1.304726302623748779e-02
1.292500000000000000e+04,4.460006952285766602e-02
1.348700000000000000e+04,5.095121636986732483e-02
1.404900000000000000e+04,9.022755175828933716e-02
1.461100000000000000e+04,2.381788939237594604e-02
1.517300000000000000e+04,4.325455799698829651e-02
1.573500000000000000e+04,4.215860739350318909e-02
1.629700000000000000e+04,3.557980433106422424e-02
1.685900000000000000e+04,2.387822605669498444e-02
1.742100000000000000e+04,3.143557161092758179e-02
1.798300000000000000e+04,2.908753603696823120e-02
1.854500000000000000e+04,2.196127176284790039e-02
1.910700000000000000e+04,6.983028259128332138e-03
1.966900000000000000e+04,2.162031829357147217e-02
