1.000000000000000000e+00,5.691274642944335938e+00
5.610000000000000000e+02,7.662850618362426758e-01
1.123000000000000000e+03,7.518744468688964844e-01
1.685000000000000000e+03,6.779893636703491211e-01
2.247000000000000000e+03,6.153432130813598633e-01
2.809000000000000000e+03,5.416748523712158203e-01
3.371000000000000000e+03,4.817987680435180664e-01
3.933000000000000000e+03,4.711084663867950439e-01
4.495000000000000000e+03,3.947553038597106934e-01
5.057000000000000000e+03,3.890165686607360840e-01
5.619000000000000000e+03,3.600446879863739014e-01
6.181000000000000000e+03,2.837592661380767822e-01
6.743000000000000000e+03,2.805209159851074219e-01
7.305000000000000000e+03,2.544406056404113770e-01
7.867000000000000000e+03,2.333134710788726807e-01
8.429000000000000000e+03,1.983343064785003662e-01
8.991000000000000000e+03,2.612476050853729248e-01
9.553000000000000000e+03,2.022536545991897583e-01
1.011500000000000000e+04,2.413035184144973755e-01
1.067700000000000000e+04,1.710001528263092041e-01
1.123900000000000000e+04,1.664516925811767578e-01
1.180100000000000000e+04,2.303407937288284302e-01
1.236300000000000000e+04,2.087143212556838989e-01
1.292500000000000000e+04,1.688504219055175781e-01
1.348700000000000000e+04,1.397793292999267578e-01
1.404900000000000000e+04,1.288430243730545044e-01
1.461100000000000000e+04,1.787928938865661621e-01
