9.899532794952392578e-01
6.801069378852844238e-01
6.590105295181274414e-01
6.416047811508178711e-01
6.223035454750061035e-01
6.108683347702026367e-01
5.919145941734313965e-01
5.756724476814270020e-01
5.484650731086730957e-01
5.393868088722229004e-01
5.338665843009948730e-01
5.294297933578491211e-01
5.264167785644531250e-01
5.224837064743041992e-01
5.193955302238464355e-01
5.168027281761169434e-01
5.144621133804321289e-01
5.127254128456115723e-01
5.100149512290954590e-01
5.071695446968078613e-01
5.052491426467895508e-01
5.032531619071960449e-01
5.020610690116882324e-01
5.005759596824645996e-01
4.996484816074371338e-01
4.984379112720489502e-01
4.977272450923919678e-01
4.973942935466766357e-01
4.969450533390045166e-01
4.966832101345062256e-01
4.960289001464843750e-01
4.959457218647003174e-01
4.957267940044403076e-01
4.959774017333984375e-01
4.953160583972930908e-01
4.959683716297149658e-01
