9.945085048675537109e-01
6.671293377876281738e-01
6.305295825004577637e-01
5.898292660713195801e-01
6.052914261817932129e-01
5.752119421958923340e-01
5.517925620079040527e-01
5.430796742439270020e-01
5.549429059028625488e-01
5.382807850837707520e-01
5.541318655014038086e-01
5.149276852607727051e-01
5.359768271446228027e-01
5.115348696708679199e-01
5.077850222587585449e-01
5.138425230979919434e-01
5.095099806785583496e-01
5.154981613159179688e-01
4.989269971847534180e-01
5.140483975410461426e-01
5.120519995689392090e-01
5.110998153686523438e-01
5.100196003913879395e-01
4.997875690460205078e-01
4.958852529525756836e-01
5.060551166534423828e-01
5.148504972457885742e-01
4.989254176616668701e-01
5.091918110847473145e-01
4.987652301788330078e-01
4.995141327381134033e-01
5.098782181739807129e-01
4.973907172679901123e-01
4.961107075214385986e-01
4.888316392898559570e-01
4.965204298496246338e-01
