1.059026598930358887e+00
6.620097160339355469e-01
6.168953180313110352e-01
5.928308963775634766e-01
5.846316218376159668e-01
5.706235766410827637e-01
5.650302171707153320e-01
5.612862706184387207e-01
5.602054595947265625e-01
5.588750839233398438e-01
5.575548410415649414e-01
5.566464066505432129e-01
5.549001693725585938e-01
5.526887178421020508e-01
5.507854819297790527e-01
5.493686795234680176e-01
5.482137799263000488e-01
5.469340682029724121e-01
5.456169247627258301e-01
5.449158549308776855e-01
5.445305109024047852e-01
5.439563393592834473e-01
5.433433651924133301e-01
5.427305698394775391e-01
5.423206686973571777e-01
5.420318245887756348e-01
5.413951277732849121e-01
5.406811833381652832e-01
5.402844548225402832e-01
5.398557186126708984e-01
5.394598245620727539e-01
5.391953587532043457e-01
5.390554666519165039e-01
5.386272072792053223e-01
5.381109714508056641e-01
5.387195944786071777e-01
