1.063401818275451660e+00
6.346234679222106934e-01
6.624417901039123535e-01
6.104249954223632812e-01
6.031270623207092285e-01
5.835129618644714355e-01
5.587520003318786621e-01
5.498640537261962891e-01
5.742347836494445801e-01
5.493112802505493164e-01
5.603751540184020996e-01
5.502202510833740234e-01
5.780693888664245605e-01
5.749044418334960938e-01
5.318889021873474121e-01
5.566661953926086426e-01
5.672620534896850586e-01
5.497230887413024902e-01
5.452798008918762207e-01
5.524002313613891602e-01
5.554279685020446777e-01
5.512635707855224609e-01
5.552578568458557129e-01
5.557842850685119629e-01
5.527327060699462891e-01
5.308879017829895020e-01
5.352437496185302734e-01
5.344714522361755371e-01
5.481609702110290527e-01
5.492616891860961914e-01
5.433184504508972168e-01
5.565895438194274902e-01
5.505539774894714355e-01
5.622180104255676270e-01
5.667427182197570801e-01
5.345446467399597168e-01
