1.000000000000000000e+00,2.870907068252563477e+00
1.124000000000000000e+03,6.606220006942749023e-01
2.249000000000000000e+03,3.979967534542083740e-01
3.374000000000000000e+03,3.027809858322143555e-01
4.499000000000000000e+03,2.032991349697113037e-01
5.624000000000000000e+03,1.871048659086227417e-01
6.749000000000000000e+03,1.108607947826385498e-01
7.874000000000000000e+03,1.363595873117446899e-01
8.999000000000000000e+03,2.024593949317932129e-01
1.012400000000000000e+04,1.257401406764984131e-01
1.124900000000000000e+04,1.737992763519287109e-01
1.237400000000000000e+04,1.513333618640899658e-01
1.349900000000000000e+04,1.158557906746864319e-01
1.462400000000000000e+04,1.366974413394927979e-01
1.574900000000000000e+04,1.421173512935638428e-01
1.687400000000000000e+04,1.239938363432884216e-01
1.799900000000000000e+04,1.382003426551818848e-01
1.912400000000000000e+04,1.214055344462394714e-01
