1.000000000000000000e+00,9.859318137168884277e-01
5.610000000000000000e+02,8.754312247037887573e-02
1.123000000000000000e+03,6.668489426374435425e-02
1.685000000000000000e+03,4.643709957599639893e-02
2.247000000000000000e+03,6.252231448888778687e-02
2.809000000000000000e+03,6.551127880811691284e-02
3.371000000000000000e+03,4.879748821258544922e-02
3.933000000000000000e+03,6.850633770227432251e-02
4.495000000000000000e+03,4.782358184456825256e-02
5.057000000000000000e+03,1.608055271208286285e-02
5.619000000000000000e+03,6.595160812139511108e-02
6.181000000000000000e+03,1.510169636458158493e-02
6.743000000000000000e+03,5.561589822173118591e-02
7.305000000000000000e+03,5.974796786904335022e-02
7.867000000000000000e+03,2.729015238583087921e-02
8.429000000000000000e+03,2.030258625745773315e-02
8.991000000000000000e+03,5.419595912098884583e-02
9.553000000000000000e+03,5.908869579434394836e-02
1.011500000000000000e+04,5.441654473543167114e-03
1.067700000000000000e+04,5.081172659993171692e-02
1.123900000000000000e+04,6.179878488183021545e-02
1.180100000000000000e+04,1.976308412849903107e-02
1.236300000000000000e+04,1.481603365391492844e-02
1.292500000000000000e+04,4.873208329081535339e-02
1.348700000000000000e+04,6.706237047910690308e-02
1.404900000000000000e+04,5.739937722682952881e-02
1.461100000000000000e+04,3.239137306809425354e-02
1.517300000000000000e+04,3.143768012523651123e-02
1.573500000000000000e+04,5.101201310753822327e-02
1.629700000000000000e+04,1.513246074318885803e-02
1.685900000000000000e+04,3.534115850925445557e-02
1.742100000000000000e+04,4.776096716523170471e-02
1.798300000000000000e+04,1.956838928163051605e-02
1.854500000000000000e+04,2.482893131673336029e-02
1.910700000000000000e+04,1.907925494015216827e-02
1.966900000000000000e+04,1.293748896569013596e-02
