1.000000000000000000e+00,1.012926816940307617e+00
5.610000000000000000e+02,2.494390606880187988e-01
1.123000000000000000e+03,2.225340753793716431e-01
1.685000000000000000e+03,1.749865263700485229e-01
2.247000000000000000e+03,1.372612565755844116e-01
2.809000000000000000e+03,1.521380692720413208e-01
3.371000000000000000e+03,1.687635183334350586e-01
3.933000000000000000e+03,1.716604828834533691e-01
4.495000000000000000e+03,1.455879658460617065e-01
5.057000000000000000e+03,1.257819980382919312e-01
5.619000000000000000e+03,1.816716939210891724e-01
6.181000000000000000e+03,1.275229007005691528e-01
6.743000000000000000e+03,1.405858993530273438e-01
7.305000000000000000e+03,1.499865055084228516e-01
7.867000000000000000e+03,1.188372075557708740e-01
8.429000000000000000e+03,1.361407637596130371e-01
8.991000000000000000e+03,1.380454450845718384e-01
9.553000000000000000e+03,1.648104637861251831e-01
1.011500000000000000e+04,9.260237962007522583e-02
1.067700000000000000e+04,1.274160593748092651e-01
1.123900000000000000e+04,1.639131605625152588e-01
1.180100000000000000e+04,1.098533570766448975e-01
1.236300000000000000e+04,1.138933673501014709e-01
1.292500000000000000e+04,1.333615928888320923e-01
1.348700000000000000e+04,1.280899494886398315e-01
1.404900000000000000e+04,1.400924026966094971e-01
1.461100000000000000e+04,1.183663383126258850e-01
1.517300000000000000e+04,1.112467050552368164e-01
1.573500000000000000e+04,1.101378202438354492e-01
1.629700000000000000e+04,1.139131709933280945e-01
1.685900000000000000e+04,1.084471121430397034e-01
1.742100000000000000e+04,1.199567094445228577e-01
1.798300000000000000e+04,1.241222620010375977e-01
1.854500000000000000e+04,1.033854708075523376e-01
1.910700000000000000e+04,9.968694299459457397e-02
1.966900000000000000e+04,1.362343281507492065e-01
