1.027678608894348145e+00
2.669396400451660156e-01
1.109667047858238220e-01
8.221827447414398193e-02
7.108218967914581299e-02
6.529707461595535278e-02
6.161550804972648621e-02
5.985127389430999756e-02
5.760197713971138000e-02
5.553307756781578064e-02
5.276760458946228027e-02
5.016477406024932861e-02
4.423213377594947815e-02
3.729410842061042786e-02
3.489242866635322571e-02
3.284059092402458191e-02
3.109986893832683563e-02
2.843457646667957306e-02
2.794194035232067108e-02
2.741603367030620575e-02
2.652024663984775543e-02
2.694675885140895844e-02
2.721900679171085358e-02
2.669871598482131958e-02
2.719635516405105591e-02
2.758208848536014557e-02
2.751850523054599762e-02
