1.000000000000000000e+00,1.058011174201965332e+00
5.610000000000000000e+02,1.636700779199600220e-01
1.123000000000000000e+03,6.215009093284606934e-02
1.685000000000000000e+03,5.231073498725891113e-02
2.247000000000000000e+03,2.871277183294296265e-02
2.809000000000000000e+03,2.948260493576526642e-02
3.371000000000000000e+03,3.102051280438899994e-02
3.933000000000000000e+03,3.082909435033798218e-02
4.495000000000000000e+03,3.416767343878746033e-02
5.057000000000000000e+03,3.591258777305483818e-03
5.619000000000000000e+03,2.768771164119243622e-02
6.181000000000000000e+03,9.779960848391056061e-03
6.743000000000000000e+03,4.809121787548065186e-02
7.305000000000000000e+03,1.170858275145292282e-02
7.867000000000000000e+03,2.417752752080559731e-03
8.429000000000000000e+03,1.229218021035194397e-02
8.991000000000000000e+03,1.411673426628112793e-02
9.553000000000000000e+03,3.153630718588829041e-02
1.011500000000000000e+04,7.243080181069672108e-04
1.067700000000000000e+04,3.956333920359611511e-02
1.123900000000000000e+04,3.080385178327560425e-02
1.180100000000000000e+04,2.607783535495400429e-04
1.236300000000000000e+04,1.822645030915737152e-02
1.292500000000000000e+04,2.206589467823505402e-02
1.348700000000000000e+04,2.742108143866062164e-02
1.404900000000000000e+04,2.524475753307342529e-02
1.461100000000000000e+04,5.804194137454032898e-03
1.517300000000000000e+04,1.142559200525283813e-02
1.573500000000000000e+04,2.105462737381458282e-02
1.629700000000000000e+04,2.080797031521797180e-02
1.685900000000000000e+04,5.206867586821317673e-03
1.742100000000000000e+04,1.842846535146236420e-02
1.798300000000000000e+04,1.641931827180087566e-03
1.854500000000000000e+04,9.595972951501607895e-04
1.910700000000000000e+04,2.908273017965257168e-05
1.966900000000000000e+04,1.531765446998178959e-03
