1.000000000000000000e+00,9.042463302612304688e-01
5.610000000000000000e+02,9.451910108327865601e-02
1.123000000000000000e+03,6.877774745225906372e-02
1.685000000000000000e+03,4.884148761630058289e-02
2.247000000000000000e+03,6.671611964702606201e-02
2.809000000000000000e+03,9.484097361564636230e-02
3.371000000000000000e+03,7.401051372289657593e-02
3.933000000000000000e+03,7.391504198312759399e-02
4.495000000000000000e+03,5.660325288772583008e-02
5.057000000000000000e+03,4.609055351465940475e-03
5.619000000000000000e+03,9.246608614921569824e-02
6.181000000000000000e+03,4.353890940546989441e-02
6.743000000000000000e+03,7.210811227560043335e-02
7.305000000000000000e+03,6.149799749255180359e-02
7.867000000000000000e+03,3.406661376357078552e-02
8.429000000000000000e+03,4.043164476752281189e-02
8.991000000000000000e+03,6.580463796854019165e-02
9.553000000000000000e+03,8.286712318658828735e-02
1.011500000000000000e+04,1.072325627319514751e-03
1.067700000000000000e+04,5.646136403083801270e-02
1.123900000000000000e+04,4.223710298538208008e-02
1.180100000000000000e+04,1.122853253036737442e-02
1.236300000000000000e+04,1.019830722361803055e-02
1.292500000000000000e+04,6.044076755642890930e-02
1.348700000000000000e+04,3.661349043250083923e-02
1.404900000000000000e+04,5.081913247704505920e-02
1.461100000000000000e+04,3.337061405181884766e-02
1.517300000000000000e+04,3.349396958947181702e-02
1.573500000000000000e+04,1.834087260067462921e-02
1.629700000000000000e+04,2.751022763550281525e-02
1.685900000000000000e+04,3.068780899047851562e-02
1.742100000000000000e+04,5.500460788607597351e-02
1.798300000000000000e+04,2.365706302225589752e-02
1.854500000000000000e+04,1.955049857497215271e-02
1.910700000000000000e+04,1.846013031899929047e-02
1.966900000000000000e+04,2.746922522783279419e-02
