1.000000000000000000e+00,2.175813913345336914e+00
1.124000000000000000e+03,5.307826399803161621e-01
2.249000000000000000e+03,2.715652287006378174e-01
3.374000000000000000e+03,1.975091397762298584e-01
4.499000000000000000e+03,1.644594222307205200e-01
5.624000000000000000e+03,1.672979593276977539e-01
6.749000000000000000e+03,9.167479723691940308e-02
7.874000000000000000e+03,9.883039444684982300e-02
8.999000000000000000e+03,1.104056835174560547e-01
1.012400000000000000e+04,8.237166702747344971e-02
1.124900000000000000e+04,1.448767185211181641e-01
1.237400000000000000e+04,9.907203912734985352e-02
1.349900000000000000e+04,9.876574575901031494e-02
1.462400000000000000e+04,9.601845592260360718e-02
1.574900000000000000e+04,1.176968812942504883e-01
1.687400000000000000e+04,6.634737551212310791e-02
1.799900000000000000e+04,1.066041961312294006e-01
1.912400000000000000e+04,7.676022499799728394e-02
