1.000000000000000000e+00,4.013737678527832031e+00
5.610000000000000000e+02,7.913230657577514648e-01
1.123000000000000000e+03,7.035169601440429688e-01
1.685000000000000000e+03,5.889240503311157227e-01
2.247000000000000000e+03,5.050557851791381836e-01
2.809000000000000000e+03,4.356842041015625000e-01
3.371000000000000000e+03,3.995797038078308105e-01
3.933000000000000000e+03,3.772511482238769531e-01
4.495000000000000000e+03,3.936122655868530273e-01
5.057000000000000000e+03,3.384361267089843750e-01
5.619000000000000000e+03,3.414078652858734131e-01
6.181000000000000000e+03,3.000531494617462158e-01
6.743000000000000000e+03,3.091622292995452881e-01
7.305000000000000000e+03,2.564820051193237305e-01
7.867000000000000000e+03,2.560963332653045654e-01
8.429000000000000000e+03,2.661489546298980713e-01
8.991000000000000000e+03,2.938260138034820557e-01
9.553000000000000000e+03,2.032774537801742554e-01
1.011500000000000000e+04,1.788569986820220947e-01
1.067700000000000000e+04,1.275405883789062500e-01
1.123900000000000000e+04,1.766518056392669678e-01
1.180100000000000000e+04,1.934862881898880005e-01
1.236300000000000000e+04,2.079046368598937988e-01
1.292500000000000000e+04,1.569768637418746948e-01
1.348700000000000000e+04,1.820330023765563965e-01
1.404900000000000000e+04,1.728254556655883789e-01
1.461100000000000000e+04,2.241000831127166748e-01
