1.000000000000000000e+00,4.737357139587402344e+00
5.610000000000000000e+02,7.778585553169250488e-01
1.123000000000000000e+03,7.035013437271118164e-01
1.685000000000000000e+03,6.279052495956420898e-01
2.247000000000000000e+03,5.672810077667236328e-01
2.809000000000000000e+03,4.223476350307464600e-01
3.371000000000000000e+03,3.679770827293395996e-01
3.933000000000000000e+03,2.987743020057678223e-01
4.495000000000000000e+03,2.992730438709259033e-01
5.057000000000000000e+03,2.661634087562561035e-01
5.619000000000000000e+03,3.137259483337402344e-01
6.181000000000000000e+03,2.349260151386260986e-01
6.743000000000000000e+03,2.743068933486938477e-01
7.305000000000000000e+03,2.073891907930374146e-01
7.867000000000000000e+03,2.487041950225830078e-01
8.429000000000000000e+03,2.203034311532974243e-01
8.991000000000000000e+03,1.976204812526702881e-01
9.553000000000000000e+03,1.754468083381652832e-01
1.011500000000000000e+04,1.597398519515991211e-01
1.067700000000000000e+04,1.331754922866821289e-01
1.123900000000000000e+04,1.347968280315399170e-01
1.180100000000000000e+04,1.573320031166076660e-01
1.236300000000000000e+04,1.830779016017913818e-01
1.292500000000000000e+04,1.348648667335510254e-01
1.348700000000000000e+04,1.013152152299880981e-01
1.404900000000000000e+04,1.302445828914642334e-01
1.461100000000000000e+04,1.210696622729301453e-01
