1.056378483772277832e+00
6.764299273490905762e-01
6.352208852767944336e-01
5.726886987686157227e-01
5.441233515739440918e-01
5.322401523590087891e-01
5.188390612602233887e-01
5.114417672157287598e-01
5.089610219001770020e-01
5.072286128997802734e-01
5.062375664710998535e-01
5.059200525283813477e-01
5.059111714363098145e-01
5.062614083290100098e-01
5.064661502838134766e-01
5.071995258331298828e-01
5.071865320205688477e-01
5.070916414260864258e-01
5.072600841522216797e-01
5.078641176223754883e-01
5.080146193504333496e-01
5.081453323364257812e-01
5.083705782890319824e-01
5.086042284965515137e-01
5.084962248802185059e-01
5.085855722427368164e-01
5.087208747863769531e-01
5.087168812751770020e-01
5.086602568626403809e-01
5.087155699729919434e-01
5.084189772605895996e-01
5.084630250930786133e-01
5.080807209014892578e-01
5.080980062484741211e-01
5.079771876335144043e-01
5.078890919685363770e-01
