1.076610922813415527e+00
6.700491905212402344e-01
6.619972586631774902e-01
5.852079987525939941e-01
5.390453934669494629e-01
5.361603498458862305e-01
5.247542262077331543e-01
5.202570557594299316e-01
5.134738683700561523e-01
5.037713050842285156e-01
5.107513666152954102e-01
4.994062483310699463e-01
5.152627229690551758e-01
5.021768212318420410e-01
4.991106986999511719e-01
5.072055459022521973e-01
5.102098584175109863e-01
5.060113072395324707e-01
5.027733445167541504e-01
5.060538649559020996e-01
5.030760169029235840e-01
4.961071312427520752e-01
5.009787678718566895e-01
4.977421760559082031e-01
4.991236925125122070e-01
4.953780174255371094e-01
5.060688257217407227e-01
4.957027733325958252e-01
5.026581287384033203e-01
4.950302541255950928e-01
4.952473640441894531e-01
5.027925372123718262e-01
5.012306571006774902e-01
4.980144500732421875e-01
5.027264952659606934e-01
5.065617561340332031e-01
