9.600846171379089355e-01
6.617614626884460449e-01
6.055670380592346191e-01
5.691515803337097168e-01
5.576577782630920410e-01
5.503976941108703613e-01
5.436550974845886230e-01
5.385203361511230469e-01
5.355107188224792480e-01
5.343895554542541504e-01
5.325545668601989746e-01
5.299491882324218750e-01
5.260804295539855957e-01
5.237885117530822754e-01
5.198432207107543945e-01
5.146084427833557129e-01
5.118797421455383301e-01
5.108678936958312988e-01
5.110859274864196777e-01
5.104165077209472656e-01
5.074984431266784668e-01
5.049474835395812988e-01
5.027415156364440918e-01
5.014135241508483887e-01
4.999802410602569580e-01
4.991628825664520264e-01
4.989931285381317139e-01
4.992558658123016357e-01
4.997028410434722900e-01
4.992386400699615479e-01
4.989577531814575195e-01
4.983231723308563232e-01
4.979998767375946045e-01
4.975410997867584229e-01
4.975846707820892334e-01
4.973634779453277588e-01
