9.697032570838928223e-01
6.628549695014953613e-01
6.019011139869689941e-01
6.045072078704833984e-01
5.597287416458129883e-01
5.481882691383361816e-01
5.455220341682434082e-01
5.828972458839416504e-01
5.620115399360656738e-01
5.346412062644958496e-01
5.204672217369079590e-01
5.500963330268859863e-01
5.667933821678161621e-01
5.479174256324768066e-01
5.342750549316406250e-01
5.633295774459838867e-01
5.541853904724121094e-01
5.394950509071350098e-01
5.258474946022033691e-01
5.393490195274353027e-01
5.402892231941223145e-01
5.130532383918762207e-01
5.309261679649353027e-01
5.130102634429931641e-01
5.343298316001892090e-01
5.177130699157714844e-01
5.280550718307495117e-01
4.996654093265533447e-01
5.140624642372131348e-01
5.158517360687255859e-01
4.975580871105194092e-01
5.126100182533264160e-01
5.064831376075744629e-01
5.135691761970520020e-01
5.112151503562927246e-01
5.030412673950195312e-01
