1.000000000000000000e+00,9.948690533638000488e-01
5.610000000000000000e+02,9.814569354057312012e-02
1.123000000000000000e+03,5.512901768088340759e-02
1.685000000000000000e+03,4.955110326409339905e-02
2.247000000000000000e+03,6.965314596891403198e-02
2.809000000000000000e+03,7.678353041410446167e-02
3.371000000000000000e+03,6.705523282289505005e-02
3.933000000000000000e+03,9.134613722562789917e-02
4.495000000000000000e+03,5.148298665881156921e-02
5.057000000000000000e+03,5.340940784662961960e-03
5.619000000000000000e+03,6.215366721153259277e-02
6.181000000000000000e+03,4.357194900512695312e-02
6.743000000000000000e+03,7.433200627565383911e-02
7.305000000000000000e+03,6.200359389185905457e-02
7.867000000000000000e+03,2.392089925706386566e-02
8.429000000000000000e+03,2.184273488819599152e-02
8.991000000000000000e+03,6.717679649591445923e-02
9.553000000000000000e+03,7.672628015279769897e-02
1.011500000000000000e+04,6.819888483732938766e-03
1.067700000000000000e+04,6.354030966758728027e-02
1.123900000000000000e+04,7.531865686178207397e-02
1.180100000000000000e+04,1.550699118524789810e-02
1.236300000000000000e+04,6.392846349626779556e-03
1.292500000000000000e+04,5.344559624791145325e-02
1.348700000000000000e+04,9.329626709222793579e-02
1.404900000000000000e+04,7.178754359483718872e-02
1.461100000000000000e+04,1.629490405321121216e-02
1.517300000000000000e+04,6.741813570261001587e-02
1.573500000000000000e+04,3.333066403865814209e-02
1.629700000000000000e+04,8.870284073054790497e-03
1.685900000000000000e+04,2.453442104160785675e-02
1.742100000000000000e+04,2.721667475998401642e-02
1.798300000000000000e+04,2.495243214070796967e-02
1.854500000000000000e+04,2.357681281864643097e-02
1.910700000000000000e+04,1.567580364644527435e-02
1.966900000000000000e+04,1.996060460805892944e-02
