1.000000000000000000e+00,1.026436209678649902e+00
5.610000000000000000e+02,8.781329542398452759e-02
1.123000000000000000e+03,5.421180650591850281e-02
1.685000000000000000e+03,4.322564974427223206e-02
2.247000000000000000e+03,4.658336564898490906e-02
2.809000000000000000e+03,7.859268039464950562e-02
3.371000000000000000e+03,4.107296094298362732e-02
3.933000000000000000e+03,8.222573995590209961e-02
4.495000000000000000e+03,3.581544384360313416e-02
5.057000000000000000e+03,4.177118185907602310e-03
5.619000000000000000e+03,5.639769509434700012e-02
6.181000000000000000e+03,3.560690954327583313e-02
6.743000000000000000e+03,4.933506622910499573e-02
7.305000000000000000e+03,6.476926058530807495e-02
7.867000000000000000e+03,3.145416453480720520e-02
8.429000000000000000e+03,1.902444474399089813e-02
8.991000000000000000e+03,5.036214366555213928e-02
9.553000000000000000e+03,8.934865146875381470e-02
1.011500000000000000e+04,7.146179676055908203e-03
1.067700000000000000e+04,3.563967719674110413e-02
1.123900000000000000e+04,5.846689641475677490e-02
1.180100000000000000e+04,5.907381419092416763e-03
1.236300000000000000e+04,1.712309010326862335e-02
1.292500000000000000e+04,2.216763608157634735e-02
1.348700000000000000e+04,1.630969904363155365e-02
1.404900000000000000e+04,5.719308182597160339e-02
1.461100000000000000e+04,1.470186188817024231e-02
1.517300000000000000e+04,3.883384540677070618e-02
1.573500000000000000e+04,2.142228186130523682e-02
1.629700000000000000e+04,1.228297781199216843e-02
1.685900000000000000e+04,8.133453316986560822e-03
1.742100000000000000e+04,1.012390665709972382e-02
1.798300000000000000e+04,1.436986774206161499e-02
1.854500000000000000e+04,4.354324657469987869e-03
1.910700000000000000e+04,1.223801728338003159e-02
1.966900000000000000e+04,4.109661094844341278e-03
