1.260726809501647949e+00
6.525883674621582031e-01
5.882742404937744141e-01
5.627542138099670410e-01
5.518816113471984863e-01
5.478496551513671875e-01
5.458752512931823730e-01
5.447036027908325195e-01
5.439994335174560547e-01
5.434725880622863770e-01
5.430693030357360840e-01
5.424309372901916504e-01
5.417924523353576660e-01
5.421318411827087402e-01
5.415629744529724121e-01
5.412583947181701660e-01
5.405749082565307617e-01
5.389561653137207031e-01
5.375942587852478027e-01
5.347113609313964844e-01
5.299999117851257324e-01
5.261078476905822754e-01
5.251326560974121094e-01
5.258374810218811035e-01
5.286026000976562500e-01
5.274922251701354980e-01
5.221942067146301270e-01
5.202793478965759277e-01
5.194508433341979980e-01
5.184335708618164062e-01
5.170593261718750000e-01
5.167668461799621582e-01
5.169655680656433105e-01
5.170150399208068848e-01
5.172447562217712402e-01
5.173373222351074219e-01
