1.235645890235900879e+00
6.398017406463623047e-01
6.016387343406677246e-01
5.865779519081115723e-01
5.599978566169738770e-01
5.537514090538024902e-01
5.612638592720031738e-01
5.619735121726989746e-01
5.651511549949645996e-01
5.618638992309570312e-01
5.580981969833374023e-01
5.459954738616943359e-01
5.696718096733093262e-01
5.752506852149963379e-01
5.525776743888854980e-01
5.697877407073974609e-01
5.250428318977355957e-01
5.700609683990478516e-01
5.466515421867370605e-01
5.446520447731018066e-01
5.472229123115539551e-01
5.410439372062683105e-01
5.546442866325378418e-01
5.614602565765380859e-01
5.301790833473205566e-01
5.350564122200012207e-01
5.369316339492797852e-01
5.183269381523132324e-01
5.345430970191955566e-01
5.144668221473693848e-01
5.055363178253173828e-01
5.401794314384460449e-01
5.311884880065917969e-01
5.158569812774658203e-01
5.261955857276916504e-01
5.250064730644226074e-01
