1.000000000000000000e+00,1.008982300758361816e+00
5.610000000000000000e+02,8.894223719835281372e-02
1.123000000000000000e+03,5.056754127144813538e-02
1.685000000000000000e+03,5.157636478543281555e-02
2.247000000000000000e+03,5.431462824344635010e-02
2.809000000000000000e+03,7.936453074216842651e-02
3.371000000000000000e+03,4.145912826061248779e-02
3.933000000000000000e+03,7.224116474390029907e-02
4.495000000000000000e+03,3.780630230903625488e-02
5.057000000000000000e+03,1.037731673568487167e-02
5.619000000000000000e+03,6.057326123118400574e-02
6.181000000000000000e+03,3.603050485253334045e-02
6.743000000000000000e+03,3.883969411253929138e-02
7.305000000000000000e+03,4.871410131454467773e-02
7.867000000000000000e+03,1.588140428066253662e-02
8.429000000000000000e+03,1.458793506026268005e-02
8.991000000000000000e+03,3.405370563268661499e-02
9.553000000000000000e+03,4.256473109126091003e-02
1.011500000000000000e+04,1.199747901409864426e-02
1.067700000000000000e+04,3.998842835426330566e-02
1.123900000000000000e+04,2.444046735763549805e-02
1.180100000000000000e+04,1.190967042930424213e-03
1.236300000000000000e+04,2.259168541058897972e-03
1.292500000000000000e+04,1.246946305036544800e-02
1.348700000000000000e+04,1.477561239153146744e-02
1.404900000000000000e+04,3.271143510937690735e-02
1.461100000000000000e+04,2.395951561629772186e-02
1.517300000000000000e+04,4.218006134033203125e-02
1.573500000000000000e+04,1.517138350754976273e-02
1.629700000000000000e+04,9.722263203002512455e-04
1.685900000000000000e+04,5.153219215571880341e-03
1.742100000000000000e+04,2.832614816725254059e-03
1.798300000000000000e+04,1.587863452732563019e-02
1.854500000000000000e+04,3.381948219612240791e-03
1.910700000000000000e+04,5.610102321952581406e-03
1.966900000000000000e+04,5.826750420965254307e-04
