1.000000000000000000e+00,1.012222647666931152e+00
5.610000000000000000e+02,8.873223513364791870e-02
1.123000000000000000e+03,5.479130148887634277e-02
1.685000000000000000e+03,4.126579314470291138e-02
2.247000000000000000e+03,3.750244155526161194e-02
2.809000000000000000e+03,5.858312919735908508e-02
3.371000000000000000e+03,4.305241629481315613e-02
3.933000000000000000e+03,5.787144601345062256e-02
4.495000000000000000e+03,2.668190561234951019e-02
5.057000000000000000e+03,1.045912876725196838e-02
5.619000000000000000e+03,3.530011698603630066e-02
6.181000000000000000e+03,2.955411374568939209e-02
6.743000000000000000e+03,4.574155434966087341e-02
7.305000000000000000e+03,1.733701303601264954e-02
7.867000000000000000e+03,2.079971879720687866e-02
8.429000000000000000e+03,1.287982892245054245e-02
8.991000000000000000e+03,2.143837325274944305e-02
9.553000000000000000e+03,7.513497024774551392e-02
1.011500000000000000e+04,4.433493304532021284e-04
1.067700000000000000e+04,3.361872956156730652e-02
1.123900000000000000e+04,2.833475917577743530e-02
1.180100000000000000e+04,8.864477276802062988e-04
1.236300000000000000e+04,8.079160936176776886e-03
1.292500000000000000e+04,4.138123616576194763e-02
1.348700000000000000e+04,1.293193269520998001e-02
1.404900000000000000e+04,3.454119339585304260e-02
1.461100000000000000e+04,1.184374932199716568e-02
1.517300000000000000e+04,2.574875019490718842e-02
1.573500000000000000e+04,3.275604173541069031e-02
1.629700000000000000e+04,3.153871372342109680e-02
1.685900000000000000e+04,2.370473375776782632e-04
1.742100000000000000e+04,1.460718736052513123e-02
1.798300000000000000e+04,1.403338927775621414e-02
1.854500000000000000e+04,3.280831733718514442e-04
1.910700000000000000e+04,1.214710995554924011e-02
1.966900000000000000e+04,5.419747903943061829e-03
