8.698253035545349121e-01
6.470467448234558105e-01
5.899816751480102539e-01
5.507060289382934570e-01
5.277023911476135254e-01
5.186478495597839355e-01
5.129435658454895020e-01
5.097154378890991211e-01
5.079013705253601074e-01
5.068017840385437012e-01
5.057463645935058594e-01
5.044156312942504883e-01
5.034811496734619141e-01
5.024281144142150879e-01
5.015391111373901367e-01
5.012618899345397949e-01
5.011141896247863770e-01
5.011265873908996582e-01
5.010104775428771973e-01
5.007187724113464355e-01
5.003781914710998535e-01
5.004984736442565918e-01
5.005436539649963379e-01
5.004570484161376953e-01
5.005149841308593750e-01
5.005245208740234375e-01
5.001741051673889160e-01
5.000172257423400879e-01
4.998253881931304932e-01
4.996843636035919189e-01
4.993290007114410400e-01
4.991359710693359375e-01
4.989349842071533203e-01
4.986384809017181396e-01
4.983985424041748047e-01
4.984272420406341553e-01
