8.690128922462463379e-01
6.468940377235412598e-01
5.985447168350219727e-01
5.417413115501403809e-01
5.287261009216308594e-01
5.250818133354187012e-01
5.166218280792236328e-01
5.080930590629577637e-01
5.160450935363769531e-01
4.971415102481842041e-01
5.046753883361816406e-01
4.982894361019134521e-01
5.109828114509582520e-01
4.967985153198242188e-01
4.994589388370513916e-01
5.004009604454040527e-01
5.073142051696777344e-01
5.026190280914306641e-01
5.029695034027099609e-01
5.032182335853576660e-01
5.070185065269470215e-01
4.992980957031250000e-01
5.032073855400085449e-01
5.017312169075012207e-01
4.961811006069183350e-01
4.977008104324340820e-01
5.082641243934631348e-01
4.935469925403594971e-01
5.016680955886840820e-01
4.916992187500000000e-01
4.990208148956298828e-01
5.010190606117248535e-01
5.055921077728271484e-01
4.984124004840850830e-01
5.054260492324829102e-01
4.990518093109130859e-01
