1.035066413879394531e+01
8.095734715461730957e-01
5.095230937004089355e-01
3.046826124191284180e-01
2.275079935789108276e-01
1.711369156837463379e-01
1.471366435289382935e-01
1.264881193637847900e-01
1.144920960068702698e-01
1.145554259419441223e-01
1.137848123908042908e-01
1.090860962867736816e-01
1.062678173184394836e-01
1.016403809189796448e-01
9.587412327527999878e-02
9.465824812650680542e-02
9.261348098516464233e-02
9.103491157293319702e-02
9.459444135427474976e-02
9.003365784883499146e-02
8.839664608240127563e-02
9.153375029563903809e-02
9.078016877174377441e-02
9.774107486009597778e-02
9.319289773702621460e-02
1.004687026143074036e-01
1.028319373726844788e-01
9.526363760232925415e-02
9.415023773908615112e-02
9.514933824539184570e-02
1.009135022759437561e-01
9.312340617179870605e-02
9.822496771812438965e-02
9.526576846837997437e-02
9.264417737722396851e-02
8.911186456680297852e-02
8.960128575563430786e-02
8.511474728584289551e-02
8.456531912088394165e-02
8.493351191282272339e-02
8.749497681856155396e-02
8.152195811271667480e-02
8.420616388320922852e-02
8.485264331102371216e-02
7.865435630083084106e-02
