9.954756736755371094e+00
8.187789320945739746e-01
4.930732250213623047e-01
3.206365406513214111e-01
2.561712265014648438e-01
1.722580194473266602e-01
1.721314191818237305e-01
1.664599031209945679e-01
1.056202873587608337e-01
7.880697399377822876e-02
1.331701874732971191e-01
1.007815673947334290e-01
1.221450194716453552e-01
7.307849079370498657e-02
6.402927637100219727e-02
8.437363058328628540e-02
8.688477426767349243e-02
8.766531944274902344e-02
7.867961376905441284e-02
7.986073940992355347e-02
7.142480462789535522e-02
1.126081347465515137e-01
9.599658101797103882e-02
7.780690491199493408e-02
8.738755434751510620e-02
7.749495655298233032e-02
6.454544514417648315e-02
7.929950952529907227e-02
8.195446431636810303e-02
7.653269916772842407e-02
8.874664455652236938e-02
7.575377076864242554e-02
6.730084866285324097e-02
6.477857381105422974e-02
6.044873967766761780e-02
1.070842966437339783e-01
5.752414464950561523e-02
6.529346108436584473e-02
7.236830890178680420e-02
8.158148080110549927e-02
7.475563138723373413e-02
7.345113158226013184e-02
1.093976497650146484e-01
6.976477056741714478e-02
9.528503566980361938e-02
