1.000000000000000000e+00,4.137978076934814453e+00
5.610000000000000000e+02,7.788528203964233398e-01
1.123000000000000000e+03,7.176262736320495605e-01
1.685000000000000000e+03,6.405503153800964355e-01
2.247000000000000000e+03,5.313698053359985352e-01
2.809000000000000000e+03,5.021280050277709961e-01
3.371000000000000000e+03,4.796735048294067383e-01
3.933000000000000000e+03,4.466380178928375244e-01
4.495000000000000000e+03,3.825431764125823975e-01
5.057000000000000000e+03,3.926905095577239990e-01
5.619000000000000000e+03,3.271501064300537109e-01
6.181000000000000000e+03,2.765208184719085693e-01
6.743000000000000000e+03,2.914232313632965088e-01
7.305000000000000000e+03,2.456891536712646484e-01
7.867000000000000000e+03,2.557000517845153809e-01
8.429000000000000000e+03,2.231431603431701660e-01
8.991000000000000000e+03,2.402035146951675415e-01
9.553000000000000000e+03,2.032225430011749268e-01
1.011500000000000000e+04,2.143125832080841064e-01
1.067700000000000000e+04,1.751693487167358398e-01
1.123900000000000000e+04,1.595438420772552490e-01
1.180100000000000000e+04,1.714565455913543701e-01
1.236300000000000000e+04,1.736028939485549927e-01
1.292500000000000000e+04,1.542620956897735596e-01
1.348700000000000000e+04,1.449595689773559570e-01
1.404900000000000000e+04,1.391091495752334595e-01
1.461100000000000000e+04,1.534908413887023926e-01
