1.000000000000000000e+00,1.321619391441345215e+00
5.610000000000000000e+02,1.084004715085029602e-01
1.123000000000000000e+03,6.636158376932144165e-02
1.685000000000000000e+03,4.740474000573158264e-02
2.247000000000000000e+03,4.435258731245994568e-02
2.809000000000000000e+03,7.393287867307662964e-02
3.371000000000000000e+03,4.464042559266090393e-02
3.933000000000000000e+03,4.940256476402282715e-02
4.495000000000000000e+03,1.853885874152183533e-02
5.057000000000000000e+03,1.565858162939548492e-02
5.619000000000000000e+03,3.576842695474624634e-02
6.181000000000000000e+03,4.518146440386772156e-02
6.743000000000000000e+03,4.515963792800903320e-02
7.305000000000000000e+03,3.232574462890625000e-02
7.867000000000000000e+03,1.635443232953548431e-02
8.429000000000000000e+03,1.097998768091201782e-02
8.991000000000000000e+03,2.010479010641574860e-02
9.553000000000000000e+03,5.067099630832672119e-02
1.011500000000000000e+04,2.588361734524369240e-03
1.067700000000000000e+04,2.542136609554290771e-02
1.123900000000000000e+04,2.403133548796176910e-02
1.180100000000000000e+04,2.086889697238802910e-03
1.236300000000000000e+04,4.498540889471769333e-03
1.292500000000000000e+04,2.928119339048862457e-02
1.348700000000000000e+04,1.945884898304939270e-02
1.404900000000000000e+04,4.070984944701194763e-02
1.461100000000000000e+04,7.228784728795289993e-03
1.517300000000000000e+04,2.696513570845127106e-02
1.573500000000000000e+04,2.586890198290348053e-02
1.629700000000000000e+04,2.052266895771026611e-02
1.685900000000000000e+04,8.643471635878086090e-03
1.742100000000000000e+04,7.276841904968023300e-03
1.798300000000000000e+04,1.253879535943269730e-02
1.854500000000000000e+04,7.469024974852800369e-03
1.910700000000000000e+04,1.384202763438224792e-02
1.966900000000000000e+04,6.333788041956722736e-04
