1.380240154266357422e+01
8.415959477424621582e-01
7.032245993614196777e-01
4.804030656814575195e-01
3.565775454044342041e-01
2.661772668361663818e-01
2.077965885400772095e-01
1.689215153455734253e-01
1.568032056093215942e-01
1.419041752815246582e-01
1.427263021469116211e-01
1.332604140043258667e-01
1.347160488367080688e-01
1.261137723922729492e-01
1.249441877007484436e-01
1.212969943881034851e-01
1.093274280428886414e-01
1.154282093048095703e-01
1.225825920701026917e-01
1.122948452830314636e-01
1.138316616415977478e-01
1.105899438261985779e-01
1.105909869074821472e-01
1.104685440659523010e-01
1.063058003783226013e-01
1.165539920330047607e-01
1.071003600955009460e-01
1.090264692902565002e-01
1.027264818549156189e-01
1.070209145545959473e-01
1.052261814475059509e-01
1.016828492283821106e-01
1.023306548595428467e-01
1.001936867833137512e-01
9.908019751310348511e-02
9.651359170675277710e-02
9.573630243539810181e-02
1.029481664299964905e-01
1.061091497540473938e-01
1.102397441864013672e-01
1.039674058556556702e-01
1.007193997502326965e-01
1.055860742926597595e-01
9.972143173217773438e-02
1.028543934226036072e-01
