1.402531147003173828e+01
8.455527424812316895e-01
7.245185971260070801e-01
5.036572217941284180e-01
3.982854783535003662e-01
2.825551331043243408e-01
2.096596807241439819e-01
2.027697563171386719e-01
1.153815984725952148e-01
1.067622303962707520e-01
1.542301923036575317e-01
1.281860023736953735e-01
1.354636996984481812e-01
7.518646866083145142e-02
1.073330417275428772e-01
1.059861257672309875e-01
1.103457212448120117e-01
9.915875643491744995e-02
7.052510976791381836e-02
1.095421984791755676e-01
7.891084998846054077e-02
1.467369794845581055e-01
1.320769041776657104e-01
1.352825313806533813e-01
1.052088066935539246e-01
9.892141819000244141e-02
8.618933707475662231e-02
1.181803867220878601e-01
1.066698804497718811e-01
9.430247545242309570e-02
1.052929535508155823e-01
1.333014518022537231e-01
1.055182740092277527e-01
8.764649182558059692e-02
7.858327031135559082e-02
1.248051002621650696e-01
7.625401020050048828e-02
1.072309017181396484e-01
9.572041034698486328e-02
9.568279236555099487e-02
8.992476016283035278e-02
8.422235399484634399e-02
1.221301928162574768e-01
1.077446714043617249e-01
1.215572357177734375e-01
