1.035243988037109375e+00
6.657335162162780762e-01
6.386854052543640137e-01
6.023746132850646973e-01
5.685821175575256348e-01
5.468567013740539551e-01
5.333244204521179199e-01
5.197189450263977051e-01
5.105943083763122559e-01
5.076343417167663574e-01
5.083166360855102539e-01
5.055643320083618164e-01
5.043032169342041016e-01
5.035577416419982910e-01
5.024191737174987793e-01
5.012955069541931152e-01
5.009158253669738770e-01
5.008763670921325684e-01
5.002375245094299316e-01
4.998777210712432861e-01
4.991841316223144531e-01
4.990458786487579346e-01
4.988388121128082275e-01
4.989585876464843750e-01
4.988402128219604492e-01
4.984975755214691162e-01
4.982819259166717529e-01
4.977392256259918213e-01
4.977473914623260498e-01
4.973835051059722900e-01
4.973580837249755859e-01
4.968440234661102295e-01
4.965557754039764404e-01
4.967626333236694336e-01
4.964248239994049072e-01
4.961584508419036865e-01
