1.005914211273193359e+00
6.646568179130554199e-01
6.375839710235595703e-01
5.804313421249389648e-01
5.554089546203613281e-01
5.425342917442321777e-01
5.403980612754821777e-01
5.346959829330444336e-01
5.294065475463867188e-01
5.092477202415466309e-01
5.110659599304199219e-01
5.013293027877807617e-01
5.099757313728332520e-01
5.007729530334472656e-01
5.017892718315124512e-01
5.109488368034362793e-01
5.104808211326599121e-01
5.064080357551574707e-01
5.015645623207092285e-01
5.077934861183166504e-01
5.007844567298889160e-01
4.926096200942993164e-01
5.085308551788330078e-01
5.004482269287109375e-01
4.895794689655303955e-01
4.899105131626129150e-01
5.068662166595458984e-01
4.974983036518096924e-01
5.084938406944274902e-01
5.000633597373962402e-01
4.901949465274810791e-01
5.052278637886047363e-01
5.061981081962585449e-01
4.983268976211547852e-01
5.035769343376159668e-01
4.949894845485687256e-01
