1.000000000000000000e+00,9.880721092224121094e+00
5.610000000000000000e+02,8.321810960769653320e-01
1.123000000000000000e+03,7.374601364135742188e-01
1.685000000000000000e+03,6.731367707252502441e-01
2.247000000000000000e+03,6.537367105484008789e-01
2.809000000000000000e+03,5.987979173660278320e-01
3.371000000000000000e+03,5.969731807708740234e-01
3.933000000000000000e+03,5.306822061538696289e-01
4.495000000000000000e+03,4.542369544506072998e-01
5.057000000000000000e+03,4.156168699264526367e-01
5.619000000000000000e+03,3.693188428878784180e-01
6.181000000000000000e+03,3.270280361175537109e-01
6.743000000000000000e+03,3.436942994594573975e-01
7.305000000000000000e+03,2.719173133373260498e-01
7.867000000000000000e+03,2.944008708000183105e-01
8.429000000000000000e+03,3.207129240036010742e-01
8.991000000000000000e+03,2.704362869262695312e-01
9.553000000000000000e+03,2.188246697187423706e-01
1.011500000000000000e+04,2.378940582275390625e-01
1.067700000000000000e+04,1.836302280426025391e-01
1.123900000000000000e+04,1.967020332813262939e-01
1.180100000000000000e+04,2.115651518106460571e-01
1.236300000000000000e+04,1.978194713592529297e-01
1.292500000000000000e+04,2.063517719507217407e-01
1.348700000000000000e+04,1.790135800838470459e-01
1.404900000000000000e+04,1.466089487075805664e-01
1.461100000000000000e+04,1.844726204872131348e-01
