1.000000000000000000e+00,1.070556759834289551e+00
5.610000000000000000e+02,9.753652662038803101e-02
1.123000000000000000e+03,6.328198313713073730e-02
1.685000000000000000e+03,4.657072946429252625e-02
2.247000000000000000e+03,5.184631049633026123e-02
2.809000000000000000e+03,8.737614750862121582e-02
3.371000000000000000e+03,5.111858621239662170e-02
3.933000000000000000e+03,8.105311542749404907e-02
4.495000000000000000e+03,5.453259125351905823e-02
5.057000000000000000e+03,3.113795770332217216e-03
5.619000000000000000e+03,7.567291706800460815e-02
6.181000000000000000e+03,4.585870727896690369e-02
6.743000000000000000e+03,6.620514392852783203e-02
7.305000000000000000e+03,6.163576245307922363e-02
7.867000000000000000e+03,3.501794859766960144e-02
8.429000000000000000e+03,3.321575745940208435e-02
8.991000000000000000e+03,5.629520118236541748e-02
9.553000000000000000e+03,9.079474955797195435e-02
1.011500000000000000e+04,1.105255540460348129e-02
1.067700000000000000e+04,4.427893832325935364e-02
1.123900000000000000e+04,4.513408616185188293e-02
1.180100000000000000e+04,2.615079842507839203e-02
1.236300000000000000e+04,1.101519074290990829e-02
1.292500000000000000e+04,3.931315615773200989e-02
1.348700000000000000e+04,5.638684332370758057e-02
1.404900000000000000e+04,5.080662667751312256e-02
1.461100000000000000e+04,1.185110118240118027e-02
1.517300000000000000e+04,2.616717852652072906e-02
1.573500000000000000e+04,1.521996781229972839e-02
1.629700000000000000e+04,1.719208993017673492e-02
1.685900000000000000e+04,1.015305798500776291e-02
1.742100000000000000e+04,5.518467631191015244e-03
1.798300000000000000e+04,9.833748452365398407e-03
1.854500000000000000e+04,1.287937629967927933e-02
1.910700000000000000e+04,2.156662009656429291e-02
1.966900000000000000e+04,1.045554177835583687e-03
