1.000000000000000000e+00,8.993220329284667969e-01
5.610000000000000000e+02,8.884295076131820679e-02
1.123000000000000000e+03,4.545388743281364441e-02
1.685000000000000000e+03,4.570169746875762939e-02
2.247000000000000000e+03,4.013113677501678467e-02
2.809000000000000000e+03,2.908653579652309418e-02
3.371000000000000000e+03,2.800467610359191895e-02
3.933000000000000000e+03,4.371573030948638916e-02
4.495000000000000000e+03,2.626153640449047089e-02
5.057000000000000000e+03,5.663849413394927979e-03
5.619000000000000000e+03,4.494757950305938721e-02
6.181000000000000000e+03,1.309905480593442917e-02
6.743000000000000000e+03,2.879624813795089722e-02
7.305000000000000000e+03,2.717811428010463715e-02
7.867000000000000000e+03,2.679039351642131805e-02
8.429000000000000000e+03,2.474040538072586060e-02
8.991000000000000000e+03,3.342735022306442261e-02
9.553000000000000000e+03,5.740402638912200928e-02
1.011500000000000000e+04,1.082363631576299667e-02
1.067700000000000000e+04,3.754528984427452087e-02
1.123900000000000000e+04,3.347877040505409241e-02
1.180100000000000000e+04,3.018322167918086052e-03
1.236300000000000000e+04,4.777238704264163971e-03
1.292500000000000000e+04,2.800134755671024323e-02
1.348700000000000000e+04,3.760607540607452393e-02
1.404900000000000000e+04,4.904056712985038757e-02
1.461100000000000000e+04,1.896469295024871826e-02
1.517300000000000000e+04,2.201835997402667999e-02
1.573500000000000000e+04,3.133846074342727661e-02
1.629700000000000000e+04,2.384608238935470581e-02
1.685900000000000000e+04,7.993437349796295166e-03
1.742100000000000000e+04,2.599120326340198517e-02
1.798300000000000000e+04,1.392452698200941086e-02
1.854500000000000000e+04,1.742798648774623871e-02
1.910700000000000000e+04,2.641829289495944977e-02
1.966900000000000000e+04,1.494237780570983887e-02
