1.000000000000000000e+00,1.300171375274658203e+00
5.610000000000000000e+02,6.936574578285217285e-01
1.123000000000000000e+03,5.851528644561767578e-01
1.685000000000000000e+03,4.337038993835449219e-01
2.247000000000000000e+03,3.793165385723114014e-01
2.809000000000000000e+03,2.956553697586059570e-01
3.371000000000000000e+03,2.681539654731750488e-01
3.933000000000000000e+03,2.297043651342391968e-01
4.495000000000000000e+03,2.547385394573211670e-01
5.057000000000000000e+03,2.337966561317443848e-01
5.619000000000000000e+03,2.674781084060668945e-01
6.181000000000000000e+03,2.185487002134323120e-01
6.743000000000000000e+03,2.279191315174102783e-01
7.305000000000000000e+03,1.693044006824493408e-01
7.867000000000000000e+03,2.028820812702178955e-01
8.429000000000000000e+03,2.127962112426757812e-01
8.991000000000000000e+03,2.087006419897079468e-01
9.553000000000000000e+03,2.073900699615478516e-01
1.011500000000000000e+04,2.222243845462799072e-01
1.067700000000000000e+04,2.056917548179626465e-01
1.123900000000000000e+04,1.676912605762481689e-01
1.180100000000000000e+04,1.810890585184097290e-01
1.236300000000000000e+04,1.420169323682785034e-01
1.292500000000000000e+04,1.447900831699371338e-01
1.348700000000000000e+04,1.399421542882919312e-01
1.404900000000000000e+04,1.409946978092193604e-01
1.461100000000000000e+04,1.599771231412887573e-01
