1.000000000000000000e+00,3.444369554519653320e+00
5.610000000000000000e+02,7.616072297096252441e-01
1.123000000000000000e+03,7.132917642593383789e-01
1.685000000000000000e+03,6.151783466339111328e-01
2.247000000000000000e+03,5.116982460021972656e-01
2.809000000000000000e+03,3.669145107269287109e-01
3.371000000000000000e+03,3.442114293575286865e-01
3.933000000000000000e+03,2.818725109100341797e-01
4.495000000000000000e+03,2.694701552391052246e-01
5.057000000000000000e+03,2.391891479492187500e-01
5.619000000000000000e+03,2.762182354927062988e-01
6.181000000000000000e+03,2.001585215330123901e-01
6.743000000000000000e+03,2.544324994087219238e-01
7.305000000000000000e+03,1.854087114334106445e-01
7.867000000000000000e+03,2.176807075738906860e-01
8.429000000000000000e+03,2.355520874261856079e-01
8.991000000000000000e+03,2.182757258415222168e-01
9.553000000000000000e+03,1.818071752786636353e-01
1.011500000000000000e+04,1.934302896261215210e-01
1.067700000000000000e+04,1.390417516231536865e-01
1.123900000000000000e+04,1.464142054319381714e-01
1.180100000000000000e+04,2.173403799533843994e-01
1.236300000000000000e+04,1.660301387310028076e-01
1.292500000000000000e+04,1.294206678867340088e-01
1.348700000000000000e+04,1.021101772785186768e-01
1.404900000000000000e+04,8.632425218820571899e-02
1.461100000000000000e+04,1.637875437736511230e-01
