1.000000000000000000e+00,1.075535416603088379e+00
5.610000000000000000e+02,1.242500841617584229e-01
1.123000000000000000e+03,6.427412480115890503e-02
1.685000000000000000e+03,5.979838967323303223e-02
2.247000000000000000e+03,5.924574658274650574e-02
2.809000000000000000e+03,7.214771956205368042e-02
3.371000000000000000e+03,4.837222024798393250e-02
3.933000000000000000e+03,6.051069498062133789e-02
4.495000000000000000e+03,2.612993307411670685e-02
5.057000000000000000e+03,1.050500199198722839e-02
5.619000000000000000e+03,5.713763460516929626e-02
6.181000000000000000e+03,4.645257070660591125e-02
6.743000000000000000e+03,5.452874675393104553e-02
7.305000000000000000e+03,4.370465874671936035e-02
7.867000000000000000e+03,2.664989419281482697e-02
8.429000000000000000e+03,1.296046376228332520e-02
8.991000000000000000e+03,3.487414494156837463e-02
9.553000000000000000e+03,8.247092366218566895e-02
1.011500000000000000e+04,4.870358388870954514e-04
1.067700000000000000e+04,2.420719154179096222e-02
1.123900000000000000e+04,5.127125605940818787e-02
1.180100000000000000e+04,1.933067478239536285e-02
1.236300000000000000e+04,1.031917706131935120e-02
1.292500000000000000e+04,4.667346179485321045e-02
1.348700000000000000e+04,6.985048204660415649e-02
1.404900000000000000e+04,2.910494990646839142e-02
1.461100000000000000e+04,5.223853979259729385e-03
1.517300000000000000e+04,4.220002889633178711e-02
1.573500000000000000e+04,2.700011618435382843e-02
1.629700000000000000e+04,2.103371918201446533e-02
1.685900000000000000e+04,9.988954290747642517e-03
1.742100000000000000e+04,1.230762805789709091e-02
1.798300000000000000e+04,1.971708051860332489e-02
1.854500000000000000e+04,3.441481664776802063e-02
1.910700000000000000e+04,5.204829503782093525e-04
1.966900000000000000e+04,2.386912889778614044e-02
