1.000000000000000000e+00,2.903654575347900391e+00
5.610000000000000000e+02,7.493245005607604980e-01
1.123000000000000000e+03,6.933671832084655762e-01
1.685000000000000000e+03,5.877552032470703125e-01
2.247000000000000000e+03,5.208321213722229004e-01
2.809000000000000000e+03,4.332555234432220459e-01
3.371000000000000000e+03,3.664608299732208252e-01
3.933000000000000000e+03,3.629575073719024658e-01
4.495000000000000000e+03,3.220754265785217285e-01
5.057000000000000000e+03,3.213910460472106934e-01
5.619000000000000000e+03,3.188944756984710693e-01
6.181000000000000000e+03,2.752925455570220947e-01
6.743000000000000000e+03,2.679962813854217529e-01
7.305000000000000000e+03,2.293229401111602783e-01
7.867000000000000000e+03,2.400020062923431396e-01
8.429000000000000000e+03,2.396175116300582886e-01
8.991000000000000000e+03,2.404847741127014160e-01
9.553000000000000000e+03,2.233388125896453857e-01
1.011500000000000000e+04,2.464341968297958374e-01
1.067700000000000000e+04,1.962672472000122070e-01
1.123900000000000000e+04,1.820321381092071533e-01
1.180100000000000000e+04,2.356629967689514160e-01
1.236300000000000000e+04,1.895673274993896484e-01
1.292500000000000000e+04,1.446003615856170654e-01
1.348700000000000000e+04,1.493972539901733398e-01
1.404900000000000000e+04,1.384336352348327637e-01
1.461100000000000000e+04,1.457840651273727417e-01
