9.985337257385253906e-01
6.525952219963073730e-01
6.080526709556579590e-01
5.861881375312805176e-01
5.762528777122497559e-01
5.673378109931945801e-01
5.612165331840515137e-01
5.567049980163574219e-01
5.518715977668762207e-01
5.469631552696228027e-01
5.401995778083801270e-01
5.339866280555725098e-01
5.289852619171142578e-01
5.241216421127319336e-01
5.207350850105285645e-01
5.180301666259765625e-01
5.156011581420898438e-01
5.135326385498046875e-01
5.128467082977294922e-01
5.115456581115722656e-01
5.106222033500671387e-01
5.101397037506103516e-01
5.099087357521057129e-01
5.089331269264221191e-01
5.080532431602478027e-01
5.076555013656616211e-01
5.067546367645263672e-01
5.060011148452758789e-01
5.053203701972961426e-01
5.052152872085571289e-01
5.043187737464904785e-01
5.038802027702331543e-01
5.034348368644714355e-01
5.031524896621704102e-01
5.028528571128845215e-01
5.026068091392517090e-01
