9.987428188323974609e-01
6.510770320892333984e-01
5.952969193458557129e-01
5.665219426155090332e-01
5.771061182022094727e-01
5.555120110511779785e-01
5.936123728752136230e-01
5.515468716621398926e-01
5.591884255409240723e-01
5.258114337921142578e-01
5.847139358520507812e-01
5.466646552085876465e-01
5.191951990127563477e-01
5.250765681266784668e-01
5.257244110107421875e-01
5.381513237953186035e-01
5.357635617256164551e-01
5.257917046546936035e-01
5.211080908775329590e-01
5.456841588020324707e-01
5.380219817161560059e-01
5.334209799766540527e-01
5.250419378280639648e-01
5.243719220161437988e-01
5.188540220260620117e-01
5.074536800384521484e-01
5.196848511695861816e-01
5.150375366210937500e-01
5.253331661224365234e-01
5.075482726097106934e-01
5.330446362495422363e-01
5.384438037872314453e-01
5.216054320335388184e-01
5.376557707786560059e-01
5.176621675491333008e-01
5.296002030372619629e-01
