1.043458700180053711e+00
6.755408644676208496e-01
6.070042252540588379e-01
5.903005599975585938e-01
5.829190611839294434e-01
5.726000070571899414e-01
5.662096738815307617e-01
5.613325238227844238e-01
5.586876273155212402e-01
5.541627407073974609e-01
5.507051348686218262e-01
5.468375682830810547e-01
5.439704060554504395e-01
5.423455834388732910e-01
5.406885743141174316e-01
5.398736596107482910e-01
5.377404093742370605e-01
5.346840023994445801e-01
5.318100452423095703e-01
5.293028950691223145e-01
5.277555584907531738e-01
5.259385704994201660e-01
5.239707827568054199e-01
5.215750336647033691e-01
5.198559165000915527e-01
5.187513232231140137e-01
5.177150368690490723e-01
5.168641209602355957e-01
5.160439610481262207e-01
5.156353116035461426e-01
5.150487422943115234e-01
5.143979191780090332e-01
5.141497254371643066e-01
5.137645602226257324e-01
5.137256383895874023e-01
5.135783553123474121e-01
