1.045580148696899414e+00
6.774706840515136719e-01
6.184660196304321289e-01
5.735718607902526855e-01
5.797306299209594727e-01
5.908884406089782715e-01
5.782614350318908691e-01
5.754048228263854980e-01
5.715929269790649414e-01
5.530599951744079590e-01
5.609222054481506348e-01
5.513409972190856934e-01
5.429431796073913574e-01
5.674828886985778809e-01
5.411152839660644531e-01
5.458374023437500000e-01
5.407361388206481934e-01
5.459017157554626465e-01
5.440289378166198730e-01
5.266242623329162598e-01
5.285871624946594238e-01
5.444280505180358887e-01
5.461367368698120117e-01
5.314258933067321777e-01
5.239340662956237793e-01
5.323598980903625488e-01
5.256458520889282227e-01
5.158467888832092285e-01
5.243266224861145020e-01
5.062435269355773926e-01
5.002824664115905762e-01
5.182971954345703125e-01
5.176321864128112793e-01
5.241380333900451660e-01
5.353080034255981445e-01
5.303235650062561035e-01
