1.000000000000000000e+00,5.724297523498535156e+00
5.610000000000000000e+02,8.407016992568969727e-01
1.123000000000000000e+03,7.464774847030639648e-01
1.685000000000000000e+03,6.604996919631958008e-01
2.247000000000000000e+03,6.428269743919372559e-01
2.809000000000000000e+03,5.763828754425048828e-01
3.371000000000000000e+03,5.404707193374633789e-01
3.933000000000000000e+03,5.053430795669555664e-01
4.495000000000000000e+03,4.693889617919921875e-01
5.057000000000000000e+03,3.970232009887695312e-01
5.619000000000000000e+03,4.233503043651580811e-01
6.181000000000000000e+03,3.386804461479187012e-01
6.743000000000000000e+03,3.884944021701812744e-01
7.305000000000000000e+03,3.012906014919281006e-01
7.867000000000000000e+03,3.423197865486145020e-01
8.429000000000000000e+03,3.333739042282104492e-01
8.991000000000000000e+03,3.103651702404022217e-01
9.553000000000000000e+03,3.023997843265533447e-01
1.011500000000000000e+04,2.665096521377563477e-01
1.067700000000000000e+04,2.138491272926330566e-01
1.123900000000000000e+04,2.630575895309448242e-01
1.180100000000000000e+04,2.761055827140808105e-01
1.236300000000000000e+04,2.493143379688262939e-01
1.292500000000000000e+04,2.342118322849273682e-01
1.348700000000000000e+04,2.249167859554290771e-01
1.404900000000000000e+04,2.075418978929519653e-01
1.461100000000000000e+04,2.177603393793106079e-01
