1.000000000000000000e+00,1.215794563293457031e+00
5.610000000000000000e+02,2.889746427536010742e-01
1.123000000000000000e+03,7.894673943519592285e-02
1.685000000000000000e+03,6.416477262973785400e-02
2.247000000000000000e+03,5.144045874476432800e-02
2.809000000000000000e+03,8.126974105834960938e-02
3.371000000000000000e+03,5.049650743603706360e-02
3.933000000000000000e+03,8.278378844261169434e-02
4.495000000000000000e+03,6.951694935560226440e-02
5.057000000000000000e+03,6.101568695157766342e-03
5.619000000000000000e+03,8.370199054479598999e-02
6.181000000000000000e+03,5.033287405967712402e-02
6.743000000000000000e+03,5.161414667963981628e-02
7.305000000000000000e+03,7.300017029047012329e-02
7.867000000000000000e+03,2.658201754093170166e-02
8.429000000000000000e+03,4.287333413958549500e-02
8.991000000000000000e+03,4.768169298768043518e-02
9.553000000000000000e+03,7.419662922620773315e-02
1.011500000000000000e+04,2.997272647917270660e-03
1.067700000000000000e+04,1.914955116808414459e-02
1.123900000000000000e+04,8.851338177919387817e-02
1.180100000000000000e+04,2.593082748353481293e-02
1.236300000000000000e+04,3.402508795261383057e-02
1.292500000000000000e+04,3.950083628296852112e-02
1.348700000000000000e+04,5.617041885852813721e-02
1.404900000000000000e+04,9.534118324518203735e-02
1.461100000000000000e+04,9.306346066296100616e-03
1.517300000000000000e+04,4.987692460417747498e-02
1.573500000000000000e+04,1.177719328552484512e-02
1.629700000000000000e+04,2.093501389026641846e-02
1.685900000000000000e+04,2.791292406618595123e-02
1.742100000000000000e+04,3.685885295271873474e-02
1.798300000000000000e+04,5.685950815677642822e-02
1.854500000000000000e+04,1.052843290381133556e-03
1.910700000000000000e+04,8.622670546174049377e-03
1.966900000000000000e+04,1.320403441786766052e-02
