1.937653064727783203e+00
4.684350490570068359e-01
3.387988805770874023e-01
2.802090644836425781e-01
2.301071584224700928e-01
2.010596394538879395e-01
1.881113946437835693e-01
1.780697107315063477e-01
1.707500070333480835e-01
1.628248691558837891e-01
1.570901423692703247e-01
1.561929285526275635e-01
1.451201289892196655e-01
1.381013691425323486e-01
1.281559914350509644e-01
1.129086390137672424e-01
1.047748103737831116e-01
9.802284836769104004e-02
9.277894347906112671e-02
8.685445785522460938e-02
8.669617772102355957e-02
8.763466030359268188e-02
8.362991362810134888e-02
7.959624379873275757e-02
8.137478679418563843e-02
7.960392534732818604e-02
6.888322532176971436e-02
6.941972672939300537e-02
7.065457850694656372e-02
7.110004872083663940e-02
6.184446811676025391e-02
6.773731857538223267e-02
6.604982167482376099e-02
6.263106316328048706e-02
7.142978906631469727e-02
6.881897151470184326e-02
