1.836109161376953125e+00
5.292034149169921875e-01
3.967918157577514648e-01
3.258835077285766602e-01
2.930936217308044434e-01
2.574435770511627197e-01
1.733679473400115967e-01
2.203131318092346191e-01
2.280922681093215942e-01
1.656729876995086670e-01
1.853528171777725220e-01
1.934919655323028564e-01
1.574257016181945801e-01
1.215115264058113098e-01
1.580846011638641357e-01
1.371153444051742554e-01
1.558987498283386230e-01
1.206832081079483032e-01
1.122348606586456299e-01
1.293292492628097534e-01
9.369770437479019165e-02
1.146950423717498779e-01
1.363576501607894897e-01
8.348793536424636841e-02
7.279904931783676147e-02
9.729829430580139160e-02
1.187532693147659302e-01
1.054660007357597351e-01
1.217627972364425659e-01
1.105941310524940491e-01
1.123436540365219116e-01
1.107312887907028198e-01
1.602862328290939331e-01
9.990647435188293457e-02
1.105482205748558044e-01
9.522245824337005615e-02
