1.000000000000000000e+00,1.025830268859863281e+00
5.610000000000000000e+02,1.039826795458793640e-01
1.123000000000000000e+03,6.181031838059425354e-02
1.685000000000000000e+03,5.385008826851844788e-02
2.247000000000000000e+03,3.840394690632820129e-02
2.809000000000000000e+03,4.932799935340881348e-02
3.371000000000000000e+03,3.602754697203636169e-02
3.933000000000000000e+03,7.492554932832717896e-02
4.495000000000000000e+03,5.946412682533264160e-02
5.057000000000000000e+03,6.942266598343849182e-03
5.619000000000000000e+03,5.014145746827125549e-02
6.181000000000000000e+03,3.118007630109786987e-02
6.743000000000000000e+03,7.038625329732894897e-02
7.305000000000000000e+03,3.943369910120964050e-02
7.867000000000000000e+03,2.245576120913028717e-02
8.429000000000000000e+03,1.345171034336090088e-02
8.991000000000000000e+03,2.650532312691211700e-02
9.553000000000000000e+03,6.418291479349136353e-02
1.011500000000000000e+04,1.116096321493387222e-02
1.067700000000000000e+04,1.614785380661487579e-02
1.123900000000000000e+04,2.474034391343593597e-02
1.180100000000000000e+04,1.095095183700323105e-02
1.236300000000000000e+04,7.531314622610807419e-03
1.292500000000000000e+04,1.749355532228946686e-02
1.348700000000000000e+04,1.859533786773681641e-02
1.404900000000000000e+04,6.764621287584304810e-02
1.461100000000000000e+04,1.557205896824598312e-02
1.517300000000000000e+04,3.680383414030075073e-02
1.573500000000000000e+04,3.765206085518002510e-03
1.629700000000000000e+04,9.508266113698482513e-03
1.685900000000000000e+04,1.282196771353483200e-02
1.742100000000000000e+04,2.336147427558898926e-02
1.798300000000000000e+04,3.194269537925720215e-02
1.854500000000000000e+04,9.166263043880462646e-04
1.910700000000000000e+04,8.540520444512367249e-03
1.966900000000000000e+04,4.687062930315732956e-03
