1.000000000000000000e+00,2.632881641387939453e+00
5.610000000000000000e+02,7.368837594985961914e-01
1.123000000000000000e+03,6.610676646232604980e-01
1.685000000000000000e+03,5.151481628417968750e-01
2.247000000000000000e+03,4.469474852085113525e-01
2.809000000000000000e+03,3.259730041027069092e-01
3.371000000000000000e+03,3.475796282291412354e-01
3.933000000000000000e+03,3.520586490631103516e-01
4.495000000000000000e+03,2.938109338283538818e-01
5.057000000000000000e+03,2.222440987825393677e-01
5.619000000000000000e+03,2.664344608783721924e-01
6.181000000000000000e+03,2.172504663467407227e-01
6.743000000000000000e+03,2.840442061424255371e-01
7.305000000000000000e+03,1.870770752429962158e-01
7.867000000000000000e+03,2.242260724306106567e-01
8.429000000000000000e+03,2.269175350666046143e-01
8.991000000000000000e+03,1.763348281383514404e-01
9.553000000000000000e+03,1.708567738533020020e-01
1.011500000000000000e+04,2.009748965501785278e-01
1.067700000000000000e+04,1.349353045225143433e-01
1.123900000000000000e+04,1.500627994537353516e-01
1.180100000000000000e+04,1.739005744457244873e-01
1.236300000000000000e+04,1.419031769037246704e-01
1.292500000000000000e+04,1.405002474784851074e-01
1.348700000000000000e+04,7.908497750759124756e-02
1.404900000000000000e+04,1.159263178706169128e-01
1.461100000000000000e+04,1.555465608835220337e-01
