1.000000000000000000e+00,1.122907519340515137e+00
5.610000000000000000e+02,8.949536085128784180e-02
1.123000000000000000e+03,6.182284280657768250e-02
1.685000000000000000e+03,7.050839066505432129e-02
2.247000000000000000e+03,6.202886998653411865e-02
2.809000000000000000e+03,7.942704111337661743e-02
3.371000000000000000e+03,5.851725861430168152e-02
3.933000000000000000e+03,9.604671597480773926e-02
4.495000000000000000e+03,6.822877377271652222e-02
5.057000000000000000e+03,5.287668202072381973e-03
5.619000000000000000e+03,8.135066926479339600e-02
6.181000000000000000e+03,5.225482210516929626e-02
6.743000000000000000e+03,7.943217456340789795e-02
7.305000000000000000e+03,9.814532846212387085e-02
7.867000000000000000e+03,3.284027054905891418e-02
8.429000000000000000e+03,3.960240632295608521e-02
8.991000000000000000e+03,6.859300285577774048e-02
9.553000000000000000e+03,9.056503325700759888e-02
1.011500000000000000e+04,9.485385962761938572e-04
1.067700000000000000e+04,7.163444161415100098e-02
1.123900000000000000e+04,7.989544421434402466e-02
1.180100000000000000e+04,1.511932536959648132e-02
1.236300000000000000e+04,1.430838089436292648e-02
1.292500000000000000e+04,7.188335061073303223e-02
1.348700000000000000e+04,7.388784736394882202e-02
1.404900000000000000e+04,1.128410696983337402e-01
1.461100000000000000e+04,2.213970758020877838e-02
1.517300000000000000e+04,7.205991446971893311e-02
1.573500000000000000e+04,7.071811705827713013e-02
1.629700000000000000e+04,5.173218250274658203e-02
1.685900000000000000e+04,5.163906514644622803e-02
1.742100000000000000e+04,3.996999189257621765e-02
1.798300000000000000e+04,4.515589773654937744e-02
1.854500000000000000e+04,4.333146288990974426e-02
1.910700000000000000e+04,1.288873609155416489e-02
1.966900000000000000e+04,3.194665163755416870e-02
