5.244923114776611328e+00
5.908970832824707031e-01
3.135557174682617188e-01
2.571124136447906494e-01
2.123276591300964355e-01
1.747274249792098999e-01
1.578809767961502075e-01
1.401160210371017456e-01
1.207982301712036133e-01
1.080614328384399414e-01
9.842914342880249023e-02
9.433626383543014526e-02
9.230095893144607544e-02
9.435293078422546387e-02
8.795905858278274536e-02
8.809206634759902954e-02
8.808290958404541016e-02
8.748997002840042114e-02
8.352772146463394165e-02
8.329749852418899536e-02
8.490803837776184082e-02
8.618265390396118164e-02
8.503630757331848145e-02
8.239329606294631958e-02
7.346736639738082886e-02
7.387746870517730713e-02
7.686432451009750366e-02
7.862069457769393921e-02
7.751881331205368042e-02
7.397458702325820923e-02
7.542581111192703247e-02
7.067159563302993774e-02
7.341898232698440552e-02
7.765809446573257446e-02
7.708445191383361816e-02
7.565451413393020630e-02
7.962824404239654541e-02
8.010790497064590454e-02
7.947599887847900391e-02
7.894591242074966431e-02
7.982756197452545166e-02
8.154315501451492310e-02
8.425092697143554688e-02
8.421504497528076172e-02
8.476700633764266968e-02
