5.371392726898193359e+00
6.267184615135192871e-01
2.991254031658172607e-01
2.569342255592346191e-01
2.409892827272415161e-01
1.600210219621658325e-01
1.268526762723922729e-01
1.504197716712951660e-01
9.289196133613586426e-02
8.126004785299301147e-02
1.168543174862861633e-01
9.840219467878341675e-02
1.048127636313438416e-01
5.786767601966857910e-02
7.418805360794067383e-02
5.715540423989295959e-02
7.899064570665359497e-02
7.047816365957260132e-02
5.041992664337158203e-02
5.671359226107597351e-02
6.409203261137008667e-02
1.013954505324363708e-01
7.991939783096313477e-02
7.238274067640304565e-02
9.155818819999694824e-02
7.299209386110305786e-02
5.873894318938255310e-02
5.711233988404273987e-02
7.349527627229690552e-02
7.781915366649627686e-02
7.487174123525619507e-02
6.686047464609146118e-02
6.894946843385696411e-02
7.395854592323303223e-02
5.403113737702369690e-02
9.099244326353073120e-02
4.126051440834999084e-02
6.464312225580215454e-02
4.069836437702178955e-02
6.779742240905761719e-02
7.389449328184127808e-02
9.130036830902099609e-02
7.864671200513839722e-02
6.737609952688217163e-02
8.314163237810134888e-02
