1.000000000000000000e+00,9.467574954032897949e-01
5.610000000000000000e+02,1.049595698714256287e-01
1.123000000000000000e+03,4.932641983032226562e-02
1.685000000000000000e+03,5.129094049334526062e-02
2.247000000000000000e+03,4.256576299667358398e-02
2.809000000000000000e+03,5.957638099789619446e-02
3.371000000000000000e+03,3.170148283243179321e-02
3.933000000000000000e+03,4.288132488727569580e-02
4.495000000000000000e+03,3.673051670193672180e-02
5.057000000000000000e+03,1.192080695182085037e-02
5.619000000000000000e+03,4.386350512504577637e-02
6.181000000000000000e+03,4.343222454190254211e-02
6.743000000000000000e+03,4.005581140518188477e-02
7.305000000000000000e+03,4.616761207580566406e-02
7.867000000000000000e+03,2.980843372642993927e-02
8.429000000000000000e+03,2.347224764525890350e-02
8.991000000000000000e+03,2.140664495527744293e-02
9.553000000000000000e+03,8.184896409511566162e-02
1.011500000000000000e+04,1.516731106676161289e-03
1.067700000000000000e+04,5.141958594322204590e-02
1.123900000000000000e+04,1.755837351083755493e-02
1.180100000000000000e+04,1.890996121801435947e-03
1.236300000000000000e+04,7.176987361162900925e-03
1.292500000000000000e+04,3.444596007466316223e-02
1.348700000000000000e+04,1.646838709712028503e-02
1.404900000000000000e+04,3.769679740071296692e-02
1.461100000000000000e+04,1.879748539067804813e-03
1.517300000000000000e+04,4.582801461219787598e-02
1.573500000000000000e+04,1.574269495904445648e-02
1.629700000000000000e+04,2.382131479680538177e-02
1.685900000000000000e+04,1.559228356927633286e-02
1.742100000000000000e+04,3.385934606194496155e-02
1.798300000000000000e+04,1.538970414549112320e-02
1.854500000000000000e+04,1.972687430679798126e-03
1.910700000000000000e+04,1.270564552396535873e-02
1.966900000000000000e+04,3.159734979271888733e-02
