1.019850730895996094e+00
2.120940238237380981e-01
1.263808459043502808e-01
1.211435422301292419e-01
8.969206362962722778e-02
7.499275356531143188e-02
4.760806262493133545e-02
7.150967419147491455e-02
5.716937407851219177e-02
5.390250310301780701e-02
3.237654641270637512e-02
4.466430470347404480e-02
3.328482806682586670e-02
5.253137275576591492e-02
2.962000854313373566e-02
3.087633289396762848e-02
3.472844511270523071e-02
8.436917513608932495e-02
2.552516199648380280e-02
2.166900970041751862e-02
3.453085944056510925e-02
5.708624050021171570e-02
4.952554032206535339e-02
1.786588318645954132e-02
5.001254007220268250e-02
4.966332018375396729e-02
5.620542168617248535e-02
