1.000000000000000000e+00,3.199100971221923828e+00
5.610000000000000000e+02,7.635726928710937500e-01
1.123000000000000000e+03,6.766915321350097656e-01
1.685000000000000000e+03,5.929390788078308105e-01
2.247000000000000000e+03,5.576255917549133301e-01
2.809000000000000000e+03,4.668512642383575439e-01
3.371000000000000000e+03,4.744721651077270508e-01
3.933000000000000000e+03,4.067488908767700195e-01
4.495000000000000000e+03,3.974348902702331543e-01
5.057000000000000000e+03,3.885292112827301025e-01
5.619000000000000000e+03,3.979215025901794434e-01
6.181000000000000000e+03,2.887950837612152100e-01
6.743000000000000000e+03,2.878380715847015381e-01
7.305000000000000000e+03,2.640932202339172363e-01
7.867000000000000000e+03,2.479294687509536743e-01
8.429000000000000000e+03,2.649269104003906250e-01
8.991000000000000000e+03,2.502266466617584229e-01
9.553000000000000000e+03,1.973375380039215088e-01
1.011500000000000000e+04,2.312048077583312988e-01
1.067700000000000000e+04,1.807557046413421631e-01
1.123900000000000000e+04,1.699206829071044922e-01
1.180100000000000000e+04,2.443795651197433472e-01
1.236300000000000000e+04,1.606856286525726318e-01
1.292500000000000000e+04,1.535791307687759399e-01
1.348700000000000000e+04,1.561904847621917725e-01
1.404900000000000000e+04,1.237838864326477051e-01
1.461100000000000000e+04,1.358264386653900146e-01
