9.218057990074157715e-01
2.195843607187271118e-01
1.102317273616790771e-01
8.306174725294113159e-02
7.403261214494705200e-02
6.946691870689392090e-02
6.704995781183242798e-02
6.450269371271133423e-02
6.187598779797554016e-02
5.845202878117561340e-02
5.595130845904350281e-02
5.295471847057342529e-02
4.962609708309173584e-02
4.723026230931282043e-02
4.592889174818992615e-02
4.509370028972625732e-02
4.385088384151458740e-02
4.251436516642570496e-02
4.165435209870338440e-02
4.056693241000175476e-02
3.965010866522789001e-02
4.023226350545883179e-02
3.908737376332283020e-02
3.784614428877830505e-02
3.662903234362602234e-02
3.617484122514724731e-02
3.583602234721183777e-02
