9.311415553092956543e-01
2.136121988296508789e-01
1.457491070032119751e-01
1.456734985113143921e-01
1.343463510274887085e-01
8.476831763982772827e-02
4.239982366561889648e-02
9.244298934936523438e-02
7.546672224998474121e-02
8.556707948446273804e-02
3.277531638741493225e-02
5.720205977559089661e-02
8.303923159837722778e-02
5.874427780508995056e-02
3.570291772484779358e-02
5.030107498168945312e-02
4.945870861411094666e-02
9.384750574827194214e-02
3.196523338556289673e-02
8.099151402711868286e-02
5.639643967151641846e-02
8.800780028104782104e-02
4.289208725094795227e-02
7.567989081144332886e-02
6.459993124008178711e-02
8.311978727579116821e-02
9.680795669555664062e-02
