1.000000000000000000e+00,6.258142471313476562e+00
5.610000000000000000e+02,7.899461984634399414e-01
1.123000000000000000e+03,7.339378595352172852e-01
1.685000000000000000e+03,6.601289510726928711e-01
2.247000000000000000e+03,5.832056999206542969e-01
2.809000000000000000e+03,5.237861275672912598e-01
3.371000000000000000e+03,4.485843181610107422e-01
3.933000000000000000e+03,4.461734294891357422e-01
4.495000000000000000e+03,3.922459781169891357e-01
5.057000000000000000e+03,3.497331738471984863e-01
5.619000000000000000e+03,3.673240840435028076e-01
6.181000000000000000e+03,3.151172697544097900e-01
6.743000000000000000e+03,3.330752849578857422e-01
7.305000000000000000e+03,3.137810528278350830e-01
7.867000000000000000e+03,3.017166256904602051e-01
8.429000000000000000e+03,2.299648672342300415e-01
8.991000000000000000e+03,2.931219935417175293e-01
9.553000000000000000e+03,2.222613245248794556e-01
1.011500000000000000e+04,2.547676563262939453e-01
1.067700000000000000e+04,1.840848624706268311e-01
1.123900000000000000e+04,2.137802988290786743e-01
1.180100000000000000e+04,1.940822601318359375e-01
1.236300000000000000e+04,2.286172956228256226e-01
1.292500000000000000e+04,1.780712604522705078e-01
1.348700000000000000e+04,1.751968711614608765e-01
1.404900000000000000e+04,1.425264924764633179e-01
1.461100000000000000e+04,1.772345155477523804e-01
