1.000000000000000000e+00,2.158916711807250977e+00
5.610000000000000000e+02,7.463385462760925293e-01
1.123000000000000000e+03,6.508692502975463867e-01
1.685000000000000000e+03,5.782130956649780273e-01
2.247000000000000000e+03,4.983310699462890625e-01
2.809000000000000000e+03,4.166927337646484375e-01
3.371000000000000000e+03,3.784320950508117676e-01
3.933000000000000000e+03,3.412264585494995117e-01
4.495000000000000000e+03,3.098757266998291016e-01
5.057000000000000000e+03,2.820776402950286865e-01
5.619000000000000000e+03,2.959443330764770508e-01
6.181000000000000000e+03,2.436441183090209961e-01
6.743000000000000000e+03,3.231160044670104980e-01
7.305000000000000000e+03,2.554689347743988037e-01
7.867000000000000000e+03,2.817375957965850830e-01
8.429000000000000000e+03,2.706457674503326416e-01
8.991000000000000000e+03,2.912733256816864014e-01
9.553000000000000000e+03,2.781359255313873291e-01
1.011500000000000000e+04,2.712395191192626953e-01
1.067700000000000000e+04,1.530602872371673584e-01
1.123900000000000000e+04,2.266376614570617676e-01
1.180100000000000000e+04,2.273740172386169434e-01
1.236300000000000000e+04,2.133775651454925537e-01
1.292500000000000000e+04,1.776141971349716187e-01
1.348700000000000000e+04,1.583937704563140869e-01
1.404900000000000000e+04,1.375017166137695312e-01
1.461100000000000000e+04,1.953094452619552612e-01
