9.800683856010437012e-01
6.507933735847473145e-01
5.849506855010986328e-01
5.636603236198425293e-01
5.539552569389343262e-01
5.508382916450500488e-01
5.504019856452941895e-01
5.511586070060729980e-01
5.524428486824035645e-01
5.532416701316833496e-01
5.537790060043334961e-01
5.541290640830993652e-01
5.541210174560546875e-01
5.548455119132995605e-01
5.537140965461730957e-01
5.518626570701599121e-01
5.501390099525451660e-01
5.491728186607360840e-01
5.477483868598937988e-01
5.463052392005920410e-01
5.427325963973999023e-01
5.381910800933837891e-01
5.356028676033020020e-01
5.343384146690368652e-01
5.333609580993652344e-01
5.335000157356262207e-01
5.329245328903198242e-01
5.332403779029846191e-01
5.336278080940246582e-01
5.344334244728088379e-01
5.343143939971923828e-01
5.317339301109313965e-01
5.309078097343444824e-01
5.302753448486328125e-01
5.291740298271179199e-01
5.285291671752929688e-01
