9.854164719581604004e-01
6.360744833946228027e-01
5.847463011741638184e-01
5.665489435195922852e-01
5.658965706825256348e-01
5.623893737792968750e-01
5.652323961257934570e-01
5.586000084877014160e-01
5.702299475669860840e-01
5.358183383941650391e-01
5.553272366523742676e-01
5.556455254554748535e-01
5.601250529289245605e-01
5.573543906211853027e-01
5.582166314125061035e-01
5.535505414009094238e-01
5.343933701515197754e-01
5.539162158966064453e-01
5.607638359069824219e-01
5.407180190086364746e-01
5.415906310081481934e-01
5.326344370841979980e-01
5.569466352462768555e-01
5.385681390762329102e-01
5.542055368423461914e-01
5.250778794288635254e-01
5.294447541236877441e-01
5.469843745231628418e-01
5.233494639396667480e-01
5.243641138076782227e-01
5.265802741050720215e-01
5.256083607673645020e-01
5.354976654052734375e-01
5.418561100959777832e-01
5.474852919578552246e-01
5.221916437149047852e-01
