1.000000000000000000e+00,1.115287423133850098e+00
1.124000000000000000e+03,3.870212733745574951e-01
2.249000000000000000e+03,2.386425882577896118e-01
3.374000000000000000e+03,1.724694371223449707e-01
4.499000000000000000e+03,1.647735983133316040e-01
5.624000000000000000e+03,1.428833603858947754e-01
6.749000000000000000e+03,7.268092036247253418e-02
7.874000000000000000e+03,9.241579473018646240e-02
8.999000000000000000e+03,8.847866952419281006e-02
1.012400000000000000e+04,6.982239335775375366e-02
1.124900000000000000e+04,1.182459965348243713e-01
1.237400000000000000e+04,1.065661460161209106e-01
1.349900000000000000e+04,7.229725271463394165e-02
1.462400000000000000e+04,1.053464561700820923e-01
1.574900000000000000e+04,1.107787489891052246e-01
1.687400000000000000e+04,6.775148212909698486e-02
1.799900000000000000e+04,1.144493147730827332e-01
1.912400000000000000e+04,5.253181234002113342e-02
