1.000000000000000000e+00,5.024208068847656250e+00
5.610000000000000000e+02,8.021670579910278320e-01
1.123000000000000000e+03,7.484336495399475098e-01
1.685000000000000000e+03,7.187650203704833984e-01
2.247000000000000000e+03,6.865741014480590820e-01
2.809000000000000000e+03,6.358436942100524902e-01
3.371000000000000000e+03,4.738160669803619385e-01
3.933000000000000000e+03,4.052726924419403076e-01
4.495000000000000000e+03,3.748408257961273193e-01
5.057000000000000000e+03,3.280307352542877197e-01
5.619000000000000000e+03,3.439844846725463867e-01
6.181000000000000000e+03,2.507752180099487305e-01
6.743000000000000000e+03,3.015628159046173096e-01
7.305000000000000000e+03,2.682797014713287354e-01
7.867000000000000000e+03,2.751713097095489502e-01
8.429000000000000000e+03,2.846899926662445068e-01
8.991000000000000000e+03,2.333279848098754883e-01
9.553000000000000000e+03,2.277635335922241211e-01
1.011500000000000000e+04,2.455065101385116577e-01
1.067700000000000000e+04,1.710760593414306641e-01
1.123900000000000000e+04,1.852969527244567871e-01
1.180100000000000000e+04,2.181351929903030396e-01
1.236300000000000000e+04,2.606435418128967285e-01
1.292500000000000000e+04,2.163926064968109131e-01
1.348700000000000000e+04,1.815852373838424683e-01
1.404900000000000000e+04,1.695856899023056030e-01
1.461100000000000000e+04,1.820846498012542725e-01
