1.000000000000000000e+00,9.573780894279479980e-01
5.610000000000000000e+02,8.705309778451919556e-02
1.123000000000000000e+03,4.954403266310691833e-02
1.685000000000000000e+03,4.808472469449043274e-02
2.247000000000000000e+03,3.150600567460060120e-02
2.809000000000000000e+03,4.710994660854339600e-02
3.371000000000000000e+03,3.070151060819625854e-02
3.933000000000000000e+03,4.160318896174430847e-02
4.495000000000000000e+03,1.919494196772575378e-02
5.057000000000000000e+03,2.648022025823593140e-03
5.619000000000000000e+03,2.418930269777774811e-02
6.181000000000000000e+03,7.828622125089168549e-03
6.743000000000000000e+03,2.499369345605373383e-02
7.305000000000000000e+03,2.444588392972946167e-02
7.867000000000000000e+03,5.138361826539039612e-03
8.429000000000000000e+03,1.190183684229850769e-02
8.991000000000000000e+03,5.229346919804811478e-03
9.553000000000000000e+03,1.854366809129714966e-02
1.011500000000000000e+04,1.029342506080865860e-02
1.067700000000000000e+04,1.673133671283721924e-02
1.123900000000000000e+04,1.127429772168397903e-02
1.180100000000000000e+04,5.113692022860050201e-04
1.236300000000000000e+04,6.668150308541953564e-04
1.292500000000000000e+04,2.020370028913021088e-02
1.348700000000000000e+04,9.065118618309497833e-03
1.404900000000000000e+04,2.228432893753051758e-02
1.461100000000000000e+04,1.111994218081235886e-02
1.517300000000000000e+04,2.601202763617038727e-02
1.573500000000000000e+04,9.045431506820023060e-04
1.629700000000000000e+04,1.176321133971214294e-02
1.685900000000000000e+04,6.098888348788022995e-03
1.742100000000000000e+04,3.735346486791968346e-03
1.798300000000000000e+04,1.372278109192848206e-02
1.854500000000000000e+04,9.561748593114316463e-04
1.910700000000000000e+04,6.055459380149841309e-04
1.966900000000000000e+04,5.717533058486878872e-04
