1.034381031990051270e+00
1.977777034044265747e-01
9.735599905252456665e-02
7.487887144088745117e-02
6.683707982301712036e-02
6.185873225331306458e-02
5.776695534586906433e-02
5.470867827534675598e-02
5.257415398955345154e-02
5.094828829169273376e-02
5.031023547053337097e-02
4.965799674391746521e-02
4.676454886794090271e-02
4.246005788445472717e-02
4.016181454062461853e-02
3.943210095167160034e-02
3.711513057351112366e-02
3.318608179688453674e-02
3.102125786244869232e-02
2.941331267356872559e-02
2.875918336212635040e-02
2.944817207753658295e-02
2.971669286489486694e-02
2.945788763463497162e-02
2.969875186681747437e-02
2.980694174766540527e-02
2.954174764454364777e-02
