1.000000000000000000e+00,1.528480768203735352e+00
1.124000000000000000e+03,5.696365833282470703e-01
2.249000000000000000e+03,4.032423794269561768e-01
3.374000000000000000e+03,3.529829680919647217e-01
4.499000000000000000e+03,3.012343049049377441e-01
5.624000000000000000e+03,2.981256842613220215e-01
6.749000000000000000e+03,1.971332728862762451e-01
7.874000000000000000e+03,1.849323511123657227e-01
8.999000000000000000e+03,1.885004490613937378e-01
1.012400000000000000e+04,1.478286683559417725e-01
1.124900000000000000e+04,1.885717958211898804e-01
1.237400000000000000e+04,1.861776262521743774e-01
1.349900000000000000e+04,1.349650621414184570e-01
1.462400000000000000e+04,1.367534995079040527e-01
1.574900000000000000e+04,1.519907116889953613e-01
1.687400000000000000e+04,1.086540818214416504e-01
1.799900000000000000e+04,1.282264441251754761e-01
1.912400000000000000e+04,1.039942204952239990e-01
