2.285856246948242188e+00
7.052195668220520020e-01
5.578785538673400879e-01
4.477712810039520264e-01
3.878778219223022461e-01
3.541485667228698730e-01
3.297792077064514160e-01
3.079257309436798096e-01
2.893993854522705078e-01
2.684125900268554688e-01
2.470471262931823730e-01
2.275882810354232788e-01
2.109819054603576660e-01
1.986565589904785156e-01
1.897819787263870239e-01
1.775424480438232422e-01
1.686518341302871704e-01
1.555256843566894531e-01
1.473621875047683716e-01
1.377323418855667114e-01
1.306694298982620239e-01
1.218387037515640259e-01
1.167813912034034729e-01
