2.408945083618164062e+00
7.078337073326110840e-01
5.818142294883728027e-01
4.542321562767028809e-01
3.904915750026702881e-01
3.726867437362670898e-01
3.220227360725402832e-01
3.263532221317291260e-01
2.373777031898498535e-01
2.599435448646545410e-01
2.265602499246597290e-01
2.260947376489639282e-01
2.046824395656585693e-01
1.912195086479187012e-01
1.817043274641036987e-01
1.523131281137466431e-01
1.779370307922363281e-01
1.524868607521057129e-01
1.329413056373596191e-01
1.541670858860015869e-01
1.217857897281646729e-01
8.831635862588882446e-02
1.083582118153572083e-01
