9.077056050300598145e-01
2.330725640058517456e-01
1.387652605772018433e-01
9.422028064727783203e-02
8.136565238237380981e-02
7.697000354528427124e-02
7.478861510753631592e-02
7.306216657161712646e-02
7.091850787401199341e-02
6.966145336627960205e-02
6.900376826524734497e-02
6.710742413997650146e-02
6.469199061393737793e-02
6.280323117971420288e-02
6.192325428128242493e-02
5.993293598294258118e-02
5.877453461289405823e-02
5.758883431553840637e-02
5.665389820933341980e-02
5.508790537714958191e-02
5.288348719477653503e-02
5.161906406283378601e-02
4.837286472320556641e-02
4.542607069015502930e-02
4.402435198426246643e-02
4.340277239680290222e-02
4.225809872150421143e-02
