9.212946295738220215e-01
2.431686967611312866e-01
1.515943259000778198e-01
1.315565258264541626e-01
1.266232877969741821e-01
9.043931216001510620e-02
4.100481793284416199e-02
7.751534134149551392e-02
9.257859736680984497e-02
7.547741383314132690e-02
4.781416431069374084e-02
5.753879621624946594e-02
6.495914608240127563e-02
7.460912317037582397e-02
5.741722509264945984e-02
5.709790065884590149e-02
4.520201310515403748e-02
8.064275234937667847e-02
5.400555208325386047e-02
8.011921495199203491e-02
6.834792345762252808e-02
7.686364650726318359e-02
5.560933053493499756e-02
4.236450418829917908e-02
4.789574071764945984e-02
5.803509056568145752e-02
5.424271896481513977e-02
