1.053103804588317871e+00
6.694433093070983887e-01
6.458306908607482910e-01
5.943424105644226074e-01
5.489526391029357910e-01
5.377667546272277832e-01
5.371026992797851562e-01
5.355378389358520508e-01
5.333304405212402344e-01
5.304548740386962891e-01
5.275640487670898438e-01
5.261126756668090820e-01
5.251441597938537598e-01
5.246016383171081543e-01
5.243719220161437988e-01
5.241454839706420898e-01
5.230575203895568848e-01
5.213589668273925781e-01
5.200269818305969238e-01
5.195329785346984863e-01
5.188263058662414551e-01
5.180256366729736328e-01
5.170457959175109863e-01
5.164491534233093262e-01
5.162686109542846680e-01
5.155265927314758301e-01
5.156835913658142090e-01
5.155920386314392090e-01
5.151525139808654785e-01
5.152132511138916016e-01
5.152841210365295410e-01
5.153396725654602051e-01
5.144982933998107910e-01
5.139310956001281738e-01
5.139607191085815430e-01
5.142017006874084473e-01
