1.067999958992004395e+00
6.633870005607604980e-01
6.503741741180419922e-01
6.026767492294311523e-01
5.386027693748474121e-01
5.513436794281005859e-01
5.518958568572998047e-01
5.355646014213562012e-01
5.363205671310424805e-01
5.247927904129028320e-01
5.299300551414489746e-01
5.060986876487731934e-01
5.347362160682678223e-01
5.166376829147338867e-01
5.099766850471496582e-01
5.258166193962097168e-01
5.206170082092285156e-01
5.279241204261779785e-01
5.210668444633483887e-01
5.106662511825561523e-01
5.121920704841613770e-01
4.986129701137542725e-01
5.183769464492797852e-01
5.162847638130187988e-01
5.133476257324218750e-01
5.029159188270568848e-01
5.048747658729553223e-01
5.062926411628723145e-01
5.052467584609985352e-01
5.008435845375061035e-01
4.925351440906524658e-01
5.051413178443908691e-01
4.951963126659393311e-01
5.059033036231994629e-01
5.065233111381530762e-01
4.994794130325317383e-01
