1.000000000000000000e+00,2.881064176559448242e+00
5.610000000000000000e+02,8.034615516662597656e-01
1.123000000000000000e+03,7.085474729537963867e-01
1.685000000000000000e+03,6.451919078826904297e-01
2.247000000000000000e+03,6.091983914375305176e-01
2.809000000000000000e+03,5.266755819320678711e-01
3.371000000000000000e+03,4.263080358505249023e-01
3.933000000000000000e+03,3.508440852165222168e-01
4.495000000000000000e+03,3.339568376541137695e-01
5.057000000000000000e+03,2.935441136360168457e-01
5.619000000000000000e+03,2.646248340606689453e-01
6.181000000000000000e+03,2.057494670152664185e-01
6.743000000000000000e+03,2.673929333686828613e-01
7.305000000000000000e+03,2.089897692203521729e-01
7.867000000000000000e+03,2.107716500759124756e-01
8.429000000000000000e+03,2.277405858039855957e-01
8.991000000000000000e+03,2.452724128961563110e-01
9.553000000000000000e+03,2.372719943523406982e-01
1.011500000000000000e+04,1.792707741260528564e-01
1.067700000000000000e+04,1.238603219389915466e-01
1.123900000000000000e+04,1.250202804803848267e-01
1.180100000000000000e+04,1.920553147792816162e-01
1.236300000000000000e+04,1.661812663078308105e-01
1.292500000000000000e+04,1.616224944591522217e-01
1.348700000000000000e+04,1.602251976728439331e-01
1.404900000000000000e+04,1.092355102300643921e-01
1.461100000000000000e+04,1.391624659299850464e-01
