1.000000000000000000e+00,2.509622812271118164e+00
1.124000000000000000e+03,5.873262882232666016e-01
2.249000000000000000e+03,3.963021934032440186e-01
3.374000000000000000e+03,3.301903605461120605e-01
4.499000000000000000e+03,2.241609096527099609e-01
5.624000000000000000e+03,2.494072914123535156e-01
6.749000000000000000e+03,1.791311800479888916e-01
7.874000000000000000e+03,1.529080718755722046e-01
8.999000000000000000e+03,1.962549090385437012e-01
1.012400000000000000e+04,1.450424194335937500e-01
1.124900000000000000e+04,1.676142215728759766e-01
1.237400000000000000e+04,1.655284613370895386e-01
1.349900000000000000e+04,1.294533014297485352e-01
1.462400000000000000e+04,1.284805387258529663e-01
1.574900000000000000e+04,1.284893751144409180e-01
1.687400000000000000e+04,7.143586874008178711e-02
1.799900000000000000e+04,1.130929663777351379e-01
1.912400000000000000e+04,8.772771060466766357e-02
