1.000000000000000000e+00,1.940823674201965332e+00
5.610000000000000000e+02,1.366885602474212646e-01
1.123000000000000000e+03,8.017917722463607788e-02
1.685000000000000000e+03,6.501965224742889404e-02
2.247000000000000000e+03,4.722991585731506348e-02
2.809000000000000000e+03,6.982339173555374146e-02
3.371000000000000000e+03,3.117426671087741852e-02
3.933000000000000000e+03,5.791082978248596191e-02
4.495000000000000000e+03,1.963427104055881500e-02
5.057000000000000000e+03,5.243487656116485596e-03
5.619000000000000000e+03,2.646817825734615326e-02
6.181000000000000000e+03,5.296729039400815964e-03
6.743000000000000000e+03,3.863544389605522156e-02
7.305000000000000000e+03,2.693020738661289215e-02
7.867000000000000000e+03,4.011812154203653336e-03
8.429000000000000000e+03,1.376810669898986816e-02
8.991000000000000000e+03,1.375780627131462097e-02
9.553000000000000000e+03,4.502965882420539856e-02
1.011500000000000000e+04,1.332167536020278931e-03
1.067700000000000000e+04,5.486476700752973557e-03
1.123900000000000000e+04,2.525619231164455414e-02
1.180100000000000000e+04,1.167450682260096073e-03
1.236300000000000000e+04,1.098448876291513443e-02
1.292500000000000000e+04,3.460378199815750122e-02
1.348700000000000000e+04,3.854477405548095703e-02
1.404900000000000000e+04,4.030342027544975281e-02
1.461100000000000000e+04,1.275451201945543289e-02
1.517300000000000000e+04,2.619054354727268219e-02
1.573500000000000000e+04,1.160912914201617241e-03
1.629700000000000000e+04,1.480927318334579468e-02
1.685900000000000000e+04,1.037913653999567032e-02
1.742100000000000000e+04,1.518046204000711441e-02
1.798300000000000000e+04,1.330525521188974380e-02
1.854500000000000000e+04,6.357506499625742435e-04
1.910700000000000000e+04,4.875100858043879271e-04
1.966900000000000000e+04,6.379654631018638611e-03
