1.000000000000000000e+00,6.791531443595886230e-01
5.610000000000000000e+02,8.130399137735366821e-02
1.123000000000000000e+03,4.747428372502326965e-02
1.685000000000000000e+03,4.125112667679786682e-02
2.247000000000000000e+03,3.334878757596015930e-02
2.809000000000000000e+03,4.625352099537849426e-02
3.371000000000000000e+03,2.460966445505619049e-02
3.933000000000000000e+03,4.969789087772369385e-02
4.495000000000000000e+03,1.532664522528648376e-02
5.057000000000000000e+03,1.170381437987089157e-02
5.619000000000000000e+03,3.379154950380325317e-02
6.181000000000000000e+03,1.138243079185485840e-02
6.743000000000000000e+03,2.838604338467121124e-02
7.305000000000000000e+03,2.078747004270553589e-02
7.867000000000000000e+03,4.963635932654142380e-03
8.429000000000000000e+03,1.255982834845781326e-02
8.991000000000000000e+03,2.476341277360916138e-02
9.553000000000000000e+03,1.863786019384860992e-02
1.011500000000000000e+04,3.410706296563148499e-03
1.067700000000000000e+04,9.652511216700077057e-03
1.123900000000000000e+04,2.989072911441326141e-02
1.180100000000000000e+04,1.993026351556181908e-03
1.236300000000000000e+04,1.716640195809304714e-03
1.292500000000000000e+04,2.181832678616046906e-02
1.348700000000000000e+04,1.386870723217725754e-02
1.404900000000000000e+04,2.229389734566211700e-02
1.461100000000000000e+04,2.763165161013603210e-03
1.517300000000000000e+04,1.643565855920314789e-02
1.573500000000000000e+04,6.677091587334871292e-03
1.629700000000000000e+04,4.792946856468915939e-03
1.685900000000000000e+04,7.154954131692647934e-03
1.742100000000000000e+04,5.593228619545698166e-03
1.798300000000000000e+04,3.831540932878851891e-03
1.854500000000000000e+04,1.565605518408119678e-03
1.910700000000000000e+04,3.944207914173603058e-03
1.966900000000000000e+04,1.501745078712701797e-03
