5.925820250666084199e+00,3.830802167295336957e+00,2.609966826940852247e+00,4.490009494984553484e+00,3.330317861725256012e+00,1.831739416471574122e+00,4.518155152619708126e+00,2.817894676144024668e+00,1.463340432073529929e+00
5.718630121213841733e+00,5.200637674698510793e+00,2.997381153967724199e+00,6.039018197364717011e+00,4.196350830435064516e+00,2.530986423522634698e+00,4.379574541106135754e+00,3.120706031395624525e+00,1.699722301140838887e+00
-9.424096995111808539e+00,-2.992991435331000094e+00,-2.082346890880717449e+00,-5.319792357006953409e+00,-1.851794885495598564e+00,-1.070623820849247121e+00,-4.889648709192004006e+00,-1.437932720863980274e+00,-7.782151432879076403e-01
1.834082756462159480e+01,9.434515463881510300e+00,6.271219435153984278e+00,1.329344849570514953e+01,7.208315163503635326e+00,4.246894017391416476e+00,1.173492354746825228e+01,5.635849601150994204e+00,3.065949223988607475e+00
4.610233341075407054e+00,1.262125015569094844e+00,8.763311900055561487e-01,1.964115824669878219e+00,8.041072473179482483e-01,3.374055314285204221e-01,2.258136741550365478e+00,7.557201977670536808e-01,3.478964993408928397e-01
1.158293782571869457e+01,8.995481492875859075e+00,7.613843656434470475e+00,7.002797023250427522e+00,5.185839121519348893e+00,4.089080110151437353e+00,4.524803067379989940e+00,3.036375920824847974e+00,2.180963537638041849e+00
-1.032606418174990281e+01,-7.520938966199224751e+00,-6.293091204165549790e+00,-4.549420122676103517e+00,-3.040215308298973795e+00,-2.378444710388630146e+00,-2.971073115776460050e+00,-1.709240673102557562e+00,-1.224923646788218967e+00
1.941423871635146181e+00,5.756588794681274379e-01,7.820985766461789890e-01,-6.133260009062631024e-01,-9.173876998238423841e-01,-6.919322215861527514e-01,-4.606044297898342910e-01,-7.217338947764347923e-01,-4.772613721761278516e-01
9.511767154526964418e+00,6.835499779785624952e+00,5.881216541362618955e+00,5.161652605775143954e+00,3.486285043085789681e+00,2.698433313765567387e+00,3.048148642528086150e+00,1.859463268562479010e+00,1.363282039502351939e+00
-2.884606249221089769e+00,-1.558743802096462794e+00,-2.327393603971088964e+00,-1.120704677372387437e+00,-8.557407257411322465e-01,-9.664545498793807310e-01,-1.141364414620080758e+00,-4.762576518903282041e-01,-4.283221834919606064e-01
