1.000000000000000000e+00,9.604787230491638184e-01
5.610000000000000000e+02,2.881309986114501953e-01
1.123000000000000000e+03,2.687711715698242188e-01
1.685000000000000000e+03,1.845924854278564453e-01
2.247000000000000000e+03,9.970279783010482788e-02
2.809000000000000000e+03,1.175567135214805603e-01
3.371000000000000000e+03,1.078820824623107910e-01
3.933000000000000000e+03,1.276575475931167603e-01
4.495000000000000000e+03,9.171701222658157349e-02
5.057000000000000000e+03,4.880031943321228027e-02
5.619000000000000000e+03,1.258417218923568726e-01
6.181000000000000000e+03,8.113039284944534302e-02
6.743000000000000000e+03,1.116776391863822937e-01
7.305000000000000000e+03,1.040701493620872498e-01
7.867000000000000000e+03,7.162386924028396606e-02
8.429000000000000000e+03,8.103679120540618896e-02
8.991000000000000000e+03,8.904410153627395630e-02
9.553000000000000000e+03,1.344376802444458008e-01
1.011500000000000000e+04,3.700304031372070312e-02
1.067700000000000000e+04,1.022546663880348206e-01
1.123900000000000000e+04,1.217494234442710876e-01
1.180100000000000000e+04,5.549295246601104736e-02
1.236300000000000000e+04,4.107579216361045837e-02
1.292500000000000000e+04,1.009157523512840271e-01
1.348700000000000000e+04,9.795930981636047363e-02
1.404900000000000000e+04,1.305332630872726440e-01
1.461100000000000000e+04,5.524220690131187439e-02
1.517300000000000000e+04,1.042066588997840881e-01
1.573500000000000000e+04,8.712217956781387329e-02
1.629700000000000000e+04,6.829199939966201782e-02
1.685900000000000000e+04,7.751620560884475708e-02
1.742100000000000000e+04,7.070884108543395996e-02
1.798300000000000000e+04,6.883198767900466919e-02
1.854500000000000000e+04,6.754252314567565918e-02
1.910700000000000000e+04,2.586406469345092773e-02
1.966900000000000000e+04,8.588627725839614868e-02
