1.000000000000000000e+00,8.698995590209960938e+00
5.610000000000000000e+02,8.138658404350280762e-01
1.123000000000000000e+03,7.249146699905395508e-01
1.685000000000000000e+03,6.775394678115844727e-01
2.247000000000000000e+03,5.969628095626831055e-01
2.809000000000000000e+03,5.782652497291564941e-01
3.371000000000000000e+03,5.091909766197204590e-01
3.933000000000000000e+03,4.586663544178009033e-01
4.495000000000000000e+03,4.060859978199005127e-01
5.057000000000000000e+03,3.794669806957244873e-01
5.619000000000000000e+03,3.815945386886596680e-01
6.181000000000000000e+03,2.958717048168182373e-01
6.743000000000000000e+03,3.467230200767517090e-01
7.305000000000000000e+03,2.939710617065429688e-01
7.867000000000000000e+03,2.972387671470642090e-01
8.429000000000000000e+03,3.142386972904205322e-01
8.991000000000000000e+03,2.997011244297027588e-01
9.553000000000000000e+03,2.453207820653915405e-01
1.011500000000000000e+04,2.622574567794799805e-01
1.067700000000000000e+04,1.776518523693084717e-01
1.123900000000000000e+04,1.904398053884506226e-01
1.180100000000000000e+04,2.619070112705230713e-01
1.236300000000000000e+04,2.789745032787322998e-01
1.292500000000000000e+04,2.245945483446121216e-01
1.348700000000000000e+04,2.192725092172622681e-01
1.404900000000000000e+04,1.519139409065246582e-01
1.461100000000000000e+04,2.170477807521820068e-01
