1.000000000000000000e+00,5.104304313659667969e+00
5.610000000000000000e+02,8.487564921379089355e-01
1.123000000000000000e+03,7.094957828521728516e-01
1.685000000000000000e+03,5.923398137092590332e-01
2.247000000000000000e+03,5.561642050743103027e-01
2.809000000000000000e+03,4.114263057708740234e-01
3.371000000000000000e+03,3.928220272064208984e-01
3.933000000000000000e+03,3.445741832256317139e-01
4.495000000000000000e+03,3.125516176223754883e-01
5.057000000000000000e+03,2.889688909053802490e-01
5.619000000000000000e+03,2.949099540710449219e-01
6.181000000000000000e+03,2.256734520196914673e-01
6.743000000000000000e+03,2.428114712238311768e-01
7.305000000000000000e+03,2.315626293420791626e-01
7.867000000000000000e+03,2.206987440586090088e-01
8.429000000000000000e+03,2.075564563274383545e-01
8.991000000000000000e+03,1.822496950626373291e-01
9.553000000000000000e+03,1.791799962520599365e-01
1.011500000000000000e+04,1.513427644968032837e-01
1.067700000000000000e+04,1.608054339885711670e-01
1.123900000000000000e+04,1.428749710321426392e-01
1.180100000000000000e+04,1.836207062005996704e-01
1.236300000000000000e+04,1.531618982553482056e-01
1.292500000000000000e+04,1.228950545191764832e-01
1.348700000000000000e+04,1.148460879921913147e-01
1.404900000000000000e+04,8.567339181900024414e-02
1.461100000000000000e+04,1.633763313293457031e-01
