1.000000000000000000e+00,9.420649409294128418e-01
5.610000000000000000e+02,6.079682707786560059e-02
1.123000000000000000e+03,5.524845048785209656e-02
1.685000000000000000e+03,4.411281272768974304e-02
2.247000000000000000e+03,5.403473600745201111e-02
2.809000000000000000e+03,5.692626908421516418e-02
3.371000000000000000e+03,4.059721156954765320e-02
3.933000000000000000e+03,4.113716259598731995e-02
4.495000000000000000e+03,2.698514796793460846e-02
5.057000000000000000e+03,6.158614065498113632e-03
5.619000000000000000e+03,1.674439013004302979e-02
6.181000000000000000e+03,1.569752953946590424e-02
6.743000000000000000e+03,3.907470777630805969e-02
7.305000000000000000e+03,2.234902791678905487e-02
7.867000000000000000e+03,5.964009906165301800e-04
8.429000000000000000e+03,1.153712254017591476e-02
8.991000000000000000e+03,1.760607026517391205e-02
9.553000000000000000e+03,2.189342118799686432e-02
1.011500000000000000e+04,3.350731858517974615e-04
1.067700000000000000e+04,2.242567203938961029e-02
1.123900000000000000e+04,2.095331251621246338e-02
1.180100000000000000e+04,9.151193808065727353e-05
1.236300000000000000e+04,6.192712113261222839e-03
1.292500000000000000e+04,2.095944434404373169e-02
1.348700000000000000e+04,1.304958853870630264e-02
1.404900000000000000e+04,1.760598085820674896e-02
1.461100000000000000e+04,7.497676182538270950e-03
1.517300000000000000e+04,1.095939148217439651e-02
1.573500000000000000e+04,6.230219732969999313e-03
1.629700000000000000e+04,1.383290067315101624e-02
1.685900000000000000e+04,1.072303205728530884e-02
1.742100000000000000e+04,3.424070542678236961e-03
1.798300000000000000e+04,3.804772160947322845e-03
1.854500000000000000e+04,4.015420272480696440e-04
1.910700000000000000e+04,1.122863104683347046e-04
1.966900000000000000e+04,5.351801883080042899e-05
