1.000000000000000000e+00,8.568410277366638184e-01
5.610000000000000000e+02,1.557350754737854004e-01
1.123000000000000000e+03,7.901369035243988037e-02
1.685000000000000000e+03,5.824455246329307556e-02
2.247000000000000000e+03,6.823615729808807373e-02
2.809000000000000000e+03,9.000096470117568970e-02
3.371000000000000000e+03,4.410220682621002197e-02
3.933000000000000000e+03,9.125534445047378540e-02
4.495000000000000000e+03,5.899351835250854492e-02
5.057000000000000000e+03,4.915947560220956802e-03
5.619000000000000000e+03,5.877466127276420593e-02
6.181000000000000000e+03,5.166649445891380310e-02
6.743000000000000000e+03,8.016955107450485229e-02
7.305000000000000000e+03,3.306053951382637024e-02
7.867000000000000000e+03,3.403333574533462524e-02
8.429000000000000000e+03,2.598992548882961273e-02
8.991000000000000000e+03,6.560362130403518677e-02
9.553000000000000000e+03,1.045575663447380066e-01
1.011500000000000000e+04,1.655904017388820648e-02
1.067700000000000000e+04,2.680484391748905182e-02
1.123900000000000000e+04,6.583011895418167114e-02
1.180100000000000000e+04,4.149044677615165710e-02
1.236300000000000000e+04,1.215233281254768372e-02
1.292500000000000000e+04,4.770978912711143494e-02
1.348700000000000000e+04,6.926687806844711304e-02
1.404900000000000000e+04,9.236618876457214355e-02
1.461100000000000000e+04,3.352881595492362976e-02
1.517300000000000000e+04,5.274842679500579834e-02
1.573500000000000000e+04,4.360005259513854980e-02
1.629700000000000000e+04,3.436727449297904968e-02
1.685900000000000000e+04,6.323444098234176636e-02
1.742100000000000000e+04,3.278492763638496399e-02
1.798300000000000000e+04,4.925790429115295410e-02
1.854500000000000000e+04,3.376015648245811462e-02
1.910700000000000000e+04,2.468619728460907936e-03
1.966900000000000000e+04,3.009871207177639008e-02
