1.000000000000000000e+00,1.000617146492004395e+00
5.610000000000000000e+02,8.634725213050842285e-02
1.123000000000000000e+03,5.122119188308715820e-02
1.685000000000000000e+03,6.197981163859367371e-02
2.247000000000000000e+03,5.205382779240608215e-02
2.809000000000000000e+03,6.339737772941589355e-02
3.371000000000000000e+03,6.748814135789871216e-02
3.933000000000000000e+03,5.836617946624755859e-02
4.495000000000000000e+03,4.144873842597007751e-02
5.057000000000000000e+03,8.438696153461933136e-03
5.619000000000000000e+03,6.574771553277969360e-02
6.181000000000000000e+03,2.926017530262470245e-02
6.743000000000000000e+03,3.811496496200561523e-02
7.305000000000000000e+03,2.516921609640121460e-02
7.867000000000000000e+03,1.016821712255477905e-02
8.429000000000000000e+03,1.564141549170017242e-02
8.991000000000000000e+03,5.262656509876251221e-02
9.553000000000000000e+03,6.644442677497863770e-02
1.011500000000000000e+04,1.676960499025881290e-03
1.067700000000000000e+04,3.124461881816387177e-02
1.123900000000000000e+04,6.790699064731597900e-02
1.180100000000000000e+04,2.222607843577861786e-02
1.236300000000000000e+04,1.300987601280212402e-02
1.292500000000000000e+04,2.459714002907276154e-02
1.348700000000000000e+04,4.838183894753456116e-02
1.404900000000000000e+04,3.196228295564651489e-02
1.461100000000000000e+04,8.256109431385993958e-03
1.517300000000000000e+04,4.671867191791534424e-02
1.573500000000000000e+04,8.440147503279149532e-04
1.629700000000000000e+04,1.650677807629108429e-02
1.685900000000000000e+04,1.982349157333374023e-02
1.742100000000000000e+04,1.934839040040969849e-02
1.798300000000000000e+04,1.717545837163925171e-02
1.854500000000000000e+04,3.388876840472221375e-02
1.910700000000000000e+04,5.125587806105613708e-03
1.966900000000000000e+04,7.687177509069442749e-03
