1.000000000000000000e+00,1.183549165725708008e+00
5.610000000000000000e+02,1.072130724787712097e-01
1.123000000000000000e+03,3.720568493008613586e-02
1.685000000000000000e+03,4.629929736256599426e-02
2.247000000000000000e+03,5.120847746729850769e-02
2.809000000000000000e+03,3.540282323956489563e-02
3.371000000000000000e+03,4.292460158467292786e-02
3.933000000000000000e+03,3.275022283196449280e-02
4.495000000000000000e+03,2.871290780603885651e-02
5.057000000000000000e+03,1.005875319242477417e-02
5.619000000000000000e+03,2.767109312117099762e-02
6.181000000000000000e+03,3.653013333678245544e-02
6.743000000000000000e+03,3.394130989909172058e-02
7.305000000000000000e+03,4.713859781622886658e-02
7.867000000000000000e+03,2.274611406028270721e-02
8.429000000000000000e+03,2.280412800610065460e-02
8.991000000000000000e+03,4.539253190159797668e-02
9.553000000000000000e+03,6.665538251399993896e-02
1.011500000000000000e+04,1.748137059621512890e-03
1.067700000000000000e+04,2.470307238399982452e-02
1.123900000000000000e+04,2.639710903167724609e-02
1.180100000000000000e+04,1.072015706449747086e-02
1.236300000000000000e+04,1.356773823499679565e-02
1.292500000000000000e+04,3.779770806431770325e-02
1.348700000000000000e+04,9.053745865821838379e-02
1.404900000000000000e+04,6.381385773420333862e-02
1.461100000000000000e+04,1.329379994422197342e-02
1.517300000000000000e+04,2.800764143466949463e-02
1.573500000000000000e+04,2.615755237638950348e-02
1.629700000000000000e+04,2.631681598722934723e-02
1.685900000000000000e+04,6.239325273782014847e-03
1.742100000000000000e+04,2.772312611341476440e-02
1.798300000000000000e+04,2.541072852909564972e-02
1.854500000000000000e+04,2.373224683105945587e-02
1.910700000000000000e+04,1.041681692004203796e-02
1.966900000000000000e+04,2.603153139352798462e-02
