1.000000000000000000e+00,4.423114776611328125e+00
5.610000000000000000e+02,8.238949775695800781e-01
1.123000000000000000e+03,7.865570783615112305e-01
1.685000000000000000e+03,7.314507961273193359e-01
2.247000000000000000e+03,7.058961391448974609e-01
2.809000000000000000e+03,6.757451891899108887e-01
3.371000000000000000e+03,6.846621036529541016e-01
3.933000000000000000e+03,6.482686996459960938e-01
4.495000000000000000e+03,6.170532703399658203e-01
5.057000000000000000e+03,5.845642089843750000e-01
5.619000000000000000e+03,4.996835589408874512e-01
6.181000000000000000e+03,4.066959619522094727e-01
6.743000000000000000e+03,4.067121148109436035e-01
7.305000000000000000e+03,4.066412746906280518e-01
7.867000000000000000e+03,3.827545046806335449e-01
8.429000000000000000e+03,3.545275032520294189e-01
8.991000000000000000e+03,3.367359340190887451e-01
9.553000000000000000e+03,2.840481102466583252e-01
1.011500000000000000e+04,2.922240495681762695e-01
1.067700000000000000e+04,2.316808700561523438e-01
1.123900000000000000e+04,2.348524928092956543e-01
1.180100000000000000e+04,2.562490701675415039e-01
1.236300000000000000e+04,2.373375594615936279e-01
1.292500000000000000e+04,2.001658529043197632e-01
1.348700000000000000e+04,2.277796566486358643e-01
1.404900000000000000e+04,1.706095337867736816e-01
1.461100000000000000e+04,1.940077245235443115e-01
