1.000000000000000000e+00,1.000362992286682129e+00
5.610000000000000000e+02,2.325092554092407227e-01
1.123000000000000000e+03,2.221469134092330933e-01
1.685000000000000000e+03,1.364620774984359741e-01
2.247000000000000000e+03,7.116742432117462158e-02
2.809000000000000000e+03,7.011052221059799194e-02
3.371000000000000000e+03,7.929060608148574829e-02
3.933000000000000000e+03,8.221820741891860962e-02
4.495000000000000000e+03,4.536490514874458313e-02
5.057000000000000000e+03,1.271599531173706055e-02
5.619000000000000000e+03,8.570647239685058594e-02
6.181000000000000000e+03,5.097113922238349915e-02
6.743000000000000000e+03,7.489605993032455444e-02
7.305000000000000000e+03,5.481234565377235413e-02
7.867000000000000000e+03,3.255003690719604492e-02
8.429000000000000000e+03,1.882125437259674072e-02
8.991000000000000000e+03,5.677456781268119812e-02
9.553000000000000000e+03,1.013691052794456482e-01
1.011500000000000000e+04,8.617590181529521942e-03
1.067700000000000000e+04,3.838188946247100830e-02
1.123900000000000000e+04,8.703804761171340942e-02
1.180100000000000000e+04,1.381020899862051010e-02
1.236300000000000000e+04,1.432548370212316513e-02
1.292500000000000000e+04,4.433700442314147949e-02
1.348700000000000000e+04,5.763540044426918030e-02
1.404900000000000000e+04,9.073227643966674805e-02
1.461100000000000000e+04,2.368053607642650604e-02
1.517300000000000000e+04,3.569810464978218079e-02
1.573500000000000000e+04,4.981556534767150879e-02
1.629700000000000000e+04,2.942436374723911285e-02
1.685900000000000000e+04,2.876446954905986786e-02
1.742100000000000000e+04,4.675100371241569519e-02
1.798300000000000000e+04,4.263472557067871094e-02
1.854500000000000000e+04,2.356843091547489166e-02
1.910700000000000000e+04,1.768403314054012299e-02
1.966900000000000000e+04,4.420148208737373352e-02
