9.697129726409912109e-01
6.471380591392517090e-01
5.766223669052124023e-01
5.491983890533447266e-01
5.374843478202819824e-01
5.205730795860290527e-01
5.130581855773925781e-01
5.097119808197021484e-01
5.084616541862487793e-01
5.078851580619812012e-01
5.074893832206726074e-01
5.066493749618530273e-01
5.048800110816955566e-01
5.045644640922546387e-01
5.042894482612609863e-01
5.046365857124328613e-01
5.047934651374816895e-01
5.049123764038085938e-01
5.051903128623962402e-01
5.052075982093811035e-01
5.056568980216979980e-01
5.058118104934692383e-01
5.057230591773986816e-01
5.061662197113037109e-01
5.063473582267761230e-01
5.068088769912719727e-01
5.067809820175170898e-01
5.071668624877929688e-01
5.073115825653076172e-01
5.076734423637390137e-01
5.074878931045532227e-01
5.073498487472534180e-01
5.071772933006286621e-01
5.071387887001037598e-01
5.070552229881286621e-01
5.072267055511474609e-01
