9.429110884666442871e-01
6.403725743293762207e-01
6.075854897499084473e-01
5.785531401634216309e-01
5.403856635093688965e-01
5.246956348419189453e-01
5.125385522842407227e-01
5.073712468147277832e-01
5.068288445472717285e-01
4.956601560115814209e-01
5.117472410202026367e-01
5.018333196640014648e-01
5.114979743957519531e-01
5.017476081848144531e-01
5.008062720298767090e-01
5.106819272041320801e-01
5.075833201408386230e-01
5.057430267333984375e-01
4.987443387508392334e-01
5.084792971611022949e-01
4.999357759952545166e-01
4.992695748805999756e-01
5.078759789466857910e-01
4.998725354671478271e-01
5.053578615188598633e-01
4.929676055908203125e-01
5.126962065696716309e-01
4.906307756900787354e-01
5.023119449615478516e-01
4.939289093017578125e-01
4.975084364414215088e-01
5.039128065109252930e-01
5.000028610229492188e-01
5.056481361389160156e-01
5.092076659202575684e-01
4.975141286849975586e-01
