1.000000000000000000e+00,5.729837417602539062e+00
1.124000000000000000e+03,6.400013566017150879e-01
2.249000000000000000e+03,4.530424177646636963e-01
3.374000000000000000e+03,3.920904994010925293e-01
4.499000000000000000e+03,2.892315387725830078e-01
5.624000000000000000e+03,2.819009721279144287e-01
6.749000000000000000e+03,2.215371131896972656e-01
7.874000000000000000e+03,1.935628950595855713e-01
8.999000000000000000e+03,2.215359210968017578e-01
1.012400000000000000e+04,1.958566457033157349e-01
1.124900000000000000e+04,2.136028558015823364e-01
1.237400000000000000e+04,2.247866988182067871e-01
1.349900000000000000e+04,1.702910512685775757e-01
1.462400000000000000e+04,1.824580878019332886e-01
1.574900000000000000e+04,1.880229264497756958e-01
1.687400000000000000e+04,1.294066607952117920e-01
1.799900000000000000e+04,1.556044667959213257e-01
1.912400000000000000e+04,1.058134734630584717e-01
