9.624984860420227051e-01
6.265338063240051270e-01
5.739664435386657715e-01
5.616341233253479004e-01
5.520431399345397949e-01
5.405105352401733398e-01
5.329275727272033691e-01
5.290508866310119629e-01
5.253515243530273438e-01
5.223774313926696777e-01
5.195410847663879395e-01
5.176756381988525391e-01
5.166193842887878418e-01
5.150333046913146973e-01
5.134493708610534668e-01
5.126188397407531738e-01
5.126662850379943848e-01
5.124875307083129883e-01
5.125789046287536621e-01
5.122186541557312012e-01
5.120310187339782715e-01
5.120701789855957031e-01
5.121023654937744141e-01
5.120262503623962402e-01
5.120559334754943848e-01
5.117962956428527832e-01
5.112691521644592285e-01
5.107662081718444824e-01
5.097865462303161621e-01
5.085948109626770020e-01
5.077633261680603027e-01
5.074750781059265137e-01
5.075554847717285156e-01
5.076394081115722656e-01
5.079357624053955078e-01
5.081934332847595215e-01
