9.921669960021972656e-01
6.364524364471435547e-01
5.747241377830505371e-01
5.608875155448913574e-01
5.301861166954040527e-01
5.261475443840026855e-01
5.079506039619445801e-01
5.104808211326599121e-01
5.157554745674133301e-01
5.106217265129089355e-01
5.183954238891601562e-01
4.975453913211822510e-01
5.110421776771545410e-01
5.038611888885498047e-01
5.036662817001342773e-01
5.112630724906921387e-01
5.078497529029846191e-01
5.029407143592834473e-01
5.067905783653259277e-01
5.043530464172363281e-01
5.097294449806213379e-01
4.968725442886352539e-01
5.136753916740417480e-01
5.059782266616821289e-01
5.059496760368347168e-01
5.020264387130737305e-01
5.119413733482360840e-01
4.930890500545501709e-01
5.109739899635314941e-01
4.886638820171356201e-01
4.921315908432006836e-01
5.015907883644104004e-01
5.017803311347961426e-01
4.969459474086761475e-01
4.993955194950103760e-01
4.994703829288482666e-01
