1.000000000000000000e+00,1.515704989433288574e+00
5.610000000000000000e+02,7.393501400947570801e-01
1.123000000000000000e+03,6.339843273162841797e-01
1.685000000000000000e+03,4.824430942535400391e-01
2.247000000000000000e+03,4.474722743034362793e-01
2.809000000000000000e+03,3.774092495441436768e-01
3.371000000000000000e+03,3.455806076526641846e-01
3.933000000000000000e+03,3.201387822628021240e-01
4.495000000000000000e+03,3.309612274169921875e-01
5.057000000000000000e+03,2.633322775363922119e-01
5.619000000000000000e+03,2.660611569881439209e-01
6.181000000000000000e+03,2.740903496742248535e-01
6.743000000000000000e+03,2.646809220314025879e-01
7.305000000000000000e+03,1.820635199546813965e-01
7.867000000000000000e+03,2.183715552091598511e-01
8.429000000000000000e+03,2.301068753004074097e-01
8.991000000000000000e+03,2.512865364551544189e-01
9.553000000000000000e+03,2.185529023408889771e-01
1.011500000000000000e+04,2.220654189586639404e-01
1.067700000000000000e+04,1.912512928247451782e-01
1.123900000000000000e+04,1.825455278158187866e-01
1.180100000000000000e+04,2.167885303497314453e-01
1.236300000000000000e+04,1.742309778928756714e-01
1.292500000000000000e+04,1.843905448913574219e-01
1.348700000000000000e+04,1.628897935152053833e-01
1.404900000000000000e+04,1.463942825794219971e-01
1.461100000000000000e+04,1.777902692556381226e-01
