1.022506594657897949e+00
6.578561067581176758e-01
6.477700471878051758e-01
6.256944537162780762e-01
5.849176049232482910e-01
5.553346872329711914e-01
5.375272631645202637e-01
5.300535559654235840e-01
5.253157019615173340e-01
5.207217931747436523e-01
5.180189013481140137e-01
5.162019133567810059e-01
5.151413083076477051e-01
5.153254270553588867e-01
5.148170590400695801e-01
5.148646235466003418e-01
5.152825713157653809e-01
5.158180594444274902e-01
5.163767337799072266e-01
5.168287158012390137e-01
5.179637670516967773e-01
5.191119313240051270e-01
5.199702978134155273e-01
5.211003422737121582e-01
5.220598578453063965e-01
5.226118564605712891e-01
5.229122638702392578e-01
5.229032635688781738e-01
5.227621197700500488e-01
5.224363207817077637e-01
5.223404765129089355e-01
5.220935344696044922e-01
5.218610167503356934e-01
5.210636854171752930e-01
5.195431709289550781e-01
5.182542800903320312e-01
