1.024041533470153809e+00
6.772440075874328613e-01
6.565412878990173340e-01
6.305054426193237305e-01
5.905701518058776855e-01
5.649440884590148926e-01
5.575203895568847656e-01
5.544769763946533203e-01
5.554157495498657227e-01
5.328308939933776855e-01
5.640482902526855469e-01
5.131364464759826660e-01
5.407165884971618652e-01
5.289029479026794434e-01
5.619859099388122559e-01
5.391864180564880371e-01
5.378578901290893555e-01
5.549001097679138184e-01
5.112841129302978516e-01
5.211614370346069336e-01
5.259350538253784180e-01
5.220698714256286621e-01
5.238782763481140137e-01
5.356188416481018066e-01
5.426508188247680664e-01
5.228361487388610840e-01
5.356537699699401855e-01
5.199132561683654785e-01
5.448650121688842773e-01
5.220653414726257324e-01
5.264138579368591309e-01
5.088052153587341309e-01
5.248143076896667480e-01
5.525763630867004395e-01
5.423064827919006348e-01
5.368228554725646973e-01
