1.027596357929724036e+00,0.000000000000000000e+00,1.289283438974962337e+00,0.000000000000000000e+00,0.000000000000000000e+00,0.000000000000000000e+00,0.000000000000000000e+00,1.253028594230272574e+00,0.000000000000000000e+00,1.523965749637682165e+00,0.000000000000000000e+00,0.000000000000000000e+00,0.000000000000000000e+00,2.240677652825979749e-01,0.000000000000000000e+00,0.000000000000000000e+00
2.248864024295471609e-01,1.357698400388471782e-01,4.868092940887436271e-02,3.130251076072454453e-03,2.045764354988932610e-02,0.000000000000000000e+00,1.784386229701340199e-03,1.465205624117515981e-01,1.784386229701340199e-03,7.254993327660486102e-02,1.784386229701340199e-03,2.400552679318934679e-02,1.784386229701340199e-03,8.867690240731462836e-02,1.784386229701340199e-03,1.784386229701340199e-03
7.241089636227115989e-02,1.926665455976035446e-01,1.738815929042175412e+00,3.675271330575924367e-02,2.498086503910599276e-01,3.512109669100027531e-02,2.698858028452377766e-02,4.043546833563596010e-01,2.698858028452377766e-02,4.171130913309752941e-01,2.698858028452377766e-02,6.715431121119763702e-02,2.698858028452377766e-02,2.568360746954567730e-02,2.698858028452377766e-02,2.698858028452377766e-02
1.367219361069146544e+00,5.256971139460802078e-01,1.123087301908526570e+00,1.513297803117893636e+00,1.576992070418782532e+00,1.451951275463216007e+00,1.380799164413474500e+00,1.010045829985756427e+00,1.380799164413474500e+00,7.952318885945715010e-01,1.380799164413474500e+00,1.373341320664621890e+00,1.380799164413474500e+00,6.836175275384448469e-01,1.380799164413474500e+00,1.380799164413474500e+00
0.000000000000000000e+00,1.120289643295109272e-01,0.000000000000000000e+00,0.000000000000000000e+00,0.000000000000000000e+00,0.000000000000000000e+00,0.000000000000000000e+00,7.254127413034439087e-03,0.000000000000000000e+00,1.233630096539855003e-01,0.000000000000000000e+00,0.000000000000000000e+00,0.000000000000000000e+00,1.009017662145197392e-01,0.000000000000000000e+00,0.000000000000000000e+00
7.388445170363411307e-03,2.311840930487960577e-01,2.733447400387376547e-01,0.000000000000000000e+00,0.000000000000000000e+00,0.000000000000000000e+00,6.818518450018018484e-04,3.418127819895744324e-02,6.818518450018018484e-04,1.117704249918460846e-01,6.818518450018018484e-04,0.000000000000000000e+00,6.818518450018018484e-04,7.975234091281890869e-02,6.818518450018018484e-04,6.818518450018018484e-04
6.281846213096287102e-02,1.027835512504680082e-01,1.412302884273231030e-02,0.000000000000000000e+00,0.000000000000000000e+00,0.000000000000000000e+00,0.000000000000000000e+00,0.000000000000000000e+00,0.000000000000000000e+00,6.131115718744695187e-02,0.000000000000000000e+00,0.000000000000000000e+00,0.000000000000000000e+00,2.169650618452578783e-02,0.000000000000000000e+00,0.000000000000000000e+00
2.534001445565081667e-01,4.663769874605350196e-02,2.874271347354806494e-01,0.000000000000000000e+00,8.050132097559981048e-02,1.417748161475174129e-02,9.950309031410142779e-03,1.114752164285164326e-01,9.950309031410142779e-03,5.387453685398213565e-02,9.950309031410142779e-03,1.131249426107387990e-01,9.950309031410142779e-03,4.352696632849983871e-02,9.950309031410142779e-03,9.950309031410142779e-03
6.988388105528429151e-01,1.177605093456804752e+00,1.101012649945914745e+00,0.000000000000000000e+00,0.000000000000000000e+00,0.000000000000000000e+00,0.000000000000000000e+00,1.110482438001781702e+00,0.000000000000000000e+00,1.091887986753135920e+00,0.000000000000000000e+00,0.000000000000000000e+00,0.000000000000000000e+00,1.214403289835900068e+00,0.000000000000000000e+00,0.000000000000000000e+00
4.664529633009806275e-02,1.470123877516016364e-02,2.958187676267698407e-02,0.000000000000000000e+00,0.000000000000000000e+00,0.000000000000000000e+00,0.000000000000000000e+00,0.000000000000000000e+00,0.000000000000000000e+00,8.228887911536730826e-02,0.000000000000000000e+00,0.000000000000000000e+00,0.000000000000000000e+00,1.153347661602310836e-02,0.000000000000000000e+00,0.000000000000000000e+00
2.395005598868010566e+00,2.377440686133923009e+00,9.381101063918322325e-01,0.000000000000000000e+00,0.000000000000000000e+00,0.000000000000000000e+00,0.000000000000000000e+00,2.433802757266676053e+00,0.000000000000000000e+00,2.382967130368342623e+00,0.000000000000000000e+00,0.000000000000000000e+00,0.000000000000000000e+00,2.248867236339719966e+00,0.000000000000000000e+00,0.000000000000000000e+00
6.205756857525557280e-03,3.755254787392914295e-03,9.909146232530474663e-03,6.939187093594227917e-01,6.731025482949917205e-01,6.630839219214976765e-01,7.207689745773677714e-01,3.587077837437391281e-03,7.207689745773677714e-01,4.176579997874796391e-03,7.207689745773677714e-01,7.584185074156266637e-01,7.207689745773677714e-01,1.209528127219527960e-02,7.207689745773677714e-01,7.207689745773677714e-01
1.102319141617044806e+00,2.294413870142307132e+00,9.732536810915917158e-01,2.764897032175213099e-01,2.179428546223789454e-01,9.595159905147738755e-01,1.261416336346883327e+00,7.949740509502589703e-01,1.261416336346883327e+00,2.261704986391123384e+00,1.261416336346883327e+00,1.460859697137493640e+00,1.261416336346883327e+00,2.023812860570615157e+00,1.261416336346883327e+00,1.261416336346883327e+00
4.299352162051945925e-01,4.003300284966826439e-01,4.340454568155109882e-01,1.007606692961417139e+00,4.066599200014024973e-01,1.004141191602684557e+00,9.462793458951637149e-01,1.199994845315814018e+00,9.462793458951637149e-01,1.859242599457502365e-01,9.462793458951637149e-01,2.954166734125465155e-01,9.462793458951637149e-01,6.998319923877716064e-02,9.462793458951637149e-01,9.462793458951637149e-01
0.000000000000000000e+00,0.000000000000000000e+00,0.000000000000000000e+00,4.582522910495754331e-01,6.243619954911991954e-01,4.039757836726494133e-01,4.723194191174115986e-01,0.000000000000000000e+00,4.723194191174115986e-01,0.000000000000000000e+00,4.723194191174115986e-01,7.147913350490853190e-01,4.723194191174115986e-01,2.955996586824767292e-01,4.723194191174115986e-01,4.723194191174115986e-01
0.000000000000000000e+00,1.892800288042053580e-01,1.660720052896067500e-01,9.790984523133374751e-01,8.238688521669246256e-01,9.922228642390109599e-01,1.067226743383798748e+00,3.828982624690979719e-02,1.067226743383798748e+00,5.953481211327016354e-02,1.067226743383798748e+00,9.870010223821736872e-01,1.067226743383798748e+00,3.098898418247699738e-01,1.067226743383798748e+00,1.067226743383798748e+00
8.789023030840326101e-02,4.026252626499626786e-02,6.028034230985213071e-02,5.634363954768559779e-01,2.820229231165285455e-01,3.738347319545027858e-01,4.727978417531630839e-01,1.919356858415994793e-01,4.727978417531630839e-01,1.312373259861487895e-01,4.727978417531630839e-01,2.913956827269430505e-01,4.727978417531630839e-01,5.445591094030532986e-02,4.727978417531630839e-01,4.727978417531630839e-01
4.535699503030627966e-01,0.000000000000000000e+00,1.263146853307262063e-02,0.000000000000000000e+00,3.151505636924412102e-02,0.000000000000000000e+00,0.000000000000000000e+00,0.000000000000000000e+00,0.000000000000000000e+00,0.000000000000000000e+00,0.000000000000000000e+00,2.220268336532171816e-02,0.000000000000000000e+00,0.000000000000000000e+00,0.000000000000000000e+00,0.000000000000000000e+00
2.675173272014944814e+00,2.913830958874314092e+00,3.771929889786406420e+00,4.091198477064608596e+00,4.283714178120135330e+00,4.629209700142382644e+00,4.516928049837588333e+00,2.452850394518463872e+00,4.516928049837588333e+00,2.682089511174126528e+00,4.516928049837588333e+00,4.597162100588320754e+00,4.516928049837588333e+00,2.170669418163015507e+00,4.516928049837588333e+00,4.516928049837588333e+00
2.562284896237542853e+00,2.340546401275787503e+00,2.381004388036672026e+00,2.133369482413399965e+00,2.026763345173094422e+00,1.872615675500128418e+00,1.794148868939373642e+00,3.042276019317796454e+00,1.794148868939373642e+00,2.823866793973138556e+00,1.794148868939373642e+00,1.612231752893421799e+00,1.794148868939373642e+00,2.476159839046886191e+00,1.794148868939373642e+00,1.794148868939373642e+00
3.831126863442477770e-01,2.303066309959831415e+00,4.560646968675428070e-01,0.000000000000000000e+00,0.000000000000000000e+00,0.000000000000000000e+00,0.000000000000000000e+00,1.993985893230274087e+00,0.000000000000000000e+00,2.323587918883276870e+00,0.000000000000000000e+00,0.000000000000000000e+00,0.000000000000000000e+00,2.352064200294989860e+00,0.000000000000000000e+00,0.000000000000000000e+00
1.502802646136842668e-01,2.201985598076134920e-01,1.171888356911949813e-01,1.099493596120737493e-02,1.766286659403704107e-02,1.597881372435949743e-02,2.021234817220829427e-02,8.005660929484292865e-02,2.021234817220829427e-02,1.934404686908237636e-01,2.021234817220829427e-02,4.278524109395220876e-02,2.021234817220829427e-02,0.000000000000000000e+00,2.021234817220829427e-02,2.021234817220829427e-02
0.000000000000000000e+00,2.768983860732987523e-01,1.310536733566550538e+00,0.000000000000000000e+00,0.000000000000000000e+00,0.000000000000000000e+00,0.000000000000000000e+00,1.025825139076914638e-01,0.000000000000000000e+00,1.362530769431032240e+00,0.000000000000000000e+00,0.000000000000000000e+00,0.000000000000000000e+00,1.423296718101482838e+00,0.000000000000000000e+00,0.000000000000000000e+00
2.114506625803187490e-01,2.454142621718347073e-02,1.672019383113365620e-01,1.057399093988351524e+00,1.057431062567047775e+00,1.138759053341345862e+00,1.203661202627699822e+00,0.000000000000000000e+00,1.203661202627699822e+00,1.402678294107317924e-02,1.203661202627699822e+00,1.286041158513398841e+00,1.203661202627699822e+00,3.583029378205537796e-02,1.203661202627699822e+00,1.203661202627699822e+00
1.521462936652824283e+00,1.593605944071896374e+00,1.174335306510329247e+00,2.479312446317635477e+00,2.335153114399872720e+00,2.675861385068856180e+00,2.537522863945923746e+00,1.484081833041273057e+00,2.537522863945923746e+00,2.077428633696399629e+00,2.537522863945923746e+00,2.255025010905228555e+00,2.537522863945923746e+00,2.046580536640249193e+00,2.537522863945923746e+00,2.537522863945923746e+00
7.648210879997350276e-01,0.000000000000000000e+00,9.978153138363268226e-01,0.000000000000000000e+00,0.000000000000000000e+00,0.000000000000000000e+00,0.000000000000000000e+00,6.000275476253591478e-01,0.000000000000000000e+00,6.179055016837082803e-01,0.000000000000000000e+00,0.000000000000000000e+00,0.000000000000000000e+00,0.000000000000000000e+00,0.000000000000000000e+00,0.000000000000000000e+00
4.837107844650745392e-02,1.404460631310939789e-01,0.000000000000000000e+00,2.423645941307768226e-01,1.218593873200006783e-01,2.285703815286979079e-01,2.363252349896356463e-01,1.030079112388193607e-02,2.363252349896356463e-01,8.933336270274594426e-02,2.363252349896356463e-01,1.227171344798989594e-01,2.363252349896356463e-01,2.401543416781350970e-01,2.363252349896356463e-01,2.363252349896356463e-01
4.172535842808429152e+00,3.854347928019706160e+00,4.094581382873002440e+00,4.343622025626245886e+00,4.117415853368584067e+00,4.096219279395882040e+00,4.070442464726511389e+00,4.521497177483979613e+00,4.070442464726511389e+00,3.630994504841510206e+00,4.070442464726511389e+00,3.818459477799478918e+00,4.070442464726511389e+00,4.107062884198967367e+00,4.070442464726511389e+00,4.070442464726511389e+00
5.499513613613089547e-01,2.457884392788400874e-01,6.545104754623025656e-01,2.817230596992885694e-01,2.362952469702577218e-01,3.238660231581889093e-01,3.052368685457622632e-01,5.320694283436750993e-01,3.052368685457622632e-01,2.909946163272252306e-01,3.052368685457622632e-01,2.439134903106605634e-01,3.052368685457622632e-01,2.997009096288820729e-01,3.052368685457622632e-01,3.052368685457622632e-01
3.872750796144828200e-01,4.645884683122858405e-02,1.201551156031200662e+00,6.957393372431397438e-02,2.932287679868750274e-02,2.752062605577521026e-02,2.727631138986907899e-02,4.476170800044201314e-01,2.727631138986907899e-02,1.596271197195164859e-02,2.727631138986907899e-02,9.729178535053506494e-03,2.727631138986907899e-02,0.000000000000000000e+00,2.727631138986907899e-02,2.727631138986907899e-02
1.043634374509565532e-01,0.000000000000000000e+00,3.990890831919386983e-01,1.052801374695263803e+00,1.064155143103562295e+00,9.956547169713303447e-01,1.046169418725185096e+00,0.000000000000000000e+00,1.046169418725185096e+00,0.000000000000000000e+00,1.046169418725185096e+00,1.108037888887338340e+00,1.046169418725185096e+00,3.596105898031964898e-02,1.046169418725185096e+00,1.046169418725185096e+00
3.749645331117790192e-02,5.713941205613082275e-01,0.000000000000000000e+00,7.601027256896486506e-01,6.763803820213070139e-01,7.241891047306125984e-01,7.554634718544548377e-01,4.698663267481606454e-02,7.554634718544548377e-01,4.387028211203869432e-02,7.554634718544548377e-01,7.030154953099554405e-01,7.554634718544548377e-01,7.006255320447962731e-02,7.554634718544548377e-01,7.554634718544548377e-01
1.468566561496118084e+00,4.022423824644647539e-01,1.164626452751690522e+00,2.536017182865180075e-01,4.393797786906361580e-01,2.864540569134987891e-01,3.215624779113568366e-01,9.176941401383373886e-01,3.215624779113568366e-01,1.048528057435760275e+00,3.215624779113568366e-01,5.527558773756027222e-01,3.215624779113568366e-01,9.570813667087350041e-01,3.215624779113568366e-01,3.215624779113568366e-01
2.711906979675404727e-02,1.307524638108588988e+00,1.374001412899815477e+00,0.000000000000000000e+00,8.497594879991083872e-01,7.088675076192885172e-01,0.000000000000000000e+00,1.386325911866151728e+00,0.000000000000000000e+00,1.283062783568311715e+00,0.000000000000000000e+00,0.000000000000000000e+00,0.000000000000000000e+00,1.220383807991311187e+00,0.000000000000000000e+00,0.000000000000000000e+00
1.912222819591988809e-01,0.000000000000000000e+00,7.960020892933243886e-01,5.432332905620569363e-01,5.398965480417245999e-01,3.419304742201347835e-01,5.532107355684274808e-01,2.085203824171912856e-01,5.532107355684274808e-01,3.894317662343382835e-03,5.532107355684274808e-01,7.774602922290796414e-01,5.532107355684274808e-01,0.000000000000000000e+00,5.532107355684274808e-01,5.532107355684274808e-01
1.410268858540803194e+00,4.306932723266072571e-01,3.037172402255237103e-01,1.838875879067927599e+00,1.901393635664135218e+00,1.810806690249592066e+00,1.781602733302861452e+00,1.808593982132151723e-01,1.781602733302861452e+00,3.025950653245672584e-01,1.781602733302861452e+00,1.814916532952338457e+00,1.781602733302861452e+00,5.819127753493376076e-01,1.781602733302861452e+00,1.781602733302861452e+00
6.446692201425321400e-01,1.903393778076861054e+00,1.902491049084346741e+00,0.000000000000000000e+00,0.000000000000000000e+00,0.000000000000000000e+00,0.000000000000000000e+00,1.918782776163425297e+00,0.000000000000000000e+00,1.952794006676413119e+00,0.000000000000000000e+00,0.000000000000000000e+00,0.000000000000000000e+00,1.291931043553631753e+00,0.000000000000000000e+00,0.000000000000000000e+00
7.458088349085301161e-02,9.154402684289379977e-01,1.479296164361585397e+00,1.448616987181594595e-02,2.900875620980514213e-03,0.000000000000000000e+00,0.000000000000000000e+00,1.543187935436435509e+00,0.000000000000000000e+00,9.053719415751402266e-01,0.000000000000000000e+00,0.000000000000000000e+00,0.000000000000000000e+00,1.001357984678179491e+00,0.000000000000000000e+00,0.000000000000000000e+00
1.630763724504504353e+00,2.501287199440412223e+00,2.040908311551902443e+00,0.000000000000000000e+00,0.000000000000000000e+00,0.000000000000000000e+00,0.000000000000000000e+00,2.546380318410228938e+00,0.000000000000000000e+00,8.532607625820674002e-01,0.000000000000000000e+00,0.000000000000000000e+00,0.000000000000000000e+00,8.638651958317495883e-01,0.000000000000000000e+00,0.000000000000000000e+00
1.056455369616742246e+00,9.679091665166197345e-01,1.087921343627385795e+00,0.000000000000000000e+00,0.000000000000000000e+00,0.000000000000000000e+00,0.000000000000000000e+00,1.003205673230695538e+00,0.000000000000000000e+00,7.953356599900871515e-01,0.000000000000000000e+00,0.000000000000000000e+00,0.000000000000000000e+00,9.267145718331448734e-01,0.000000000000000000e+00,0.000000000000000000e+00
