9.042339324951171875e-01
6.676311492919921875e-01
6.172527670860290527e-01
5.730221867561340332e-01
5.564154982566833496e-01
5.474345088005065918e-01
5.392276644706726074e-01
5.330641865730285645e-01
5.292175412178039551e-01
5.271863937377929688e-01
5.248034596443176270e-01
5.223593711853027344e-01
5.207946300506591797e-01
5.196415185928344727e-01
5.188683867454528809e-01
5.192932486534118652e-01
5.198917388916015625e-01
5.206364989280700684e-01
5.212745070457458496e-01
5.224532485008239746e-01
5.236021876335144043e-01
5.248500704765319824e-01
5.250081419944763184e-01
5.250254273414611816e-01
5.254293084144592285e-01
5.261220932006835938e-01
5.264618992805480957e-01
5.266461372375488281e-01
5.269852876663208008e-01
5.271440148353576660e-01
5.269135832786560059e-01
5.271546840667724609e-01
5.272657871246337891e-01
5.273783802986145020e-01
5.270993113517761230e-01
5.273402929306030273e-01
