9.112858176231384277e-01
6.290597319602966309e-01
6.352429986000061035e-01
5.610834360122680664e-01
5.514379143714904785e-01
5.507585406303405762e-01
5.369598865509033203e-01
5.389688611030578613e-01
5.398732423782348633e-01
5.291027426719665527e-01
5.504969954490661621e-01
5.221143364906311035e-01
5.516619086265563965e-01
5.224702954292297363e-01
5.158697366714477539e-01
5.312541127204895020e-01
5.348440408706665039e-01
5.323855280876159668e-01
5.279694795608520508e-01
5.413947701454162598e-01
5.230160355567932129e-01
5.104177594184875488e-01
5.297217965126037598e-01
5.231585502624511719e-01
5.186967849731445312e-01
5.019952654838562012e-01
5.365684628486633301e-01
5.012493729591369629e-01
5.108132958412170410e-01
5.012739300727844238e-01
5.025099515914916992e-01
5.193025469779968262e-01
5.128132700920104980e-01
5.153159499168395996e-01
5.218341350555419922e-01
5.081624388694763184e-01
