1.000000000000000000e+00,1.571053624153137207e+00
5.610000000000000000e+02,7.044373154640197754e-01
1.123000000000000000e+03,6.025400161743164062e-01
1.685000000000000000e+03,4.737994074821472168e-01
2.247000000000000000e+03,4.234640896320343018e-01
2.809000000000000000e+03,3.514902293682098389e-01
3.371000000000000000e+03,3.299821615219116211e-01
3.933000000000000000e+03,2.773485183715820312e-01
4.495000000000000000e+03,3.321884274482727051e-01
5.057000000000000000e+03,2.598012685775756836e-01
5.619000000000000000e+03,2.570877075195312500e-01
6.181000000000000000e+03,2.157970815896987915e-01
6.743000000000000000e+03,2.326197177171707153e-01
7.305000000000000000e+03,2.196483612060546875e-01
7.867000000000000000e+03,1.937887221574783325e-01
8.429000000000000000e+03,2.201246023178100586e-01
8.991000000000000000e+03,1.923927962779998779e-01
9.553000000000000000e+03,1.833194941282272339e-01
1.011500000000000000e+04,1.696399301290512085e-01
1.067700000000000000e+04,1.699822992086410522e-01
1.123900000000000000e+04,1.458032131195068359e-01
1.180100000000000000e+04,1.799899786710739136e-01
1.236300000000000000e+04,1.421933621168136597e-01
1.292500000000000000e+04,1.296851634979248047e-01
1.348700000000000000e+04,8.501490205526351929e-02
1.404900000000000000e+04,1.013721972703933716e-01
1.461100000000000000e+04,1.531076431274414062e-01
