1.000000000000000000e+00,1.402247309684753418e+00
5.610000000000000000e+02,6.965956091880798340e-01
1.123000000000000000e+03,5.957825779914855957e-01
1.685000000000000000e+03,4.819610714912414551e-01
2.247000000000000000e+03,4.147690832614898682e-01
2.809000000000000000e+03,3.478277325630187988e-01
3.371000000000000000e+03,3.383132219314575195e-01
3.933000000000000000e+03,3.405303955078125000e-01
4.495000000000000000e+03,3.045066893100738525e-01
5.057000000000000000e+03,2.775331437587738037e-01
5.619000000000000000e+03,2.848527133464813232e-01
6.181000000000000000e+03,2.356323897838592529e-01
6.743000000000000000e+03,2.780172228813171387e-01
7.305000000000000000e+03,2.195130139589309692e-01
7.867000000000000000e+03,2.840007245540618896e-01
8.429000000000000000e+03,2.661251425743103027e-01
8.991000000000000000e+03,2.153656482696533203e-01
9.553000000000000000e+03,2.232225686311721802e-01
1.011500000000000000e+04,2.499839216470718384e-01
1.067700000000000000e+04,1.638050377368927002e-01
1.123900000000000000e+04,1.627216488122940063e-01
1.180100000000000000e+04,2.146708071231842041e-01
1.236300000000000000e+04,1.913634389638900757e-01
1.292500000000000000e+04,1.879430413246154785e-01
1.348700000000000000e+04,1.518671512603759766e-01
1.404900000000000000e+04,1.349532306194305420e-01
1.461100000000000000e+04,1.707972139120101929e-01
