1.000000000000000000e+00,3.284081220626831055e+00
5.610000000000000000e+02,7.970087528228759766e-01
1.123000000000000000e+03,6.709697246551513672e-01
1.685000000000000000e+03,6.349465250968933105e-01
2.247000000000000000e+03,6.164945960044860840e-01
2.809000000000000000e+03,5.220229029655456543e-01
3.371000000000000000e+03,5.071736574172973633e-01
3.933000000000000000e+03,4.313679337501525879e-01
4.495000000000000000e+03,3.631158173084259033e-01
5.057000000000000000e+03,3.134004473686218262e-01
5.619000000000000000e+03,3.150223493576049805e-01
6.181000000000000000e+03,2.593137621879577637e-01
6.743000000000000000e+03,2.885158658027648926e-01
7.305000000000000000e+03,2.663411200046539307e-01
7.867000000000000000e+03,2.678596675395965576e-01
8.429000000000000000e+03,2.904688119888305664e-01
8.991000000000000000e+03,3.031560182571411133e-01
9.553000000000000000e+03,2.325673997402191162e-01
1.011500000000000000e+04,2.301138192415237427e-01
1.067700000000000000e+04,1.484329700469970703e-01
1.123900000000000000e+04,1.767363697290420532e-01
1.180100000000000000e+04,1.766081005334854126e-01
1.236300000000000000e+04,2.229248732328414917e-01
1.292500000000000000e+04,1.767955571413040161e-01
1.348700000000000000e+04,1.677456200122833252e-01
1.404900000000000000e+04,1.534394323825836182e-01
1.461100000000000000e+04,1.692354828119277954e-01
