1.389334021453578316e+00,1.440397434442274971e+00,1.240199524479976390e+00,0.000000000000000000e+00,0.000000000000000000e+00,0.000000000000000000e+00,0.000000000000000000e+00,1.149062278927885927e-01,0.000000000000000000e+00,1.383785176262790628e+00,0.000000000000000000e+00,0.000000000000000000e+00,0.000000000000000000e+00,3.349760329001583159e-02,0.000000000000000000e+00,0.000000000000000000e+00
4.214939358644187450e-02,1.051398647250607610e-01,2.085640593431890011e-01,5.458818539045751095e-02,3.059267246862873435e-02,4.410720051964744925e-02,3.217697929358109832e-02,1.094322671415284276e-01,4.410720051964744925e-02,3.535820753313601017e-02,4.410720051964744925e-02,4.569150734459981322e-02,4.569150734459981322e-02,1.740698261419311166e-01,4.545306536601856351e-02,4.410720051964744925e-02
2.516234553477261215e-01,2.164948314020875841e-01,6.567835665191523731e-02,6.554851311375387013e-02,1.335816633945796639e-02,4.686348329414613545e-02,1.158260590455029160e-02,6.227860959188546985e-01,4.686348329414613545e-02,0.000000000000000000e+00,4.686348329414613545e-02,4.129866648872848600e-02,4.129866648872848600e-02,1.223698810295900330e+00,8.856781020585913211e-02,4.686348329414613545e-02
4.534709345316514373e-01,1.261089728970546275e+00,1.109317052003461868e+00,1.379288946103770286e+00,1.370587919664103538e+00,1.511473492544610053e+00,1.387243979435879737e+00,5.055264568654820323e-01,1.511473492544610053e+00,9.105730930459685624e-01,1.511473492544610053e+00,1.528129552316386253e+00,1.528129552316386253e+00,4.487809134880080819e-01,1.652805373829323798e+00,1.511473492544610053e+00
7.356389684719033539e-02,9.375875676050782204e-02,0.000000000000000000e+00,0.000000000000000000e+00,0.000000000000000000e+00,0.000000000000000000e+00,0.000000000000000000e+00,0.000000000000000000e+00,0.000000000000000000e+00,3.076588967815041542e-02,0.000000000000000000e+00,0.000000000000000000e+00,0.000000000000000000e+00,6.942446716129779816e-02,0.000000000000000000e+00,0.000000000000000000e+00
2.018049436155706644e-01,1.787909523118287325e-01,1.910307444632053375e-03,0.000000000000000000e+00,0.000000000000000000e+00,0.000000000000000000e+00,0.000000000000000000e+00,2.166282462421804667e-01,0.000000000000000000e+00,0.000000000000000000e+00,0.000000000000000000e+00,0.000000000000000000e+00,0.000000000000000000e+00,1.254142828984186053e-01,0.000000000000000000e+00,0.000000000000000000e+00
0.000000000000000000e+00,7.948931446298956871e-02,1.304233589908108115e-01,0.000000000000000000e+00,0.000000000000000000e+00,2.593095882912166417e-02,0.000000000000000000e+00,0.000000000000000000e+00,2.593095882912166417e-02,9.897837880998849869e-03,2.593095882912166417e-02,0.000000000000000000e+00,0.000000000000000000e+00,3.221432833815924823e-01,0.000000000000000000e+00,2.593095882912166417e-02
0.000000000000000000e+00,1.796993764583021402e-02,1.001289522937440779e+00,8.183027768973261118e-02,0.000000000000000000e+00,1.120305612857919186e-01,0.000000000000000000e+00,3.990749979857355356e-02,1.120305612857919186e-01,5.423973628785461187e-02,1.120305612857919186e-01,1.097676686185877770e-01,1.097676686185877770e-01,9.561106163891963661e-02,6.563902960624545813e-02,1.120305612857919186e-01
1.056351065635681152e-01,1.076193823188077658e+00,1.361692876729648560e+00,0.000000000000000000e+00,0.000000000000000000e+00,0.000000000000000000e+00,0.000000000000000000e+00,1.348037668911274523e+00,0.000000000000000000e+00,1.283628720033448189e+00,0.000000000000000000e+00,0.000000000000000000e+00,0.000000000000000000e+00,6.485777738271281123e-01,0.000000000000000000e+00,0.000000000000000000e+00
1.679570572159718722e-01,2.155608555476646870e-01,1.991926077462267131e-01,3.650401928462088108e-02,1.901301668840460479e-02,4.267230205005034804e-02,1.784944508108310401e-02,2.244450233411043882e-02,4.267230205005034804e-02,2.600583927414845675e-01,4.267230205005034804e-02,3.934562229551374912e-02,3.934562229551374912e-02,5.455194565001875162e-02,2.752085984684526920e-02,4.267230205005034804e-02
2.490417471475666389e+00,2.612751797772943974e+00,1.808641173236537725e+00,0.000000000000000000e+00,0.000000000000000000e+00,0.000000000000000000e+00,0.000000000000000000e+00,9.642324409796856344e-01,0.000000000000000000e+00,2.061821850656997412e+00,0.000000000000000000e+00,0.000000000000000000e+00,0.000000000000000000e+00,2.511966873047640547e+00,0.000000000000000000e+00,0.000000000000000000e+00
5.412756858349894173e-01,4.753743880428373814e-03,8.153026574291288853e-04,7.516247766980086453e-01,7.206538997488678433e-01,7.249317185851396061e-01,7.168181037195608951e-01,6.082754803719581105e-01,7.249317185851396061e-01,1.383311554673127830e-02,7.249317185851396061e-01,7.210959225558326580e-01,7.210959225558326580e-01,1.061435299925506115e-02,7.001468583839596249e-01,7.249317185851396061e-01
1.380377089924877509e+00,2.762061954708769917e-01,1.259151317761279643e+00,8.493377239792607725e-01,6.077837733901105821e-01,7.258160677156411111e-01,6.498943631886504591e-01,2.983345055254176259e-01,7.258160677156411111e-01,1.109828993328846991e+00,7.258160677156411111e-01,7.679266575141809881e-01,7.679266575141809881e-01,4.913838291540741920e-01,7.988629461033269763e-02,7.258160677156411111e-01
5.595495679881423712e-02,6.934317713603377342e-02,1.047437968663871288e-01,1.007229634560644627e-01,4.023533035069704056e-01,1.031796834431588650e-01,4.033527476713061333e-01,4.191370783373713493e-01,1.031796834431588650e-01,4.856689774896949530e-02,1.031796834431588650e-01,1.036794055253267288e-01,1.036794055253267288e-01,1.024840865284204483e-02,1.232153959572315216e-01,1.031796834431588650e-01
0.000000000000000000e+00,7.138847955502569675e-03,2.307040322921238840e-02,8.699272795347496867e-01,7.683891429333016276e-01,9.228707029251381755e-01,6.241171284345909953e-01,0.000000000000000000e+00,9.228707029251381755e-01,6.866783568402752280e-01,9.228707029251381755e-01,7.785986884264275432e-01,7.785986884264275432e-01,1.865581609308719635e-02,9.078657663194462657e-01,9.228707029251381755e-01
2.465520442638080567e-01,6.703193066641688347e-03,1.230419955973047763e-01,8.167887243034783751e-01,9.917285765113774687e-01,9.212166864017490298e-01,8.970144453051034361e-01,1.540650117967743427e-01,9.212166864017490298e-01,1.464021260908339173e-01,9.212166864017490298e-01,8.265025551954749972e-01,8.265025551954749972e-01,5.195983086014166474e-02,8.330883953312877566e-01,9.212166864017490298e-01
2.079868200544296997e-01,1.249229123350232840e-01,5.065962151275016367e-02,3.251624353529223299e-01,4.522289153060228273e-01,2.260311019217624562e-01,5.785284594580843986e-01,2.053906779619865119e-01,2.260311019217624562e-01,1.363457553088665009e-01,2.260311019217624562e-01,2.815184105729713337e-01,2.815184105729713337e-01,8.954152162186801434e-02,2.864568044042243855e-01,2.260311019217624562e-01
1.293642411474138498e-02,3.531988337635993958e-02,2.223317219177260995e-01,2.085497720690909773e-02,9.934931286697974429e-01,1.353007279438315891e+00,0.000000000000000000e+00,0.000000000000000000e+00,1.353007279438315891e+00,1.356501787202432752e+00,1.353007279438315891e+00,3.507278046163264662e-02,3.507278046163264662e-02,1.005660063819959760e-01,1.373077682786970399e+00,1.353007279438315891e+00
3.301688394363736734e+00,2.043419524648925290e+00,2.698112116049742326e+00,4.329182418150594458e+00,5.123370857996633276e+00,5.179417170671513304e+00,4.248948367399862036e+00,2.577093963365769014e+00,5.179417170671513304e+00,3.404336289822822437e+00,5.179417170671513304e+00,4.304994680074742064e+00,4.304994680074742064e+00,1.884263339539756998e+00,4.753687597898533568e+00,5.179417170671513304e+00
2.992088192899245769e+00,4.258969092566985637e+00,2.600735460233408958e+00,1.896494564192835242e+00,1.810230070550460368e+00,1.767681230849120766e+00,2.093571439909283072e+00,3.456116007466334850e+00,1.767681230849120766e+00,2.882473090488929302e+00,1.767681230849120766e+00,2.043539140897337347e+00,2.043539140897337347e+00,3.133637228806037456e+00,2.118204711528960615e+00,1.767681230849120766e+00
1.608205163567618001e+00,9.565982466228888370e-01,5.346497665523202159e-01,0.000000000000000000e+00,1.157049161702161655e-02,0.000000000000000000e+00,9.206019887642469257e-03,2.013753621336945798e+00,0.000000000000000000e+00,2.268619864633365069e+00,0.000000000000000000e+00,0.000000000000000000e+00,0.000000000000000000e+00,2.140643611688574310e+00,0.000000000000000000e+00,0.000000000000000000e+00
2.656172077986411750e-01,1.606158500653691590e-01,1.975634690024890006e-01,1.158750837785191834e-01,1.213940268498845398e-01,1.389794268761761487e-01,7.807898308965377510e-02,1.918525655055418611e-01,1.389794268761761487e-01,0.000000000000000000e+00,1.389794268761761487e-01,9.000312464195303619e-02,9.000312464195303619e-02,2.552530345856212080e-01,1.004232334089465439e-01,1.389794268761761487e-01
1.606528821546817198e+00,1.584832828084472567e+00,1.510620259825373068e+00,0.000000000000000000e+00,0.000000000000000000e+00,0.000000000000000000e+00,0.000000000000000000e+00,1.601645864051533863e+00,0.000000000000000000e+00,1.681224470434244722e+00,0.000000000000000000e+00,0.000000000000000000e+00,0.000000000000000000e+00,8.804890854516997933e-01,0.000000000000000000e+00,0.000000000000000000e+00
6.537783169187605381e-02,4.497739044018089771e-02,2.479305424785707146e-01,1.207752424583304673e+00,1.138056588039034978e+00,1.218999852717388421e+00,1.151065025158459321e+00,4.927187226712703705e-03,1.218999852717388421e+00,1.263021025806665421e-02,1.218999852717388421e+00,1.234176362690050155e+00,1.234176362690050155e+00,2.450028830207884312e-02,1.090576411836082116e+00,1.218999852717388421e+00
2.577432113932445645e+00,2.039435048238374293e+00,1.598565465421415865e+00,1.785661739879287779e+00,2.735407975735142827e+00,2.717068788828328252e+00,2.050503477104939520e+00,1.528720747912302613e+00,2.717068788828328252e+00,2.373597207712009549e+00,2.717068788828328252e+00,2.033310489379800856e+00,2.033310489379800856e+00,1.463958455016836524e+00,2.658858371200039983e+00,2.717068788828328252e+00
4.565637234700261615e-01,7.170400607865303755e-01,2.765291481046006083e-02,2.271430727705592290e-02,1.913972732290858403e-02,3.496200286463135853e-02,1.575580865755910054e-02,7.925786124833393842e-01,3.496200286463135853e-02,5.958257221209350973e-01,3.496200286463135853e-02,3.157808419928187504e-02,3.157808419928187504e-02,7.798047693795524538e-01,3.198164256900781766e-02,3.496200286463135853e-02
6.675011749030090868e-02,1.280401905532926321e-01,4.245008924044668674e-02,1.498826919705606997e-01,2.836387309071142226e-01,1.570329715614207089e-01,2.757387598103377968e-01,5.514084501191973686e-02,1.570329715614207089e-01,2.645864081569015980e-01,1.570329715614207089e-01,1.538729831227101386e-01,1.538729831227101386e-01,9.644047962501645088e-02,1.600526511319912970e-01,1.570329715614207089e-01
4.220429676468484104e+00,3.962413574452511966e+00,4.173226832295767963e+00,4.172584129380993545e+00,4.111970050144009292e+00,3.850123853306286037e+00,4.424567116308026016e+00,5.103644362534396350e+00,3.850123853306286037e+00,3.582652178010903299e+00,3.850123853306286037e+00,4.162720919470302761e+00,4.162720919470302761e+00,4.012758615310303867e+00,4.123303414206020534e+00,3.850123853306286037e+00
1.170884149905759841e-02,3.525185419130139053e-02,2.886310626199701801e-01,0.000000000000000000e+00,2.373455582710448653e-02,6.040236228727735579e-03,1.764139418082777411e-02,3.232138454623054713e-01,6.040236228727735579e-03,2.907795729697681963e-03,6.040236228727735579e-03,0.000000000000000000e+00,0.000000000000000000e+00,0.000000000000000000e+00,0.000000000000000000e+00,6.040236228727735579e-03
3.992897398129571229e-01,4.348990394792053849e-01,9.686471137683838606e-02,5.111062372452579439e-02,1.061889420961961150e-01,3.876768317422829568e-02,1.180538890184834599e-01,1.184737163508543745e+00,3.876768317422829568e-02,4.677376939798705280e-02,3.876768317422829568e-02,4.215766800916753709e-02,4.215766800916753709e-02,0.000000000000000000e+00,8.116147469263523817e-02,3.876768317422829568e-02
3.505949216196313500e-02,0.000000000000000000e+00,6.056736467871814966e-02,9.298788251471705735e-01,8.556823579710908234e-01,9.366917743464000523e-01,8.680103549850173295e-01,5.474416393553838134e-03,9.366917743464000523e-01,7.277911761775612831e-03,9.366917743464000523e-01,9.490197713603265584e-01,9.490197713603265584e-01,1.494002924300730228e-02,9.433237303164787591e-01,9.366917743464000523e-01
5.640979943564161658e-02,1.964202604722231627e-02,4.683662927709519863e-02,7.774774145509582013e-01,7.656787049199920148e-01,6.780397872062167153e-01,8.386667205195408314e-01,2.278364612720906734e-03,6.780397872062167153e-01,0.000000000000000000e+00,6.780397872062167153e-01,7.406009434344014153e-01,7.406009434344014153e-01,1.242806946247583255e-01,6.826790410414105281e-01,6.780397872062167153e-01
1.077452855126466602e+00,6.688390080817043781e-01,1.752119898650562391e+00,3.326928718597628176e-01,1.122076711326371878e-01,3.056708692456595600e-01,1.179606736695859581e-01,6.480436039273627102e-01,3.056708692456595600e-01,3.614273560815490782e-01,3.056708692456595600e-01,3.120630942867137492e-01,3.120630942867137492e-01,9.196104658185504377e-01,2.377101096208207309e-01,3.056708692456595600e-01
1.281723099786177045e+00,1.478340499230398564e+00,1.511988833102805074e+00,0.000000000000000000e+00,0.000000000000000000e+00,0.000000000000000000e+00,0.000000000000000000e+00,1.453463569643645314e+00,0.000000000000000000e+00,1.363485648889763979e+00,0.000000000000000000e+00,0.000000000000000000e+00,0.000000000000000000e+00,0.000000000000000000e+00,0.000000000000000000e+00,0.000000000000000000e+00
0.000000000000000000e+00,1.544130082038464025e-02,2.249366968171671033e-01,7.617338596246554516e-01,5.647682942435494624e-01,7.269676627111039124e-01,5.613313324502087198e-01,6.560973358864430338e-02,7.269676627111039124e-01,1.068347076216014102e-02,7.269676627111039124e-01,7.232852036468102597e-01,7.232852036468102597e-01,6.513439266927889548e-01,7.176138080176315270e-01,7.269676627111039124e-01
8.728047779877670109e-01,4.858064868603833020e-01,1.130498424172401428e-01,2.081795824982691556e+00,2.161909440823365003e+00,2.164280224882531911e+00,2.048482025333214551e+00,4.937626579194329679e-01,2.164280224882531911e+00,6.504422675934620202e-01,2.164280224882531911e+00,2.050852809392381459e+00,2.050852809392381459e+00,8.562894199858419597e-01,2.221553370647598058e+00,2.164280224882531911e+00
6.210499460576102138e-01,1.639351844671182334e+00,2.004406282911077142e+00,0.000000000000000000e+00,0.000000000000000000e+00,0.000000000000000000e+00,0.000000000000000000e+00,1.896392960275989026e+00,0.000000000000000000e+00,1.783866398734971881e+00,0.000000000000000000e+00,0.000000000000000000e+00,0.000000000000000000e+00,1.902839589049108326e+00,0.000000000000000000e+00,0.000000000000000000e+00
1.032961219476419501e+00,1.744964685502054635e+00,1.011567293804546352e+00,0.000000000000000000e+00,0.000000000000000000e+00,0.000000000000000000e+00,0.000000000000000000e+00,1.767308420829067472e+00,0.000000000000000000e+00,9.067628694319864735e-01,0.000000000000000000e+00,0.000000000000000000e+00,0.000000000000000000e+00,3.810165302711538970e-01,3.873360493525979109e-02,0.000000000000000000e+00
5.114238028763793409e-01,2.451807644654763862e+00,1.683527263667201623e+00,0.000000000000000000e+00,0.000000000000000000e+00,0.000000000000000000e+00,0.000000000000000000e+00,2.107295004854677245e+00,0.000000000000000000e+00,2.427903415256878361e+00,0.000000000000000000e+00,0.000000000000000000e+00,0.000000000000000000e+00,2.382155226980103180e+00,0.000000000000000000e+00,0.000000000000000000e+00
0.000000000000000000e+00,4.031478576362133026e-01,1.005962113500572741e+00,0.000000000000000000e+00,0.000000000000000000e+00,0.000000000000000000e+00,0.000000000000000000e+00,1.453255750657717726e+00,0.000000000000000000e+00,9.503781477687880397e-01,0.000000000000000000e+00,0.000000000000000000e+00,0.000000000000000000e+00,1.154348774696700275e+00,0.000000000000000000e+00,0.000000000000000000e+00
