8.926813602447509766e-01
5.948854088783264160e-01
5.582024455070495605e-01
5.532967448234558105e-01
5.444900393486022949e-01
5.316814184188842773e-01
5.211656093597412109e-01
5.151475667953491211e-01
5.123766064643859863e-01
5.093504190444946289e-01
5.066765546798706055e-01
5.045089125633239746e-01
5.038184523582458496e-01
5.028458237648010254e-01
5.017647147178649902e-01
5.013318061828613281e-01
5.007267594337463379e-01
5.020641088485717773e-01
5.013969540596008301e-01
5.014409422874450684e-01
5.018975138664245605e-01
5.020201802253723145e-01
5.020652413368225098e-01
5.019531250000000000e-01
5.010961890220642090e-01
5.008994936943054199e-01
5.025028586387634277e-01
5.022885203361511230e-01
5.022376179695129395e-01
5.016221404075622559e-01
5.024862885475158691e-01
5.016344189643859863e-01
5.014916062355041504e-01
5.014957785606384277e-01
5.015323162078857422e-01
5.010136961936950684e-01
