8.632158637046813965e-01
6.080219149589538574e-01
5.776986479759216309e-01
5.742493271827697754e-01
5.458268523216247559e-01
5.389348864555358887e-01
5.148078799247741699e-01
5.212841629981994629e-01
5.186551809310913086e-01
5.052910447120666504e-01
5.036726593971252441e-01
5.036427974700927734e-01
5.134437680244445801e-01
5.034610033035278320e-01
5.042476058006286621e-01
5.136134028434753418e-01
5.042168498039245605e-01
5.072357058525085449e-01
4.985609352588653564e-01
5.117230415344238281e-01
5.026579499244689941e-01
4.974687993526458740e-01
5.059191584587097168e-01
5.010134577751159668e-01
5.021970272064208984e-01
4.848588705062866211e-01
5.115076899528503418e-01
4.949837625026702881e-01
5.072183609008789062e-01
4.900906980037689209e-01
4.931715726852416992e-01
5.030445456504821777e-01
5.000942349433898926e-01
5.043913125991821289e-01
4.981584548950195312e-01
4.976978600025177002e-01
