1.000000000000000000e+00,4.272979736328125000e+00
5.610000000000000000e+02,8.183116316795349121e-01
1.123000000000000000e+03,7.097800374031066895e-01
1.685000000000000000e+03,6.316983699798583984e-01
2.247000000000000000e+03,6.120310425758361816e-01
2.809000000000000000e+03,5.456623435020446777e-01
3.371000000000000000e+03,4.584843814373016357e-01
3.933000000000000000e+03,4.312405884265899658e-01
4.495000000000000000e+03,3.961551785469055176e-01
5.057000000000000000e+03,3.116014599800109863e-01
5.619000000000000000e+03,2.942948937416076660e-01
6.181000000000000000e+03,2.485219836235046387e-01
6.743000000000000000e+03,2.301624715328216553e-01
7.305000000000000000e+03,1.900229454040527344e-01
7.867000000000000000e+03,2.008193433284759521e-01
8.429000000000000000e+03,2.046674191951751709e-01
8.991000000000000000e+03,1.967211216688156128e-01
9.553000000000000000e+03,1.306866109371185303e-01
1.011500000000000000e+04,1.105739846825599670e-01
1.067700000000000000e+04,8.330926299095153809e-02
1.123900000000000000e+04,1.289809495210647583e-01
1.180100000000000000e+04,1.379754245281219482e-01
1.236300000000000000e+04,1.271595060825347900e-01
1.292500000000000000e+04,1.316248476505279541e-01
1.348700000000000000e+04,1.064936518669128418e-01
1.404900000000000000e+04,6.712032854557037354e-02
1.461100000000000000e+04,1.205670833587646484e-01
