1.000000000000000000e+00,9.932309985160827637e-01
5.610000000000000000e+02,9.050657600164413452e-02
1.123000000000000000e+03,6.485337018966674805e-02
1.685000000000000000e+03,4.917568340897560120e-02
2.247000000000000000e+03,6.224243715405464172e-02
2.809000000000000000e+03,7.946643978357315063e-02
3.371000000000000000e+03,6.288298964500427246e-02
3.933000000000000000e+03,7.276796549558639526e-02
4.495000000000000000e+03,5.791213735938072205e-02
5.057000000000000000e+03,7.672581821680068970e-03
5.619000000000000000e+03,8.739066869020462036e-02
6.181000000000000000e+03,5.546975508332252502e-02
6.743000000000000000e+03,8.188956975936889648e-02
7.305000000000000000e+03,6.895800679922103882e-02
7.867000000000000000e+03,3.973366320133209229e-02
8.429000000000000000e+03,4.233406484127044678e-02
8.991000000000000000e+03,7.524878531694412231e-02
9.553000000000000000e+03,9.330060333013534546e-02
1.011500000000000000e+04,8.261525072157382965e-03
1.067700000000000000e+04,6.755374372005462646e-02
1.123900000000000000e+04,8.145119249820709229e-02
1.180100000000000000e+04,3.090801090002059937e-02
1.236300000000000000e+04,2.384474314749240875e-02
1.292500000000000000e+04,7.705440372228622437e-02
1.348700000000000000e+04,7.912088185548782349e-02
1.404900000000000000e+04,1.026110649108886719e-01
1.461100000000000000e+04,2.081510983407497406e-02
1.517300000000000000e+04,5.858182907104492188e-02
1.573500000000000000e+04,5.010989308357238770e-02
1.629700000000000000e+04,4.492649063467979431e-02
1.685900000000000000e+04,4.725040122866630554e-02
1.742100000000000000e+04,3.836674615740776062e-02
1.798300000000000000e+04,3.818047046661376953e-02
1.854500000000000000e+04,2.561559714376926422e-02
1.910700000000000000e+04,8.792523294687271118e-03
1.966900000000000000e+04,3.968834504485130310e-02
