3.491435289382934570e+00
7.863462567329406738e-01
6.505556702613830566e-01
5.611886978149414062e-01
4.825562536716461182e-01
4.133858084678649902e-01
3.595551848411560059e-01
3.206575810909271240e-01
2.983340024948120117e-01
2.604781687259674072e-01
2.247409969568252563e-01
2.058311253786087036e-01
1.961306780576705933e-01
1.838333010673522949e-01
1.689084321260452271e-01
1.644171029329299927e-01
1.499502062797546387e-01
1.452268660068511963e-01
1.370414793491363525e-01
1.330433636903762817e-01
1.255505830049514771e-01
1.303689032793045044e-01
1.286806464195251465e-01
