3.588228702545166016e+00
7.582042813301086426e-01
6.302381753921508789e-01
6.054273843765258789e-01
4.672639369964599609e-01
3.935803174972534180e-01
3.778544068336486816e-01
3.623717129230499268e-01
2.607664167881011963e-01
2.689827680587768555e-01
2.221760451793670654e-01
2.356131523847579956e-01
2.099650651216506958e-01
1.953637748956680298e-01
1.693894416093826294e-01
1.754127293825149536e-01
1.408398300409317017e-01
1.688336431980133057e-01
1.596906632184982300e-01
1.455936431884765625e-01
1.112880408763885498e-01
1.143654286861419678e-01
1.242442801594734192e-01
