1.000000000000000000e+00,9.834697246551513672e-01
5.610000000000000000e+02,8.733353018760681152e-02
1.123000000000000000e+03,5.176041647791862488e-02
1.685000000000000000e+03,4.143889993429183960e-02
2.247000000000000000e+03,4.620818421244621277e-02
2.809000000000000000e+03,6.441009789705276489e-02
3.371000000000000000e+03,3.899426758289337158e-02
3.933000000000000000e+03,5.545230582356452942e-02
4.495000000000000000e+03,2.695270627737045288e-02
5.057000000000000000e+03,3.018988063558936119e-03
5.619000000000000000e+03,4.647317901253700256e-02
6.181000000000000000e+03,3.819841518998146057e-02
6.743000000000000000e+03,4.769172146916389465e-02
7.305000000000000000e+03,5.492004752159118652e-02
7.867000000000000000e+03,2.747786976397037506e-02
8.429000000000000000e+03,1.729971729218959808e-02
8.991000000000000000e+03,2.531494200229644775e-02
9.553000000000000000e+03,8.059365302324295044e-02
1.011500000000000000e+04,1.000320422463119030e-03
1.067700000000000000e+04,3.813660517334938049e-02
1.123900000000000000e+04,5.578192695975303650e-02
1.180100000000000000e+04,4.775776993483304977e-03
1.236300000000000000e+04,1.115598995238542557e-02
1.292500000000000000e+04,3.215774148702621460e-02
1.348700000000000000e+04,2.800225280225276947e-02
1.404900000000000000e+04,4.855708777904510498e-02
1.461100000000000000e+04,2.147748507559299469e-02
1.517300000000000000e+04,3.130059316754341125e-02
1.573500000000000000e+04,1.650454103946685791e-02
1.629700000000000000e+04,3.786407038569450378e-02
1.685900000000000000e+04,4.947459325194358826e-03
1.742100000000000000e+04,3.876207768917083740e-02
1.798300000000000000e+04,2.759947068989276886e-02
1.854500000000000000e+04,8.851115591824054718e-03
1.910700000000000000e+04,1.468951534479856491e-02
1.966900000000000000e+04,4.161995276808738708e-02
