1.000000000000000000e+00,2.158908367156982422e+00
5.610000000000000000e+02,7.429779171943664551e-01
1.123000000000000000e+03,6.796339154243469238e-01
1.685000000000000000e+03,5.824359059333801270e-01
2.247000000000000000e+03,5.240768790245056152e-01
2.809000000000000000e+03,4.803851544857025146e-01
3.371000000000000000e+03,4.731056988239288330e-01
3.933000000000000000e+03,4.519895911216735840e-01
4.495000000000000000e+03,4.356629848480224609e-01
5.057000000000000000e+03,3.779757618904113770e-01
5.619000000000000000e+03,3.727139830589294434e-01
6.181000000000000000e+03,3.083997368812561035e-01
6.743000000000000000e+03,3.231852650642395020e-01
7.305000000000000000e+03,2.909236550331115723e-01
7.867000000000000000e+03,2.309429794549942017e-01
8.429000000000000000e+03,2.560053467750549316e-01
8.991000000000000000e+03,2.745050787925720215e-01
9.553000000000000000e+03,2.490168362855911255e-01
1.011500000000000000e+04,2.261461466550827026e-01
1.067700000000000000e+04,1.969581842422485352e-01
1.123900000000000000e+04,2.137768864631652832e-01
1.180100000000000000e+04,2.690621316432952881e-01
1.236300000000000000e+04,1.983933299779891968e-01
1.292500000000000000e+04,1.842949241399765015e-01
1.348700000000000000e+04,1.780891567468643188e-01
1.404900000000000000e+04,1.672731786966323853e-01
1.461100000000000000e+04,1.531868875026702881e-01
