9.827434420585632324e-01
6.580696105957031250e-01
5.705135464668273926e-01
5.499218106269836426e-01
5.350527167320251465e-01
5.303661823272705078e-01
5.277099013328552246e-01
5.243479013442993164e-01
5.213181376457214355e-01
5.199809670448303223e-01
5.189185142517089844e-01
5.191776156425476074e-01
5.194032788276672363e-01
5.192309021949768066e-01
5.189831256866455078e-01
5.179135799407958984e-01
5.169790983200073242e-01
5.164486169815063477e-01
5.160965323448181152e-01
5.157530903816223145e-01
5.157281756401062012e-01
5.155178308486938477e-01
5.153135657310485840e-01
5.155052542686462402e-01
5.158858895301818848e-01
5.158151984214782715e-01
5.164489746093750000e-01
5.172207951545715332e-01
5.176222324371337891e-01
5.175520777702331543e-01
5.179073214530944824e-01
5.179841518402099609e-01
5.180887579917907715e-01
5.182639360427856445e-01
5.188126564025878906e-01
5.194565057754516602e-01
