9.883157610893249512e-01
6.562131643295288086e-01
5.966976284980773926e-01
5.714508891105651855e-01
5.684925317764282227e-01
5.946304798126220703e-01
5.589674115180969238e-01
5.411317348480224609e-01
5.557221770286560059e-01
5.559262633323669434e-01
5.480718612670898438e-01
5.352842807769775391e-01
5.367061495780944824e-01
5.294891595840454102e-01
5.204817652702331543e-01
5.411253571510314941e-01
5.424241423606872559e-01
5.369102358818054199e-01
5.296559333801269531e-01
5.248768925666809082e-01
5.376145243644714355e-01
5.374087691307067871e-01
5.379014611244201660e-01
5.240476727485656738e-01
5.244665741920471191e-01
5.109019875526428223e-01
5.281362533569335938e-01
5.212669968605041504e-01
5.251969099044799805e-01
5.357251167297363281e-01
5.154697299003601074e-01
5.257619023323059082e-01
5.331041216850280762e-01
5.168821811676025391e-01
5.331652164459228516e-01
5.217245221138000488e-01
