1.000000000000000000e+00,4.200750827789306641e+00
5.610000000000000000e+02,7.687965631484985352e-01
1.123000000000000000e+03,7.186469435691833496e-01
1.685000000000000000e+03,6.673997044563293457e-01
2.247000000000000000e+03,5.993224978446960449e-01
2.809000000000000000e+03,4.805917441844940186e-01
3.371000000000000000e+03,4.460987448692321777e-01
3.933000000000000000e+03,4.660906791687011719e-01
4.495000000000000000e+03,4.073305130004882812e-01
5.057000000000000000e+03,3.770087361335754395e-01
5.619000000000000000e+03,3.703124821186065674e-01
6.181000000000000000e+03,2.939003407955169678e-01
6.743000000000000000e+03,3.334606587886810303e-01
7.305000000000000000e+03,2.549395859241485596e-01
7.867000000000000000e+03,2.724023759365081787e-01
8.429000000000000000e+03,3.082980215549468994e-01
8.991000000000000000e+03,3.079924583435058594e-01
9.553000000000000000e+03,2.335442602634429932e-01
1.011500000000000000e+04,2.086331546306610107e-01
1.067700000000000000e+04,1.831772923469543457e-01
1.123900000000000000e+04,1.956769824028015137e-01
1.180100000000000000e+04,2.238854020833969116e-01
1.236300000000000000e+04,2.029068619012832642e-01
1.292500000000000000e+04,1.896287649869918823e-01
1.348700000000000000e+04,1.980473101139068604e-01
1.404900000000000000e+04,1.549793183803558350e-01
1.461100000000000000e+04,2.146762758493423462e-01
