1.000000000000000000e+00,8.056932449340820312e+00
5.610000000000000000e+02,8.055281639099121094e-01
1.123000000000000000e+03,7.552142739295959473e-01
1.685000000000000000e+03,7.055230736732482910e-01
2.247000000000000000e+03,6.703019142150878906e-01
2.809000000000000000e+03,6.118139028549194336e-01
3.371000000000000000e+03,5.439340472221374512e-01
3.933000000000000000e+03,4.368371367454528809e-01
4.495000000000000000e+03,3.985334932804107666e-01
5.057000000000000000e+03,3.427811563014984131e-01
5.619000000000000000e+03,3.365214765071868896e-01
6.181000000000000000e+03,2.793672382831573486e-01
6.743000000000000000e+03,2.970764040946960449e-01
7.305000000000000000e+03,2.817880213260650635e-01
7.867000000000000000e+03,2.445660829544067383e-01
8.429000000000000000e+03,2.624508440494537354e-01
8.991000000000000000e+03,2.547323703765869141e-01
9.553000000000000000e+03,2.174253314733505249e-01
1.011500000000000000e+04,2.106999009847640991e-01
1.067700000000000000e+04,1.756464838981628418e-01
1.123900000000000000e+04,1.582078486680984497e-01
1.180100000000000000e+04,1.842035055160522461e-01
1.236300000000000000e+04,1.933071315288543701e-01
1.292500000000000000e+04,1.594801992177963257e-01
1.348700000000000000e+04,1.810172796249389648e-01
1.404900000000000000e+04,1.342669576406478882e-01
1.461100000000000000e+04,1.736075729131698608e-01
