9.470415711402893066e-01
6.614981293678283691e-01
6.350766420364379883e-01
5.756927132606506348e-01
5.506027340888977051e-01
5.373350381851196289e-01
5.291714072227478027e-01
5.226437449455261230e-01
5.166663527488708496e-01
5.129088759422302246e-01
5.096735358238220215e-01
5.079542994499206543e-01
5.066618919372558594e-01
5.063614845275878906e-01
5.076819658279418945e-01
5.089030265808105469e-01
5.099754929542541504e-01
5.095407962799072266e-01
5.094112157821655273e-01
5.093488097190856934e-01
5.093232989311218262e-01
5.089085102081298828e-01
5.086469054222106934e-01
5.088080763816833496e-01
5.089482069015502930e-01
5.088710188865661621e-01
5.086554884910583496e-01
5.083308815956115723e-01
5.078755021095275879e-01
5.077696442604064941e-01
5.075193643569946289e-01
5.078723430633544922e-01
5.081240534782409668e-01
5.074989199638366699e-01
5.077673196792602539e-01
5.077233910560607910e-01
