9.608386158943176270e-01
6.331211328506469727e-01
6.530027985572814941e-01
5.644988417625427246e-01
5.380900502204895020e-01
5.349441170692443848e-01
5.181898474693298340e-01
5.203847289085388184e-01
5.192660689353942871e-01
5.170003175735473633e-01
5.170364975929260254e-01
5.022188425064086914e-01
5.199565887451171875e-01
5.058200359344482422e-01
5.080592632293701172e-01
5.080432295799255371e-01
5.126563906669616699e-01
5.052201151847839355e-01
4.980646669864654541e-01
5.078032016754150391e-01
5.057026147842407227e-01
4.971907436847686768e-01
5.108672380447387695e-01
5.041934847831726074e-01
5.026122927665710449e-01
4.919093847274780273e-01
5.052074790000915527e-01
4.911971986293792725e-01
5.077720284461975098e-01
4.928657710552215576e-01
4.875602722167968750e-01
5.058532357215881348e-01
4.979906082153320312e-01
5.036339163780212402e-01
5.034164786338806152e-01
4.988010823726654053e-01
