1.000000000000000000e+00,2.443286418914794922e+00
5.610000000000000000e+02,7.474122047424316406e-01
1.123000000000000000e+03,6.834844946861267090e-01
1.685000000000000000e+03,5.644930601119995117e-01
2.247000000000000000e+03,4.986877739429473877e-01
2.809000000000000000e+03,3.860772848129272461e-01
3.371000000000000000e+03,3.650870323181152344e-01
3.933000000000000000e+03,3.822057545185089111e-01
4.495000000000000000e+03,2.832910120487213135e-01
5.057000000000000000e+03,3.251787722110748291e-01
5.619000000000000000e+03,3.615829646587371826e-01
6.181000000000000000e+03,3.036068975925445557e-01
6.743000000000000000e+03,3.122090697288513184e-01
7.305000000000000000e+03,2.795348763465881348e-01
7.867000000000000000e+03,2.924998998641967773e-01
8.429000000000000000e+03,2.967425882816314697e-01
8.991000000000000000e+03,2.795744836330413818e-01
9.553000000000000000e+03,2.528580427169799805e-01
1.011500000000000000e+04,2.531442046165466309e-01
1.067700000000000000e+04,1.670344769954681396e-01
1.123900000000000000e+04,1.950830519199371338e-01
1.180100000000000000e+04,2.493201643228530884e-01
1.236300000000000000e+04,2.383383810520172119e-01
1.292500000000000000e+04,1.771091073751449585e-01
1.348700000000000000e+04,1.917755603790283203e-01
1.404900000000000000e+04,1.761185526847839355e-01
1.461100000000000000e+04,2.389553487300872803e-01
