1.000000000000000000e+00,1.001458406448364258e+00
5.610000000000000000e+02,2.500831186771392822e-01
1.123000000000000000e+03,2.114130109548568726e-01
1.685000000000000000e+03,7.288635522127151489e-02
2.247000000000000000e+03,5.870937928557395935e-02
2.809000000000000000e+03,6.379676610231399536e-02
3.371000000000000000e+03,7.826801389455795288e-02
3.933000000000000000e+03,6.496200710535049438e-02
4.495000000000000000e+03,4.620907828211784363e-02
5.057000000000000000e+03,1.789873465895652771e-02
5.619000000000000000e+03,7.396095246076583862e-02
6.181000000000000000e+03,3.634979948401451111e-02
6.743000000000000000e+03,7.982036471366882324e-02
7.305000000000000000e+03,6.665779650211334229e-02
7.867000000000000000e+03,3.913734108209609985e-02
8.429000000000000000e+03,2.861684001982212067e-02
8.991000000000000000e+03,5.269600823521614075e-02
9.553000000000000000e+03,7.751207053661346436e-02
1.011500000000000000e+04,5.497546866536140442e-03
1.067700000000000000e+04,5.215929821133613586e-02
1.123900000000000000e+04,6.755808740854263306e-02
1.180100000000000000e+04,2.871607430279254913e-02
1.236300000000000000e+04,7.130059879273176193e-03
1.292500000000000000e+04,3.255476802587509155e-02
1.348700000000000000e+04,4.969102516770362854e-02
1.404900000000000000e+04,1.133640035986900330e-01
1.461100000000000000e+04,2.996632456779479980e-02
1.517300000000000000e+04,6.911321729421615601e-02
1.573500000000000000e+04,2.215731702744960785e-02
1.629700000000000000e+04,3.149726986885070801e-02
1.685900000000000000e+04,3.432423248887062073e-02
1.742100000000000000e+04,5.227592587471008301e-02
1.798300000000000000e+04,3.917868807911872864e-02
1.854500000000000000e+04,2.793888002634048462e-02
1.910700000000000000e+04,4.765950608998537064e-03
1.966900000000000000e+04,1.857858523726463318e-02
