1.000000000000000000e+00,5.924098968505859375e+00
5.610000000000000000e+02,7.990205287933349609e-01
1.123000000000000000e+03,7.622517347335815430e-01
1.685000000000000000e+03,7.223288416862487793e-01
2.247000000000000000e+03,6.706031560897827148e-01
2.809000000000000000e+03,6.081942915916442871e-01
3.371000000000000000e+03,5.696669816970825195e-01
3.933000000000000000e+03,5.211112499237060547e-01
4.495000000000000000e+03,4.478592276573181152e-01
5.057000000000000000e+03,4.245920181274414062e-01
5.619000000000000000e+03,4.132831692695617676e-01
6.181000000000000000e+03,4.024521112442016602e-01
6.743000000000000000e+03,3.500342667102813721e-01
7.305000000000000000e+03,3.351221978664398193e-01
7.867000000000000000e+03,3.209537863731384277e-01
8.429000000000000000e+03,3.337501287460327148e-01
8.991000000000000000e+03,3.330678045749664307e-01
9.553000000000000000e+03,2.788855731487274170e-01
1.011500000000000000e+04,2.787682116031646729e-01
1.067700000000000000e+04,2.313186228275299072e-01
1.123900000000000000e+04,2.656471431255340576e-01
1.180100000000000000e+04,3.057602047920227051e-01
1.236300000000000000e+04,2.813571393489837646e-01
1.292500000000000000e+04,2.536456882953643799e-01
1.348700000000000000e+04,2.557772994041442871e-01
1.404900000000000000e+04,2.061158716678619385e-01
1.461100000000000000e+04,2.824614346027374268e-01
