1.000000000000000000e+00,3.064820766448974609e+00
5.610000000000000000e+02,7.768543958663940430e-01
1.123000000000000000e+03,6.815226078033447266e-01
1.685000000000000000e+03,6.314938068389892578e-01
2.247000000000000000e+03,5.239536762237548828e-01
2.809000000000000000e+03,4.712926745414733887e-01
3.371000000000000000e+03,4.181665182113647461e-01
3.933000000000000000e+03,4.299855232238769531e-01
4.495000000000000000e+03,3.783547282218933105e-01
5.057000000000000000e+03,3.294831514358520508e-01
5.619000000000000000e+03,3.423747122287750244e-01
6.181000000000000000e+03,2.701634168624877930e-01
6.743000000000000000e+03,3.239134550094604492e-01
7.305000000000000000e+03,2.332047373056411743e-01
7.867000000000000000e+03,2.480179667472839355e-01
8.429000000000000000e+03,2.749174833297729492e-01
8.991000000000000000e+03,2.607781589031219482e-01
9.553000000000000000e+03,2.533037960529327393e-01
1.011500000000000000e+04,3.044861555099487305e-01
1.067700000000000000e+04,1.893409192562103271e-01
1.123900000000000000e+04,1.690724045038223267e-01
1.180100000000000000e+04,2.642301619052886963e-01
1.236300000000000000e+04,2.024797052145004272e-01
1.292500000000000000e+04,2.289359867572784424e-01
1.348700000000000000e+04,1.699975430965423584e-01
1.404900000000000000e+04,1.769310832023620605e-01
1.461100000000000000e+04,2.221972495317459106e-01
