1.000000000000000000e+00,1.196642279624938965e+00
5.610000000000000000e+02,6.799853444099426270e-01
1.123000000000000000e+03,5.787371993064880371e-01
1.685000000000000000e+03,4.427675902843475342e-01
2.247000000000000000e+03,4.341510832309722900e-01
2.809000000000000000e+03,3.700272440910339355e-01
3.371000000000000000e+03,3.791296780109405518e-01
3.933000000000000000e+03,3.483012914657592773e-01
4.495000000000000000e+03,3.236678838729858398e-01
5.057000000000000000e+03,3.300850391387939453e-01
5.619000000000000000e+03,2.880045771598815918e-01
6.181000000000000000e+03,2.317277938127517700e-01
6.743000000000000000e+03,2.940183579921722412e-01
7.305000000000000000e+03,1.991053521633148193e-01
7.867000000000000000e+03,2.154658436775207520e-01
8.429000000000000000e+03,2.110612392425537109e-01
8.991000000000000000e+03,2.022259235382080078e-01
9.553000000000000000e+03,1.833342015743255615e-01
1.011500000000000000e+04,1.826211363077163696e-01
1.067700000000000000e+04,1.528511345386505127e-01
1.123900000000000000e+04,1.675344109535217285e-01
1.180100000000000000e+04,1.945714801549911499e-01
1.236300000000000000e+04,1.462650001049041748e-01
1.292500000000000000e+04,1.387062966823577881e-01
1.348700000000000000e+04,1.215606853365898132e-01
1.404900000000000000e+04,1.491283923387527466e-01
1.461100000000000000e+04,1.495933979749679565e-01
