1.000000000000000000e+00,2.627643823623657227e+00
5.610000000000000000e+02,7.069643139839172363e-01
1.123000000000000000e+03,5.814340710639953613e-01
1.685000000000000000e+03,4.637037813663482666e-01
2.247000000000000000e+03,4.461469650268554688e-01
2.809000000000000000e+03,3.722857236862182617e-01
3.371000000000000000e+03,3.389102816581726074e-01
3.933000000000000000e+03,2.931825518608093262e-01
4.495000000000000000e+03,2.884473800659179688e-01
5.057000000000000000e+03,2.255796492099761963e-01
5.619000000000000000e+03,1.969944834709167480e-01
6.181000000000000000e+03,2.064066529273986816e-01
6.743000000000000000e+03,2.138182669878005981e-01
7.305000000000000000e+03,1.577029526233673096e-01
7.867000000000000000e+03,1.794325709342956543e-01
8.429000000000000000e+03,2.045816928148269653e-01
8.991000000000000000e+03,1.774806529283523560e-01
9.553000000000000000e+03,1.543551385402679443e-01
1.011500000000000000e+04,1.622784584760665894e-01
1.067700000000000000e+04,1.578165143728256226e-01
1.123900000000000000e+04,1.380193680524826050e-01
1.180100000000000000e+04,1.758636683225631714e-01
1.236300000000000000e+04,1.679965704679489136e-01
1.292500000000000000e+04,1.488317251205444336e-01
1.348700000000000000e+04,1.650092005729675293e-01
1.404900000000000000e+04,1.295303553342819214e-01
1.461100000000000000e+04,1.622367948293685913e-01
