1.000000000000000000e+00,9.598464369773864746e-01
5.610000000000000000e+02,7.515951991081237793e-02
1.123000000000000000e+03,4.334981366991996765e-02
1.685000000000000000e+03,4.830992594361305237e-02
2.247000000000000000e+03,6.197745725512504578e-02
2.809000000000000000e+03,8.670859783887863159e-02
3.371000000000000000e+03,6.446559727191925049e-02
3.933000000000000000e+03,6.063616275787353516e-02
4.495000000000000000e+03,2.802086621522903442e-02
5.057000000000000000e+03,7.930155843496322632e-03
5.619000000000000000e+03,7.319789379835128784e-02
6.181000000000000000e+03,3.872129693627357483e-02
6.743000000000000000e+03,8.381027728319168091e-02
7.305000000000000000e+03,4.212538897991180420e-02
7.867000000000000000e+03,4.187798872590065002e-02
8.429000000000000000e+03,4.227916896343231201e-02
8.991000000000000000e+03,4.825825616717338562e-02
9.553000000000000000e+03,7.803770154714584351e-02
1.011500000000000000e+04,1.635554246604442596e-02
1.067700000000000000e+04,2.051166631281375885e-02
1.123900000000000000e+04,7.814568281173706055e-02
1.180100000000000000e+04,2.232432365417480469e-02
1.236300000000000000e+04,1.266552787274122238e-02
1.292500000000000000e+04,5.746914073824882507e-02
1.348700000000000000e+04,5.470971390604972839e-02
1.404900000000000000e+04,7.432930171489715576e-02
1.461100000000000000e+04,4.061072599142789841e-03
1.517300000000000000e+04,3.846647962927818298e-02
1.573500000000000000e+04,1.888675242662429810e-02
1.629700000000000000e+04,4.342641681432723999e-03
1.685900000000000000e+04,1.400465238839387894e-02
1.742100000000000000e+04,1.981251128017902374e-02
1.798300000000000000e+04,3.214257536455988884e-03
1.854500000000000000e+04,3.642778610810637474e-03
1.910700000000000000e+04,1.953375060111284256e-03
1.966900000000000000e+04,1.465177442878484726e-02
