1.000000000000000000e+00,1.024750113487243652e+00
5.610000000000000000e+02,9.664675593376159668e-02
1.123000000000000000e+03,5.089627578854560852e-02
1.685000000000000000e+03,4.197590425610542297e-02
2.247000000000000000e+03,3.616901487112045288e-02
2.809000000000000000e+03,5.135989189147949219e-02
3.371000000000000000e+03,3.493591398000717163e-02
3.933000000000000000e+03,6.669611483812332153e-02
4.495000000000000000e+03,1.785543002188205719e-02
5.057000000000000000e+03,1.228578272275626659e-03
5.619000000000000000e+03,3.394388779997825623e-02
6.181000000000000000e+03,1.762119121849536896e-02
6.743000000000000000e+03,1.857524551451206207e-02
7.305000000000000000e+03,1.693052053451538086e-02
7.867000000000000000e+03,1.193133532069623470e-03
8.429000000000000000e+03,1.325813028961420059e-02
8.991000000000000000e+03,1.994825201109051704e-03
9.553000000000000000e+03,3.208930790424346924e-02
1.011500000000000000e+04,2.011429518461227417e-03
1.067700000000000000e+04,2.269495464861392975e-02
1.123900000000000000e+04,1.710684783756732941e-02
1.180100000000000000e+04,2.669481036718934774e-04
1.236300000000000000e+04,1.780845038592815399e-02
1.292500000000000000e+04,2.841527014970779419e-02
1.348700000000000000e+04,8.420337922871112823e-03
1.404900000000000000e+04,1.762995123863220215e-02
1.461100000000000000e+04,5.018566269427537918e-03
1.517300000000000000e+04,1.461254339665174484e-02
1.573500000000000000e+04,3.083753399550914764e-03
1.629700000000000000e+04,6.388623150996863842e-04
1.685900000000000000e+04,5.776578560471534729e-03
1.742100000000000000e+04,1.306949276477098465e-02
1.798300000000000000e+04,1.065512746572494507e-02
1.854500000000000000e+04,1.062675565481185913e-02
1.910700000000000000e+04,1.044173818081617355e-02
1.966900000000000000e+04,5.340018469723872840e-05
