1.373205710550334357e+00,9.648498765596613680e-01,1.169454020974072472e+00,4.971728365804725103e-01,6.679018211455773901e-01,-1.103759879711904146e-01,3.971825847255148201e-01,3.413063581953658665e-01,-6.138573372710520726e-02
7.273594870393491618e-01,3.029484718314955360e-01,-2.526434585788590592e+00,3.447317086316724621e-01,1.062346788816008192e-01,-1.628736162906927465e+00,3.013002956624011297e-02,-3.385984052666168309e-01,-3.255789381687632655e+00
-4.722914192416720169e+00,-7.455714956788086489e-01,-4.360765213953687436e+00,-1.497024720390564667e+00,-3.634496457409824299e-01,-1.833005439241611079e+00,-3.350421904968622577e+00,-7.687336026506108588e-01,-3.817176578179471313e+00
5.410365514400751863e+00,1.755230555863062314e+00,4.762273263999110995e+00,2.651378584380946979e+00,1.017588538234649675e+00,2.114484631730040753e+00,3.778240332812925040e+00,1.253625913074122078e+00,3.697728652039515396e+00
3.500263725876973986e+00,5.107407237473192696e-01,2.160438173272257956e+00,2.622554916138710723e-01,2.454372008615055833e-01,-9.872178332162573344e-02,1.726200767555178039e+00,1.190773722115813227e-01,7.875375768453594105e-01
2.663623659957139900e+00,1.474720130765393211e+00,2.013181179626050810e+00,8.855962190956879754e-01,3.952570472346676467e-01,3.180810279499244331e-01,1.648622838873001317e+00,1.284173859740304624e-01,-5.163716833639111492e-01
-4.283746668544750946e+00,-2.243899250888230945e+00,-3.717894575573129412e+00,-5.825410309502945250e-01,-8.393836762955939057e-02,-6.019548656045298207e-02,-2.968365487775308953e+00,-4.377723580182734109e-01,-4.511265341590803835e-01
2.998969767209308301e+00,1.112709711801141754e+00,2.767444949946014532e+00,6.526117538481210345e-02,-1.803776761756607505e-01,-3.876073617624792300e-01,2.745536135077539797e+00,-2.026488333845415102e-01,-7.720439276947363982e-01
3.746627542068452499e+00,1.917541258584495978e+00,3.116469176748951408e+00,8.748583711637725191e-01,3.555845583219788830e-01,-3.353442315984955790e-02,2.739574980670956172e+00,-4.849142947403846104e-01,-2.440084492181490372e+00
-1.039470573204025472e+00,6.775873565342377391e-01,-6.419057243672642299e-01,-6.710501716854778975e-02,1.911813049688412258e-01,2.092823481345124081e-01,-1.970764451912194515e+00,1.317093998757592754e-01,-1.174496507871554685e-01
