1.230095505714416504e+00
6.671497821807861328e-01
6.441493630409240723e-01
6.061406731605529785e-01
5.766583681106567383e-01
5.485562086105346680e-01
5.408694744110107422e-01
5.380350947380065918e-01
5.365059971809387207e-01
5.362465977668762207e-01
5.358836054801940918e-01
5.353621840476989746e-01
5.340898036956787109e-01
5.341729521751403809e-01
5.289433002471923828e-01
5.189137458801269531e-01
5.096669793128967285e-01
5.060421824455261230e-01
5.045109391212463379e-01
5.031998157501220703e-01
5.024898648262023926e-01
5.017271637916564941e-01
5.016359686851501465e-01
5.016650557518005371e-01
5.013688206672668457e-01
5.016124248504638672e-01
5.020709633827209473e-01
5.023530721664428711e-01
5.020892024040222168e-01
5.021060109138488770e-01
5.019620060920715332e-01
5.019776821136474609e-01
5.020493268966674805e-01
5.017374157905578613e-01
5.015117526054382324e-01
5.010598301887512207e-01
