1.268007636070251465e+00
6.819205284118652344e-01
6.521229147911071777e-01
5.867206454277038574e-01
5.840832591056823730e-01
5.629481077194213867e-01
5.348273515701293945e-01
5.330527424812316895e-01
5.599610209465026855e-01
5.328969359397888184e-01
5.446978211402893066e-01
5.331397652626037598e-01
5.466769337654113770e-01
5.351704955101013184e-01
5.203978419303894043e-01
5.225431323051452637e-01
5.100292563438415527e-01
5.068919658660888672e-01
5.043913722038269043e-01
5.089539885520935059e-01
4.990294873714447021e-01
4.942653179168701172e-01
5.111321806907653809e-01
5.026676058769226074e-01
4.960038959980010986e-01
4.931967556476593018e-01
5.061227679252624512e-01
4.894734323024749756e-01
5.072475075721740723e-01
4.940751791000366211e-01
4.891671836376190186e-01
5.079826712608337402e-01
4.992420971393585205e-01
5.041452050209045410e-01
4.990313947200775146e-01
4.985933303833007812e-01
