1.000000000000000000e+00,9.616603851318359375e-01
5.610000000000000000e+02,1.071363314986228943e-01
1.123000000000000000e+03,6.084042787551879883e-02
1.685000000000000000e+03,5.249067023396492004e-02
2.247000000000000000e+03,6.863994151353836060e-02
2.809000000000000000e+03,9.076070040464401245e-02
3.371000000000000000e+03,6.109544634819030762e-02
3.933000000000000000e+03,7.281079143285751343e-02
4.495000000000000000e+03,6.956721097230911255e-02
5.057000000000000000e+03,3.988528158515691757e-03
5.619000000000000000e+03,6.495591998100280762e-02
6.181000000000000000e+03,5.896187946200370789e-02
6.743000000000000000e+03,8.430063724517822266e-02
7.305000000000000000e+03,8.025314658880233765e-02
7.867000000000000000e+03,4.536447301506996155e-02
8.429000000000000000e+03,3.477886691689491272e-02
8.991000000000000000e+03,5.397215485572814941e-02
9.553000000000000000e+03,1.000757515430450439e-01
1.011500000000000000e+04,3.422534326091408730e-03
1.067700000000000000e+04,7.316029816865921021e-02
1.123900000000000000e+04,8.827125281095504761e-02
1.180100000000000000e+04,2.832243591547012329e-02
1.236300000000000000e+04,7.442710455507040024e-03
1.292500000000000000e+04,5.001331493258476257e-02
1.348700000000000000e+04,4.354852437973022461e-02
1.404900000000000000e+04,1.430163681507110596e-01
1.461100000000000000e+04,2.531925402581691742e-02
1.517300000000000000e+04,7.160209864377975464e-02
1.573500000000000000e+04,5.061817541718482971e-02
1.629700000000000000e+04,4.757191240787506104e-02
1.685900000000000000e+04,3.087037056684494019e-02
1.742100000000000000e+04,2.948992140591144562e-02
1.798300000000000000e+04,3.252824023365974426e-02
1.854500000000000000e+04,3.888907656073570251e-02
1.910700000000000000e+04,3.450343385338783264e-02
1.966900000000000000e+04,5.046708509325981140e-02
