3.788451566833828110e-03,1.373735081469931174e+00,1.537970544461131794e+00,0.000000000000000000e+00,0.000000000000000000e+00,0.000000000000000000e+00,0.000000000000000000e+00,1.081408940153778531e-01,0.000000000000000000e+00,1.283520299773954321e+00,0.000000000000000000e+00,0.000000000000000000e+00,0.000000000000000000e+00,1.020653074290748918e+00,0.000000000000000000e+00,0.000000000000000000e+00
1.866836142289685085e-01,6.369199471373576671e-02,1.193432110158028081e-01,1.530064259713981301e-02,1.688494942209217697e-02,1.688494942209217697e-02,0.000000000000000000e+00,1.638355293107451871e-01,1.530064259713981301e-02,4.554130935866851360e-02,1.786114546121098101e-03,2.400725510960910469e-02,1.688494942209217697e-02,9.892848909657914191e-02,1.688494942209217697e-02,1.530064259713981301e-02
9.620319438981823623e-01,6.033518994518090039e-01,4.577087963261874393e-01,1.432642009749542922e-01,1.326108383655082434e-01,1.326108383655082434e-01,6.028508141753263772e-02,1.529332270147278905e-01,1.432642009749542922e-01,1.149987344397231936e-01,7.672983806696720421e-02,1.867171269987011328e-01,1.326108383655082434e-01,5.441872454248368740e-01,1.326108383655082434e-01,1.432642009749542922e-01
4.395686626376118511e-01,8.535252518777269870e-01,4.504976794996764511e-01,1.372553041990613565e+00,1.388168098026653752e+00,1.388168098026653752e+00,1.395625941775506362e+00,3.112499770650174469e-01,1.372553041990613565e+00,1.409409669839078560e+00,1.240472817415138707e+00,1.233014973666286096e+00,1.388168098026653752e+00,6.450671010243240744e-01,1.388168098026653752e+00,1.372553041990613565e+00
0.000000000000000000e+00,2.624214789830148220e-02,1.162082454538904130e-02,0.000000000000000000e+00,0.000000000000000000e+00,0.000000000000000000e+00,0.000000000000000000e+00,0.000000000000000000e+00,0.000000000000000000e+00,0.000000000000000000e+00,0.000000000000000000e+00,0.000000000000000000e+00,0.000000000000000000e+00,2.553568308940157294e-03,0.000000000000000000e+00,0.000000000000000000e+00
2.375664310238789767e-01,3.377175624482333660e-01,1.549602672457695007e-02,0.000000000000000000e+00,0.000000000000000000e+00,0.000000000000000000e+00,0.000000000000000000e+00,0.000000000000000000e+00,0.000000000000000000e+00,0.000000000000000000e+00,0.000000000000000000e+00,0.000000000000000000e+00,0.000000000000000000e+00,3.589944480918347836e-01,0.000000000000000000e+00,0.000000000000000000e+00
2.698840320226736367e-02,0.000000000000000000e+00,1.624668762087821960e-02,0.000000000000000000e+00,0.000000000000000000e+00,0.000000000000000000e+00,0.000000000000000000e+00,5.371653183829039335e-02,0.000000000000000000e+00,0.000000000000000000e+00,0.000000000000000000e+00,0.000000000000000000e+00,0.000000000000000000e+00,7.007764643640257418e-02,0.000000000000000000e+00,0.000000000000000000e+00
2.429897286856430583e-01,9.602301554332370870e-02,6.760086524809594266e-02,2.467073803927632980e-01,2.427473182251560502e-01,2.427473182251560502e-01,4.945110003973240964e-02,2.629999555574613623e-01,2.467073803927632980e-01,1.534685875049035531e-01,3.479417562994058244e-02,1.975376510054047685e-01,2.427473182251560502e-01,1.490592314621608239e-01,2.427473182251560502e-01,2.467073803927632980e-01
6.830202717101201415e-01,1.068097363691776991e+00,2.176043111830949783e-03,0.000000000000000000e+00,0.000000000000000000e+00,0.000000000000000000e+00,0.000000000000000000e+00,1.144152318825945258e+00,0.000000000000000000e+00,1.262003538431599736e+00,0.000000000000000000e+00,0.000000000000000000e+00,0.000000000000000000e+00,1.098071592161431909e+00,0.000000000000000000e+00,0.000000000000000000e+00
0.000000000000000000e+00,1.247314053471200168e-01,1.771561751957051456e-01,2.077838289551436901e-04,0.000000000000000000e+00,0.000000000000000000e+00,0.000000000000000000e+00,1.471507574315182865e-01,2.077838289551436901e-04,8.771222661016508937e-02,0.000000000000000000e+00,0.000000000000000000e+00,0.000000000000000000e+00,3.519581022555939853e-01,0.000000000000000000e+00,2.077838289551436901e-04
2.358402628975454718e+00,2.534515929350163788e+00,1.938184066268149763e+00,0.000000000000000000e+00,0.000000000000000000e+00,0.000000000000000000e+00,0.000000000000000000e+00,1.774767611932475120e+00,0.000000000000000000e+00,2.157055294665042311e+00,0.000000000000000000e+00,0.000000000000000000e+00,0.000000000000000000e+00,2.602032108698040247e+00,0.000000000000000000e+00,0.000000000000000000e+00
6.543501076012034900e-01,6.064824751010746695e-01,0.000000000000000000e+00,6.945984999547363259e-01,6.907627039254293777e-01,6.907627039254293777e-01,6.585576556462910958e-01,6.316214945400133729e-03,6.945984999547363259e-01,5.903024173239828087e-01,6.903206811184645630e-01,7.248182094845105894e-01,6.907627039254293777e-01,7.353708817390725017e-03,6.907627039254293777e-01,6.945984999547363259e-01
1.625636485405266285e+00,2.352693224675022066e-01,1.419118761550635099e-01,7.159240652981679887e-01,7.610425543680321425e-01,7.610425543680321425e-01,5.528707336634397507e-01,1.756844354094937444e-01,7.159240652981679887e-01,1.452960360329598188e-01,5.921712103299796581e-01,8.031502079393249005e-01,7.610425543680321425e-01,1.741949470713734627e+00,7.610425543680321425e-01,7.159240652981679887e-01
0.000000000000000000e+00,3.747469834052026272e-01,9.198834758717566729e-02,1.679543075151741505e-01,1.692036127205938101e-01,1.692036127205938101e-01,6.494219062151387334e-01,6.559054716490209103e-03,1.679543075151741505e-01,8.571089312899857759e-01,6.399174547987058759e-01,1.605632023420184851e-01,1.692036127205938101e-01,4.978422694839537144e-01,1.692036127205938101e-01,1.679543075151741505e-01
0.000000000000000000e+00,0.000000000000000000e+00,0.000000000000000000e+00,7.034700815565884113e-01,5.593721656769048423e-01,5.593721656769048423e-01,3.354044369480106980e-01,3.848976155277341604e-01,7.034700815565884113e-01,0.000000000000000000e+00,5.498007167770992965e-01,7.947986726649105549e-01,5.593721656769048423e-01,0.000000000000000000e+00,5.593721656769048423e-01,7.034700815565884113e-01
1.257002980855759233e-01,2.011697337438818067e-01,8.106132582179270685e-02,1.048096494982019067e+00,9.533823637757450342e-01,9.533823637757450342e-01,1.033608084777370095e+00,8.749972362420521677e-02,1.048096494982019067e+00,0.000000000000000000e+00,1.118608385091647506e+00,1.038382664090022445e+00,9.533823637757450342e-01,2.000409614702221006e-01,9.533823637757450342e-01,1.048096494982019067e+00
6.736666266806423664e-02,6.362647796049714088e-02,2.347946292447886663e-01,1.904869765003240900e-01,2.459742851515329676e-01,2.459742851515329676e-01,4.640104904060535773e-01,1.513156709261238575e-01,1.904869765003240900e-01,5.572656254080357030e-01,4.298412532766633376e-01,2.264490067918814020e-01,2.459742851515329676e-01,1.364502147498569684e-01,2.459742851515329676e-01,1.904869765003240900e-01
9.511880576610565186e-03,0.000000000000000000e+00,7.406046753749251366e-02,1.275399199628736824e+00,2.013827803602907807e-02,2.013827803602907807e-02,0.000000000000000000e+00,6.275835027918219566e-02,1.275399199628736824e+00,1.220168516738340259e-02,9.435399835347197950e-01,1.218527986609842628e+00,2.013827803602907807e-02,0.000000000000000000e+00,2.013827803602907807e-02,1.275399199628736824e+00
2.729819487067288719e+00,2.578797787879011594e+00,2.066252347023691982e+00,5.150539796552038752e+00,4.276117305955267511e+00,4.276117305955267511e+00,4.195883255204535089e+00,2.401022161342552863e+00,5.150539796552038752e+00,2.525662874089903198e+00,5.094493483877158724e+00,5.174727534627891146e+00,4.276117305955267511e+00,2.940307405995554291e+00,4.276117305955267511e+00,5.150539796552038752e+00
2.426964736368972808e+00,2.855428517155814916e+00,3.542735417897347361e+00,1.743037187785375863e+00,2.010179908305872232e+00,2.010179908305872232e+00,2.194849294668529183e+00,2.725020128593314439e+00,1.743037187785375863e+00,3.467492980009410530e+00,1.789220848411787301e+00,1.607303732365835458e+00,2.010179908305872232e+00,2.519038616970647126e+00,2.010179908305872232e+00,1.743037187785375863e+00
1.503146115188428666e+00,2.577640711031563114e+00,9.980258553332532756e-01,0.000000000000000000e+00,0.000000000000000000e+00,0.000000000000000000e+00,5.042291144491173327e-03,2.338800080444343621e+00,0.000000000000000000e+00,2.074463927747274283e+00,7.021192082902416587e-03,0.000000000000000000e+00,0.000000000000000000e+00,2.494678244795068167e+00,0.000000000000000000e+00,0.000000000000000000e+00
3.999318754649721086e-01,1.652950561256147921e-01,1.379265087307430804e-01,1.156435794837307185e-01,7.879997693817131221e-02,7.879997693817131221e-02,4.609558169613592327e-02,0.000000000000000000e+00,1.156435794837307185e-01,2.875574556528590620e-01,1.037194379314314574e-01,1.392303039901889861e-01,7.879997693817131221e-02,2.187457354157231748e-01,7.879997693817131221e-02,1.156435794837307185e-01
0.000000000000000000e+00,1.812751805147854611e+00,1.786934943142114207e+00,0.000000000000000000e+00,0.000000000000000000e+00,0.000000000000000000e+00,0.000000000000000000e+00,1.945098823605803773e+00,0.000000000000000000e+00,1.348205027752555907e-01,0.000000000000000000e+00,0.000000000000000000e+00,0.000000000000000000e+00,1.314599454635754228e-01,0.000000000000000000e+00,0.000000000000000000e+00
1.383792175329290330e-02,4.227481267298571765e-02,2.429284443496726453e-02,1.040199595183366910e+00,1.053673542861361057e+00,1.053673542861361057e+00,9.997401346045080572e-01,0.000000000000000000e+00,1.040199595183366910e+00,9.797799604712054133e-03,9.640826076793018728e-01,1.017550505377585068e+00,1.053673542861361057e+00,5.981811598758213222e-02,1.053673542861361057e+00,1.040199595183366910e+00
1.860176833928562701e+00,1.675200714380480349e+00,2.260830883518792689e+00,2.851869006291963160e+00,2.151441056863404810e+00,2.151441056863404810e+00,2.433938909904100001e+00,1.793666380108334124e+00,2.851869006291963160e+00,1.317377194878645241e+00,2.870208193198777735e+00,2.587710340158082545e+00,2.151441056863404810e+00,1.563937753089703619e+00,2.151441056863404810e+00,2.851869006291963160e+00
5.269480217539239675e-01,0.000000000000000000e+00,8.425982952467165887e-01,4.777027895033825189e-02,4.100244161963928491e-02,4.100244161963928491e-02,2.708544438064564019e-02,1.017956447758479044e+00,4.777027895033825189e-02,5.415138807438779622e-01,1.780190724093699828e-02,3.004272510588634759e-02,4.100244161963928491e-02,7.964656741241924465e-01,4.100244161963928491e-02,4.777027895033825189e-02
0.000000000000000000e+00,1.222390441689640284e-01,1.045217597857117653e-01,1.199018330953549594e-01,1.151618504372891039e-01,1.151618504372891039e-01,2.657692203065380454e-01,0.000000000000000000e+00,1.199018330953549594e-01,8.000740315765142441e-02,2.641086148796603084e-01,1.139163963671308011e-01,1.151618504372891039e-01,4.086632793769240379e-02,1.151618504372891039e-01,1.199018330953549594e-01
4.712701981421560049e+00,4.805606060195714235e+00,4.353519633237738162e+00,3.877725462603848428e+00,4.170785212132614106e+00,4.170785212132614106e+00,4.407596489880234003e+00,4.498836084734648466e+00,3.877725462603848428e+00,4.981345158535987139e+00,4.123206272139213979e+00,3.886972221895121038e+00,4.170785212132614106e+00,4.523550399113446474e+00,4.170785212132614106e+00,3.877725462603848428e+00
2.900842812960036099e-02,1.408873849140945822e-01,2.127769205108052120e-01,1.874901777919149026e-01,1.692106928530847654e-01,1.692106928530847654e-01,2.305340710881864652e-01,1.106666830892208964e-01,1.874901777919149026e-01,1.825522893195739016e-01,2.405731365870451555e-01,1.792497583519434556e-01,1.692106928530847654e-01,1.210662919620517641e-01,1.692106928530847654e-01,1.874901777919149026e-01
0.000000000000000000e+00,2.573507571942172945e-01,1.188642388733569533e-01,5.577960921800695360e-02,5.916959405294619501e-02,5.916959405294619501e-02,9.336377360159531236e-02,4.044600619818083942e-02,5.577960921800695360e-02,6.018524541577789932e-01,1.072712008026428521e-01,6.473256493336521089e-02,5.916959405294619501e-02,1.478752426628489047e-01,5.916959405294619501e-02,5.577960921800695360e-02
5.324974050745368004e-02,2.963587350095622241e-01,0.000000000000000000e+00,9.597384873777627945e-01,9.720664843916893005e-01,9.720664843916893005e-01,9.101980142295360565e-01,9.903845959343016148e-03,9.597384873777627945e-01,0.000000000000000000e+00,8.787290710024535656e-01,9.405975411646068096e-01,9.720664843916893005e-01,3.477457793778739870e-01,9.720664843916893005e-01,9.597384873777627945e-01
2.752106785046635196e-01,3.964796423679217696e-02,2.103099322848720476e-01,7.280266302841482684e-01,7.905877865123329684e-01,7.905877865123329684e-01,8.494754142884630710e-01,1.119332575326552615e-01,7.280266302841482684e-01,3.665555967018008232e-03,8.156655479979235679e-01,7.616079011204419658e-01,7.905877865123329684e-01,8.201561938039958477e-02,7.905877865123329684e-01,7.280266302841482684e-01
1.419493506808066741e+00,1.005405626259744167e+00,1.223005777865182608e+00,3.460098563227802515e-01,3.530413038679398596e-01,3.530413038679398596e-01,1.323787397122941911e-01,1.606842228356981650e+00,3.460098563227802515e-01,2.891550564672797918e-01,1.422848258807789534e-01,3.687026116531342268e-01,3.530413038679398596e-01,1.037762421183288097e+00,3.530413038679398596e-01,3.460098563227802515e-01
8.563255827903049067e-01,1.597430809571960708e+00,1.622694285830220906e+00,0.000000000000000000e+00,0.000000000000000000e+00,0.000000000000000000e+00,0.000000000000000000e+00,1.558272795398806920e+00,0.000000000000000000e+00,1.671580371326854220e+00,0.000000000000000000e+00,0.000000000000000000e+00,0.000000000000000000e+00,4.278867233006167226e-02,0.000000000000000000e+00,0.000000000000000000e+00
8.670063327008392662e-02,2.385367960960138589e-02,7.188019881141372025e-04,6.979174455264001153e-01,6.939894891911535524e-01,6.939894891911535524e-01,4.724513900218880735e-01,2.442164109379518777e-02,6.979174455264001153e-01,7.024030863249208778e-02,5.146797885754494928e-01,7.389293452361016534e-01,6.939894891911535524e-01,4.210687930099084042e-01,6.939894891911535524e-01,6.979174455264001153e-01
7.682071825256571174e-01,5.669137133518233895e-01,4.121806708863005042e-01,2.034999528317712247e+00,1.921572112827561796e+00,1.921572112827561796e+00,1.888258313178084791e+00,3.146619659382849932e-01,2.034999528317712247e+00,8.482643042225390673e-01,2.032628744258545339e+00,2.065942543908022344e+00,1.921572112827561796e+00,5.556308188242837787e-01,1.921572112827561796e+00,2.034999528317712247e+00
6.057040579034946859e-01,1.902516775473486632e+00,7.364194141700863838e-01,0.000000000000000000e+00,0.000000000000000000e+00,0.000000000000000000e+00,0.000000000000000000e+00,1.882226468413136899e+00,0.000000000000000000e+00,1.769518712651915848e+00,0.000000000000000000e+00,0.000000000000000000e+00,0.000000000000000000e+00,1.961045446165371686e+00,0.000000000000000000e+00,0.000000000000000000e+00
1.088539722819405142e+00,1.818990575127827469e+00,2.584737571305595338e-01,0.000000000000000000e+00,0.000000000000000000e+00,0.000000000000000000e+00,0.000000000000000000e+00,1.737580494555004407e+00,0.000000000000000000e+00,1.350110617575410288e+00,0.000000000000000000e+00,0.000000000000000000e+00,0.000000000000000000e+00,1.132318916155782063e+00,0.000000000000000000e+00,0.000000000000000000e+00
2.274365520686842501e+00,2.295856418175389990e+00,2.199804664414841682e+00,0.000000000000000000e+00,0.000000000000000000e+00,0.000000000000000000e+00,0.000000000000000000e+00,2.277447805507108569e+00,0.000000000000000000e+00,2.359226206288440153e+00,0.000000000000000000e+00,0.000000000000000000e+00,0.000000000000000000e+00,2.221571583591867238e+00,0.000000000000000000e+00,0.000000000000000000e+00
1.071620870947754156e+00,1.038942031007991318e+00,0.000000000000000000e+00,0.000000000000000000e+00,0.000000000000000000e+00,0.000000000000000000e+00,0.000000000000000000e+00,1.013138868380337954e+00,0.000000000000000000e+00,1.004549162562852871e+00,0.000000000000000000e+00,0.000000000000000000e+00,0.000000000000000000e+00,0.000000000000000000e+00,0.000000000000000000e+00,0.000000000000000000e+00
