1.000000000000000000e+00,1.000436186790466309e+00
5.610000000000000000e+02,1.363416463136672974e-01
1.123000000000000000e+03,6.074562668800354004e-02
1.685000000000000000e+03,5.853695049881935120e-02
2.247000000000000000e+03,4.978952929377555847e-02
2.809000000000000000e+03,8.361975103616714478e-02
3.371000000000000000e+03,5.260080471634864807e-02
3.933000000000000000e+03,8.346623182296752930e-02
4.495000000000000000e+03,5.472818017005920410e-02
5.057000000000000000e+03,9.986658580601215363e-03
5.619000000000000000e+03,7.464810460805892944e-02
6.181000000000000000e+03,4.816375300288200378e-02
6.743000000000000000e+03,6.721558421850204468e-02
7.305000000000000000e+03,6.452278792858123779e-02
7.867000000000000000e+03,3.969893604516983032e-02
8.429000000000000000e+03,4.728907719254493713e-02
8.991000000000000000e+03,6.966438144445419312e-02
9.553000000000000000e+03,7.787400484085083008e-02
1.011500000000000000e+04,4.098143894225358963e-03
1.067700000000000000e+04,4.824790731072425842e-02
1.123900000000000000e+04,6.764551252126693726e-02
1.180100000000000000e+04,1.270676124840974808e-02
1.236300000000000000e+04,1.536958198994398117e-02
1.292500000000000000e+04,5.136314034461975098e-02
1.348700000000000000e+04,3.463042899966239929e-02
1.404900000000000000e+04,3.079309873282909393e-02
1.461100000000000000e+04,1.463829725980758667e-02
1.517300000000000000e+04,4.325234889984130859e-02
1.573500000000000000e+04,2.130205184221267700e-02
1.629700000000000000e+04,2.746255882084369659e-02
1.685900000000000000e+04,7.568514440208673477e-03
1.742100000000000000e+04,3.992207720875740051e-02
1.798300000000000000e+04,1.140030566602945328e-02
1.854500000000000000e+04,1.112083625048398972e-02
1.910700000000000000e+04,1.094418484717607498e-02
1.966900000000000000e+04,6.090193521231412888e-03
