1.000000000000000000e+00,9.658293128013610840e-01
5.610000000000000000e+02,7.212957739830017090e-02
1.123000000000000000e+03,5.533121526241302490e-02
1.685000000000000000e+03,5.030530691146850586e-02
2.247000000000000000e+03,4.329129680991172791e-02
2.809000000000000000e+03,5.939433351159095764e-02
3.371000000000000000e+03,3.487463667988777161e-02
3.933000000000000000e+03,4.696064069867134094e-02
4.495000000000000000e+03,3.275981172919273376e-02
5.057000000000000000e+03,7.851210422813892365e-03
5.619000000000000000e+03,5.620424821972846985e-02
6.181000000000000000e+03,1.587475836277008057e-02
6.743000000000000000e+03,1.285486388951539993e-02
7.305000000000000000e+03,2.211437560617923737e-02
7.867000000000000000e+03,2.974293194711208344e-02
8.429000000000000000e+03,1.071191858500242233e-02
8.991000000000000000e+03,1.927901804447174072e-02
9.553000000000000000e+03,4.300805553793907166e-02
1.011500000000000000e+04,5.000097444280982018e-04
1.067700000000000000e+04,3.387140482664108276e-02
1.123900000000000000e+04,2.400604821741580963e-02
1.180100000000000000e+04,7.830369286239147186e-04
1.236300000000000000e+04,1.179349422454833984e-02
1.292500000000000000e+04,3.140287846326828003e-02
1.348700000000000000e+04,2.420670585706830025e-03
1.404900000000000000e+04,4.814104735851287842e-02
1.461100000000000000e+04,1.661807112395763397e-02
1.517300000000000000e+04,1.896590366959571838e-02
1.573500000000000000e+04,6.004360620863735676e-04
1.629700000000000000e+04,1.956731639802455902e-02
1.685900000000000000e+04,5.966304335743188858e-03
1.742100000000000000e+04,2.365446649491786957e-02
1.798300000000000000e+04,2.754210494458675385e-02
1.854500000000000000e+04,1.025049423333257437e-04
1.910700000000000000e+04,3.440447850152850151e-03
1.966900000000000000e+04,2.203961275517940521e-02
