3.327586713112236083e-01,5.801087046326787178e-01,-1.566242201159598335e-01,1.204647676827809599e+00,7.075290873815833770e-01,7.000648950539400950e-01,4.481735396655073256e-01,9.033504145663338036e-01,1.023515304630604250e+00
-5.129028817401908302e-01,8.097932832576388851e-01,-8.899793437877455693e-01,2.833469241861032994e-01,7.250008645926602213e-01,-4.181067264376208126e-01,-4.437071039388867932e-01,1.489798948319575045e-01,-1.812903745054086357e+00
-1.504453072242434741e+00,-3.574865069789685545e-01,-1.210127706057827490e+00,-8.287415442392940257e-01,-3.476251494620886118e-01,-7.777366387778106294e-01,-1.124958015633183095e+00,-4.836282998379645148e-01,-1.474148774307411980e+00
2.461811113740177692e+00,1.382870286613409272e+00,1.556791265125533119e+00,2.162396567302283579e+00,1.372949255936452229e+00,1.475555865444919679e+00,1.895440475209343889e+00,1.365198657215158651e+00,2.033175919123354269e+00
-9.169799099048192570e-03,1.003513416742204817e-01,-2.094625275027587330e-01,4.853143038883527827e-01,1.849135895727844481e-01,2.797248042268699053e-01,8.809570270332860165e-02,3.335223864179991948e-01,4.492475475053682166e-01
8.387780311684965850e-01,1.240010322681322386e+00,6.984366658687481966e-01,8.635937292042626945e-01,9.015954909373724568e-01,7.737392660612748552e-01,2.752998171769316382e-01,5.158425096604705162e-01,-3.157404264550878192e-02
-2.783092268512652456e-01,-8.880128693019748720e-01,-4.957980779730386534e-01,-2.407935722850622628e-01,-4.591534329633049083e-01,-4.477227387756060883e-01,9.713499346454823602e-02,-2.664750606508896058e-01,1.573760828846950954e-01
-4.271320156900071940e-01,1.263137851960778046e-01,-3.579822273349230199e-01,-3.636585205684762512e-01,-2.238294222196599847e-01,-8.513616196009302084e-02,-2.799168127093749625e-01,1.204405123029325259e-01,-4.685928280514813915e-01
4.981049231832531676e-01,9.561816856066674974e-01,-1.772010755225410517e-01,7.227516048325569598e-01,6.128815729949266267e-01,5.688523704409113035e-01,1.873887744968743829e-01,6.409199491006477567e-01,-6.941291432824652219e-01
1.843747373522252597e-01,-7.301185737063591308e-01,-6.749477618948191981e-01,3.134850136027930723e-01,-7.471619318650588037e-02,-2.041334757187106552e-01,1.638802651635600238e-01,-1.832031479761575543e-01,-3.157326958194403010e-01
