1.000000000000000000e+00,1.157540202140808105e+00
5.610000000000000000e+02,1.019249558448791504e-01
1.123000000000000000e+03,5.886590480804443359e-02
1.685000000000000000e+03,5.454702302813529968e-02
2.247000000000000000e+03,4.676744341850280762e-02
2.809000000000000000e+03,5.429443717002868652e-02
3.371000000000000000e+03,4.251340404152870178e-02
3.933000000000000000e+03,4.375623166561126709e-02
4.495000000000000000e+03,1.933393068611621857e-02
5.057000000000000000e+03,7.595099974423646927e-03
5.619000000000000000e+03,5.812851712107658386e-02
6.181000000000000000e+03,3.329355642199516296e-02
6.743000000000000000e+03,6.401803344488143921e-02
7.305000000000000000e+03,4.251678660511970520e-02
7.867000000000000000e+03,1.828925870358943939e-02
8.429000000000000000e+03,2.456421405076980591e-02
8.991000000000000000e+03,5.050819739699363708e-02
9.553000000000000000e+03,6.613457947969436646e-02
1.011500000000000000e+04,2.521997084841132164e-04
1.067700000000000000e+04,4.394689574837684631e-02
1.123900000000000000e+04,4.891240596771240234e-02
1.180100000000000000e+04,1.211624592542648315e-02
1.236300000000000000e+04,6.987729575484991074e-03
1.292500000000000000e+04,2.557352744042873383e-02
1.348700000000000000e+04,3.625740483403205872e-02
1.404900000000000000e+04,4.795797169208526611e-02
1.461100000000000000e+04,1.506266067735850811e-03
1.517300000000000000e+04,5.147557333111763000e-02
1.573500000000000000e+04,8.346020244061946869e-03
1.629700000000000000e+04,2.858002297580242157e-02
1.685900000000000000e+04,1.021730992943048477e-02
1.742100000000000000e+04,8.149283938109874725e-03
1.798300000000000000e+04,1.865103840827941895e-02
1.854500000000000000e+04,1.141744758933782578e-02
1.910700000000000000e+04,7.578741759061813354e-03
1.966900000000000000e+04,1.274584443308413029e-03
