1.151026248931884766e+00
6.717428565025329590e-01
6.522101759910583496e-01
6.083738803863525391e-01
5.521764159202575684e-01
5.393792986869812012e-01
5.328024029731750488e-01
5.281502604484558105e-01
5.235553383827209473e-01
5.168843269348144531e-01
5.069598555564880371e-01
5.060089230537414551e-01
5.049620270729064941e-01
5.045741796493530273e-01
5.046980381011962891e-01
5.048902034759521484e-01
5.052170753479003906e-01
5.053677558898925781e-01
5.050932765007019043e-01
5.046652555465698242e-01
5.043118596076965332e-01
5.041763782501220703e-01
5.039631724357604980e-01
5.038799643516540527e-01
5.037928223609924316e-01
5.034085512161254883e-01
5.030069351196289062e-01
5.025870203971862793e-01
5.022482872009277344e-01
5.022270679473876953e-01
5.020868182182312012e-01
5.019807219505310059e-01
5.018565058708190918e-01
5.017924308776855469e-01
5.019094347953796387e-01
5.020331740379333496e-01
