1.150265336036682129e+00
6.740481853485107422e-01
6.549305319786071777e-01
5.846265554428100586e-01
5.467435717582702637e-01
5.556305050849914551e-01
5.354429483413696289e-01
5.234820246696472168e-01
5.358051657676696777e-01
5.200750231742858887e-01
5.124840140342712402e-01
5.099590420722961426e-01
5.184324979782104492e-01
5.054610967636108398e-01
5.021447539329528809e-01
5.144359469413757324e-01
5.090667009353637695e-01
5.077362060546875000e-01
5.065637230873107910e-01
5.072655677795410156e-01
5.045493245124816895e-01
5.008286833763122559e-01
5.081788897514343262e-01
5.041303038597106934e-01
4.988112449645996094e-01
5.011150240898132324e-01
5.065831542015075684e-01
4.945423603057861328e-01
5.002357959747314453e-01
4.987297058105468750e-01
4.900166094303131104e-01
5.028731822967529297e-01
5.024574995040893555e-01
5.031171441078186035e-01
4.992783367633819580e-01
4.998620450496673584e-01
