1.000000000000000000e+00,1.964429020881652832e+00
5.610000000000000000e+02,7.318183183670043945e-01
1.123000000000000000e+03,6.260673403739929199e-01
1.685000000000000000e+03,5.074509382247924805e-01
2.247000000000000000e+03,4.562487602233886719e-01
2.809000000000000000e+03,3.712172210216522217e-01
3.371000000000000000e+03,4.170915782451629639e-01
3.933000000000000000e+03,3.532332777976989746e-01
4.495000000000000000e+03,3.079077601432800293e-01
5.057000000000000000e+03,3.056310117244720459e-01
5.619000000000000000e+03,2.860169410705566406e-01
6.181000000000000000e+03,2.622874975204467773e-01
6.743000000000000000e+03,2.757083773612976074e-01
7.305000000000000000e+03,2.186238318681716919e-01
7.867000000000000000e+03,2.071747779846191406e-01
8.429000000000000000e+03,2.343672364950180054e-01
8.991000000000000000e+03,2.002247273921966553e-01
9.553000000000000000e+03,1.806342154741287231e-01
1.011500000000000000e+04,1.955660134553909302e-01
1.067700000000000000e+04,1.767704337835311890e-01
1.123900000000000000e+04,1.380849331617355347e-01
1.180100000000000000e+04,2.067364901304244995e-01
1.236300000000000000e+04,1.592657864093780518e-01
1.292500000000000000e+04,1.553265154361724854e-01
1.348700000000000000e+04,1.192422136664390564e-01
1.404900000000000000e+04,1.215769052505493164e-01
1.461100000000000000e+04,1.399085074663162231e-01
