9.421852231025695801e-01
6.283143162727355957e-01
5.729089379310607910e-01
5.675224661827087402e-01
5.611219406127929688e-01
5.581319928169250488e-01
5.568596720695495605e-01
5.529596805572509766e-01
5.494052767753601074e-01
5.452877283096313477e-01
5.425420999526977539e-01
5.396942496299743652e-01
5.362352132797241211e-01
5.345289111137390137e-01
5.332177281379699707e-01
5.313526988029479980e-01
5.301541090011596680e-01
5.291133522987365723e-01
5.284407138824462891e-01
5.270762443542480469e-01
5.257957577705383301e-01
5.240085721015930176e-01
5.227456688880920410e-01
5.212249159812927246e-01
5.196421146392822266e-01
5.186085104942321777e-01
5.180768370628356934e-01
5.168040990829467773e-01
5.167513489723205566e-01
5.168833136558532715e-01
5.164721608161926270e-01
5.158949494361877441e-01
5.157948732376098633e-01
5.161643624305725098e-01
5.165755152702331543e-01
5.160481333732604980e-01
