9.526194930076599121e-01
6.282374858856201172e-01
5.946041345596313477e-01
5.837303400039672852e-01
5.757207274436950684e-01
5.831373333930969238e-01
5.636176466941833496e-01
5.512160658836364746e-01
5.718640089035034180e-01
5.292211174964904785e-01
5.568047165870666504e-01
5.384340286254882812e-01
5.440984368324279785e-01
5.294646620750427246e-01
5.304688811302185059e-01
5.467800498008728027e-01
5.394650101661682129e-01
5.335145592689514160e-01
5.344613194465637207e-01
5.407909750938415527e-01
5.341477394104003906e-01
5.370851755142211914e-01
5.429037213325500488e-01
5.353460907936096191e-01
5.232339501380920410e-01
5.373143553733825684e-01
5.309725999832153320e-01
5.169822573661804199e-01
5.254091620445251465e-01
5.142273306846618652e-01
4.970065653324127197e-01
5.359165668487548828e-01
5.097811222076416016e-01
5.339697003364562988e-01
5.153481960296630859e-01
5.160796642303466797e-01
