1.503384796495881156e-03,-2.098170157104868941e-03,3.662742458886426009e-04,1.610672174347455151e-03,6.107262780529139389e-04,1.971036325614212905e-03,2.355260246389473140e-03,6.691388735397096454e-04,2.488118021727123673e-03,1.901614126377048405e-03
9.999644560312664909e-01,-1.224072721869657514e-04,-1.286853256101764273e-03,1.060731297200918476e-03,1.222575059437113485e-03,1.425633904068886529e-03,1.372739172584209718e-03,1.696398974356571341e-03,1.643724352964545015e-03,9.928355716450584009e-04
9.422921332890303869e-01,1.000000000000000000e+00,-6.430906601733227170e-04,4.248882358637235193e-03,5.178790875349142736e-04,3.671750533996821688e-03,3.624825883388655984e-03,2.238917781070251002e-03,2.321562037754968527e-03,2.863974438120775803e-03
-2.182684462652006063e-04,2.264320497901905690e-03,1.610890162537071063e-03,5.351944801704549073e-03,6.426162925095339979e-04,4.535972292316005697e-03,3.540723575068262935e-03,1.296538998036967814e-03,3.121130301837098456e-03,3.715798375198879101e-03
2.671546166001783837e-04,-3.061435543159915854e-04,-7.205443813351895994e-04,2.914112596640839551e-04,-2.366233790998132963e-04,1.047901448274227154e-03,1.948416779997714111e-03,3.588509055542505309e-04,1.763631160028537176e-03,5.422479050026028473e-04
1.408867667220670811e-04,1.344436331594962928e-03,3.264638804973172149e-03,2.917817069696095316e-03,9.994523106277466429e-01,4.838177910107457208e-03,4.227954403474711020e-03,1.688526875839303082e-03,3.974287827032485856e-03,1.852856649108415620e-03
6.449692655829539418e-05,3.590533867593045068e-04,1.962936498815767965e-03,1.864836094404368578e-03,-7.441921782677562080e-04,3.590957592906505232e-03,7.010287057501099614e-04,1.117423829794315059e-03,4.000300102839431451e-03,1.224117636852939568e-03
-1.663916540206406610e-03,-2.562900860304426990e-04,-2.234690554459733719e-04,-6.927547603175577889e-04,-1.449656766085177838e-03,1.642898190851808590e-03,9.999999999767690273e-01,-1.607765704720409347e-03,2.967846689290600838e-03,-2.524959652415390823e-04
2.149607312102557333e-03,7.089841532333290884e-04,3.076738836703583890e-03,4.179460074434263733e-03,2.484688383815601351e-03,5.207105030085262473e-03,3.738317382439062739e-03,9.999999999697749553e-01,4.922642148813325888e-03,2.362684021646176483e-03
-1.210242679198634663e-03,1.278143019801410325e-03,1.659781360386870016e-03,2.868141692771760797e-03,-8.117837724387770614e-04,3.724970934643886782e-03,3.351419686638583677e-03,1.707607046370343204e-03,2.606768223100694795e-03,1.749497604649783182e-03
