1.039651632308959961e+00
6.413980126380920410e-01
6.289631128311157227e-01
6.158209443092346191e-01
5.977851748466491699e-01
5.698035359382629395e-01
5.564470887184143066e-01
5.520336627960205078e-01
5.506243705749511719e-01
5.480597019195556641e-01
5.440329909324645996e-01
5.397474169731140137e-01
5.365204215049743652e-01
5.346741080284118652e-01
5.329348444938659668e-01
5.324709415435791016e-01
5.314854979515075684e-01
5.313787460327148438e-01
5.313937067985534668e-01
5.299469828605651855e-01
5.294258594512939453e-01
5.274507403373718262e-01
5.260565876960754395e-01
5.246098637580871582e-01
5.225828886032104492e-01
5.215251445770263672e-01
5.207913517951965332e-01
5.205593109130859375e-01
5.194419026374816895e-01
5.195161104202270508e-01
5.198605060577392578e-01
5.197165012359619141e-01
5.196211934089660645e-01
5.189620852470397949e-01
5.188277959823608398e-01
5.184070467948913574e-01
