1.012101054191589355e+00
6.448440551757812500e-01
6.148407459259033203e-01
6.157696843147277832e-01
5.999813675880432129e-01
5.884884595870971680e-01
6.013343334197998047e-01
5.738087296485900879e-01
5.885122418403625488e-01
5.301349759101867676e-01
5.670273900032043457e-01
5.494650602340698242e-01
5.446077585220336914e-01
5.385670065879821777e-01
5.361976027488708496e-01
5.497433543205261230e-01
5.498707294464111328e-01
5.342907905578613281e-01
5.190901160240173340e-01
5.520062446594238281e-01
5.272696614265441895e-01
5.246500372886657715e-01
5.281003713607788086e-01
5.268910527229309082e-01
5.211588740348815918e-01
5.354730486869812012e-01
5.176978111267089844e-01
5.343210697174072266e-01
5.271062254905700684e-01
5.058419108390808105e-01
5.355539321899414062e-01
5.294523835182189941e-01
5.133511424064636230e-01
5.369544029235839844e-01
5.334464907646179199e-01
5.210378170013427734e-01
