1.000000000000000000e+00,1.010311603546142578e+00
5.610000000000000000e+02,2.381069511175155640e-01
1.123000000000000000e+03,1.789541840553283691e-01
1.685000000000000000e+03,1.595418900251388550e-01
2.247000000000000000e+03,1.217921152710914612e-01
2.809000000000000000e+03,1.419156193733215332e-01
3.371000000000000000e+03,1.316152065992355347e-01
3.933000000000000000e+03,1.482694596052169800e-01
4.495000000000000000e+03,1.351675987243652344e-01
5.057000000000000000e+03,1.097953096032142639e-01
5.619000000000000000e+03,1.513840258121490479e-01
6.181000000000000000e+03,1.194140091538429260e-01
6.743000000000000000e+03,1.152156591415405273e-01
7.305000000000000000e+03,1.389736980199813843e-01
7.867000000000000000e+03,1.017442941665649414e-01
8.429000000000000000e+03,1.300349682569503784e-01
8.991000000000000000e+03,1.274955421686172485e-01
9.553000000000000000e+03,1.388000398874282837e-01
1.011500000000000000e+04,1.070470809936523438e-01
1.067700000000000000e+04,1.048377677798271179e-01
1.123900000000000000e+04,1.422647982835769653e-01
1.180100000000000000e+04,9.663739055395126343e-02
1.236300000000000000e+04,9.738568216562271118e-02
1.292500000000000000e+04,1.328482627868652344e-01
1.348700000000000000e+04,1.327512711286544800e-01
1.404900000000000000e+04,1.369017958641052246e-01
1.461100000000000000e+04,1.009928658604621887e-01
1.517300000000000000e+04,1.160384193062782288e-01
1.573500000000000000e+04,8.810282498598098755e-02
1.629700000000000000e+04,9.411700814962387085e-02
1.685900000000000000e+04,1.012856736779212952e-01
1.742100000000000000e+04,1.014511585235595703e-01
1.798300000000000000e+04,1.000902354717254639e-01
1.854500000000000000e+04,1.086707338690757751e-01
1.910700000000000000e+04,7.873190194368362427e-02
1.966900000000000000e+04,1.112051308155059814e-01
