1.000000000000000000e+00,8.389506936073303223e-01
5.610000000000000000e+02,7.776714116334915161e-02
1.123000000000000000e+03,4.161065816879272461e-02
1.685000000000000000e+03,4.207503795623779297e-02
2.247000000000000000e+03,2.625011466443538666e-02
2.809000000000000000e+03,5.016833916306495667e-02
3.371000000000000000e+03,2.829198539257049561e-02
3.933000000000000000e+03,4.990303888916969299e-02
4.495000000000000000e+03,1.893171481788158417e-02
5.057000000000000000e+03,2.896091900765895844e-03
5.619000000000000000e+03,2.695840783417224884e-02
6.181000000000000000e+03,6.612643599510192871e-03
6.743000000000000000e+03,2.455989085137844086e-02
7.305000000000000000e+03,2.352487854659557343e-02
7.867000000000000000e+03,1.903539989143610001e-03
8.429000000000000000e+03,1.530749071389436722e-02
8.991000000000000000e+03,3.420714288949966431e-02
9.553000000000000000e+03,3.843694552779197693e-02
1.011500000000000000e+04,9.143471834249794483e-04
1.067700000000000000e+04,9.315024130046367645e-03
1.123900000000000000e+04,3.667640686035156250e-02
1.180100000000000000e+04,3.958579909522086382e-04
1.236300000000000000e+04,1.586862653493881226e-02
1.292500000000000000e+04,8.931985124945640564e-03
1.348700000000000000e+04,3.313795104622840881e-02
1.404900000000000000e+04,2.815814316272735596e-02
1.461100000000000000e+04,1.471318397670984268e-02
1.517300000000000000e+04,3.362562134861946106e-02
1.573500000000000000e+04,2.251693746075034142e-03
1.629700000000000000e+04,5.395259242504835129e-03
1.685900000000000000e+04,5.530284717679023743e-03
1.742100000000000000e+04,2.940152771770954132e-03
1.798300000000000000e+04,1.497624348849058151e-02
1.854500000000000000e+04,5.951237399131059647e-03
1.910700000000000000e+04,1.465798169374465942e-02
1.966900000000000000e+04,1.295708026736974716e-02
