1.000000000000000000e+00,4.989069938659667969e+00
5.610000000000000000e+02,8.165270090103149414e-01
1.123000000000000000e+03,7.442547082901000977e-01
1.685000000000000000e+03,7.001988887786865234e-01
2.247000000000000000e+03,6.470273137092590332e-01
2.809000000000000000e+03,5.028827786445617676e-01
3.371000000000000000e+03,4.427523314952850342e-01
3.933000000000000000e+03,4.172288179397583008e-01
4.495000000000000000e+03,3.926499485969543457e-01
5.057000000000000000e+03,2.977905273437500000e-01
5.619000000000000000e+03,3.282904028892517090e-01
6.181000000000000000e+03,3.109471499919891357e-01
6.743000000000000000e+03,3.204278647899627686e-01
7.305000000000000000e+03,2.383403927087783813e-01
7.867000000000000000e+03,2.463075071573257446e-01
8.429000000000000000e+03,2.591289877891540527e-01
8.991000000000000000e+03,2.786412537097930908e-01
9.553000000000000000e+03,2.394194602966308594e-01
1.011500000000000000e+04,2.446632236242294312e-01
1.067700000000000000e+04,1.344669759273529053e-01
1.123900000000000000e+04,1.740493029356002808e-01
1.180100000000000000e+04,2.042885422706604004e-01
1.236300000000000000e+04,2.236006557941436768e-01
1.292500000000000000e+04,1.936836838722229004e-01
1.348700000000000000e+04,1.976551264524459839e-01
1.404900000000000000e+04,1.428180932998657227e-01
1.461100000000000000e+04,1.973381936550140381e-01
