1.000000000000000000e+00,1.518114686012268066e+00
5.610000000000000000e+02,7.550245523452758789e-01
1.123000000000000000e+03,6.287770867347717285e-01
1.685000000000000000e+03,4.706979691982269287e-01
2.247000000000000000e+03,4.727946221828460693e-01
2.809000000000000000e+03,3.923918604850769043e-01
3.371000000000000000e+03,3.639428019523620605e-01
3.933000000000000000e+03,3.777927756309509277e-01
4.495000000000000000e+03,3.513168990612030029e-01
5.057000000000000000e+03,2.982402145862579346e-01
5.619000000000000000e+03,3.287589848041534424e-01
6.181000000000000000e+03,2.808400094509124756e-01
6.743000000000000000e+03,2.905590534210205078e-01
7.305000000000000000e+03,2.231407761573791504e-01
7.867000000000000000e+03,2.438441365957260132e-01
8.429000000000000000e+03,2.496870756149291992e-01
8.991000000000000000e+03,2.561112046241760254e-01
9.553000000000000000e+03,2.305706143379211426e-01
1.011500000000000000e+04,2.300591766834259033e-01
1.067700000000000000e+04,1.977953910827636719e-01
1.123900000000000000e+04,1.840494275093078613e-01
1.180100000000000000e+04,2.356544733047485352e-01
1.236300000000000000e+04,1.657419651746749878e-01
1.292500000000000000e+04,1.583875417709350586e-01
1.348700000000000000e+04,1.724522262811660767e-01
1.404900000000000000e+04,1.551067382097244263e-01
1.461100000000000000e+04,1.754602044820785522e-01
