1.000000000000000000e+00,1.463297128677368164e+00
5.610000000000000000e+02,7.333068251609802246e-01
1.123000000000000000e+03,6.214700341224670410e-01
1.685000000000000000e+03,4.907420277595520020e-01
2.247000000000000000e+03,4.452558159828186035e-01
2.809000000000000000e+03,3.799126148223876953e-01
3.371000000000000000e+03,3.544357419013977051e-01
3.933000000000000000e+03,3.521375656127929688e-01
4.495000000000000000e+03,2.916161715984344482e-01
5.057000000000000000e+03,2.625826001167297363e-01
5.619000000000000000e+03,3.478888869285583496e-01
6.181000000000000000e+03,2.370783686637878418e-01
6.743000000000000000e+03,2.984857261180877686e-01
7.305000000000000000e+03,2.225585132837295532e-01
7.867000000000000000e+03,1.902766972780227661e-01
8.429000000000000000e+03,2.129605710506439209e-01
8.991000000000000000e+03,2.251219153404235840e-01
9.553000000000000000e+03,1.719096004962921143e-01
1.011500000000000000e+04,1.765829622745513916e-01
1.067700000000000000e+04,1.518143415451049805e-01
1.123900000000000000e+04,1.661380678415298462e-01
1.180100000000000000e+04,1.900547742843627930e-01
1.236300000000000000e+04,1.373374164104461670e-01
1.292500000000000000e+04,1.234223395586013794e-01
1.348700000000000000e+04,9.972044080495834351e-02
1.404900000000000000e+04,1.184213459491729736e-01
1.461100000000000000e+04,1.267343759536743164e-01
