1.000000000000000000e+00,1.829707622528076172e+00
1.124000000000000000e+03,4.658682346343994141e-01
2.249000000000000000e+03,2.589773833751678467e-01
3.374000000000000000e+03,2.777900695800781250e-01
4.499000000000000000e+03,2.007252126932144165e-01
5.624000000000000000e+03,2.229890823364257812e-01
6.749000000000000000e+03,1.042082458734512329e-01
7.874000000000000000e+03,1.151046156883239746e-01
8.999000000000000000e+03,1.408069431781768799e-01
1.012400000000000000e+04,1.320431977510452271e-01
1.124900000000000000e+04,1.558501720428466797e-01
1.237400000000000000e+04,1.387259811162948608e-01
1.349900000000000000e+04,9.652358293533325195e-02
1.462400000000000000e+04,1.065653786063194275e-01
1.574900000000000000e+04,1.059876382350921631e-01
1.687400000000000000e+04,8.980273455381393433e-02
1.799900000000000000e+04,1.074907258152961731e-01
1.912400000000000000e+04,1.152994930744171143e-01
