-2.326603145931242951e-04,1.668773562696604287e-03,2.407215240354207333e-03,1.387882833287996985e-03,1.345484538081223548e-03,3.840158236679436232e-03,2.310945865108388585e-03,9.089634519477710550e-05,3.553625003992914866e-03,-3.041886277210715760e-05
9.999179330711223113e-01,2.137358248679762339e-03,4.143137215606165595e-03,2.019690703697235232e-03,2.111118167167451258e-03,3.692975589798309834e-03,1.792700769252823919e-03,2.079511759110762564e-03,3.781696101349330593e-03,1.170681276412934447e-03
9.999807365899154865e-01,9.999999972139872462e-01,3.719621515097405479e-03,1.707929954175295157e-03,2.482352989819644386e-03,3.507472158578677293e-03,2.169171840595712514e-03,1.091378846080841942e-03,2.728366689843267443e-03,8.762463113609676203e-04
-2.048439599034795281e-03,2.152729686556695591e-04,1.248111679933649196e-03,5.427418547251839536e-05,8.438827146896632535e-04,2.480766799835117543e-03,1.452720606775346123e-03,-4.953685654743562958e-04,3.111522608953558398e-03,-1.552644225194793745e-04
2.279174136414658400e-04,5.704613183909868325e-04,2.273575238723162667e-03,1.950393492079277634e-03,9.739092503917445723e-04,2.712375671152335906e-03,2.060913839624926218e-04,1.423411495066498073e-03,3.041727948847035810e-03,6.455793368435045528e-05
3.283931698391340877e-04,8.748016449453630136e-05,1.701289948853498954e-03,9.745472500260939910e-04,9.986793850516694215e-01,2.109342932525696147e-03,2.047870087431419013e-04,1.670968608630784332e-03,1.858563786600151693e-03,3.893263320277991950e-04
-2.080207862296059738e-04,-3.174188402665542824e-04,2.303384038857780175e-03,2.234138363546344600e-03,1.265667507811750383e-03,3.057001903739542132e-03,1.050295058201428620e-03,7.591683834071064714e-04,3.758441477742483980e-03,-8.029995571695343738e-05
-8.415608486952037273e-04,1.538282932737018672e-03,2.642823557012833301e-04,-2.015806940069566656e-03,1.102417906435985555e-04,9.882087832751729889e-04,9.902876464624359443e-01,1.748994783995245052e-03,1.937067286314823628e-03,3.823084512791304242e-04
8.814425951815121158e-04,6.836294221421804207e-04,1.313596817845222309e-03,1.440924907539738566e-03,1.313666847400886016e-03,9.572227805173470208e-04,-1.678249514988341073e-04,9.998240567518612565e-01,-5.199512391394495040e-04,1.317799229048964127e-04
-6.039638771814440354e-05,1.595157095856668565e-03,7.357409794433112044e-04,6.941097918843957756e-04,1.172281372981848159e-03,1.718801570907235168e-03,-9.032693784190273974e-04,1.530794364075772820e-03,1.701717265197116163e-03,3.746765576703884942e-04
