1.234103775024414062e+01
8.341953754425048828e-01
7.756864428520202637e-01
6.346701979637145996e-01
4.063544571399688721e-01
2.521823644638061523e-01
1.862803697586059570e-01
1.468083709478378296e-01
1.340505331754684448e-01
1.230434402823448181e-01
1.223115399479866028e-01
1.144170761108398438e-01
9.627640247344970703e-02
9.943572431802749634e-02
9.647830575704574585e-02
9.033865481615066528e-02
9.058380126953125000e-02
8.376803249120712280e-02
9.140088409185409546e-02
8.454138785600662231e-02
8.334209769964218140e-02
8.927380293607711792e-02
8.390230685472488403e-02
8.650582283735275269e-02
8.169165253639221191e-02
9.275773912668228149e-02
8.999078720808029175e-02
8.996164798736572266e-02
8.992820978164672852e-02
9.212866425514221191e-02
8.790737390518188477e-02
9.344895929098129272e-02
9.309881925582885742e-02
9.722622483968734741e-02
9.019559621810913086e-02
8.767112344503402710e-02
