1.309658145904541016e+01
8.322980999946594238e-01
7.639692425727844238e-01
6.204723715782165527e-01
3.836568295955657959e-01
2.294542044401168823e-01
1.966097354888916016e-01
1.751872748136520386e-01
1.044956520199775696e-01
1.027661934494972229e-01
1.555368900299072266e-01
1.073807403445243835e-01
1.159822121262550354e-01
8.489630371332168579e-02
7.945949584245681763e-02
8.159495145082473755e-02
9.572899341583251953e-02
1.081604957580566406e-01
5.897034704685211182e-02
7.428720593452453613e-02
7.281772047281265259e-02
9.433653205633163452e-02
7.932116836309432983e-02
6.791000068187713623e-02
9.302847832441329956e-02
7.845815271139144897e-02
6.493964046239852905e-02
7.681187987327575684e-02
8.205741643905639648e-02
1.010990664362907410e-01
7.183054089546203613e-02
7.664769142866134644e-02
7.125131040811538696e-02
6.078791990876197815e-02
6.839970499277114868e-02
8.976486325263977051e-02
