1.013052105903625488e+00
6.539227366447448730e-01
6.179153919219970703e-01
5.907471179962158203e-01
5.710945725440979004e-01
5.571646690368652344e-01
5.498672723770141602e-01
5.464575290679931641e-01
5.425617694854736328e-01
5.260402560234069824e-01
5.196705460548400879e-01
5.171905159950256348e-01
5.147183537483215332e-01
5.122436285018920898e-01
5.101001262664794922e-01
5.081072449684143066e-01
5.060734748840332031e-01
5.055415630340576172e-01
5.052039027214050293e-01
5.047822594642639160e-01
5.047662854194641113e-01
5.044642686843872070e-01
5.039861202239990234e-01
5.036825537681579590e-01
5.041034817695617676e-01
5.041946768760681152e-01
5.040134787559509277e-01
5.036818385124206543e-01
5.036628246307373047e-01
5.048726797103881836e-01
5.053458213806152344e-01
5.060297846794128418e-01
5.061004757881164551e-01
5.061684250831604004e-01
5.064111351966857910e-01
5.067911744117736816e-01
