1.002404093742370605e+00
6.624920964241027832e-01
6.465834975242614746e-01
5.924618244171142578e-01
5.821320414543151855e-01
5.437461137771606445e-01
5.307841897010803223e-01
5.293823480606079102e-01
5.267602801322937012e-01
5.079926848411560059e-01
5.096312165260314941e-01
5.004100203514099121e-01
5.108163356781005859e-01
4.979092776775360107e-01
5.027121901512145996e-01
5.066900253295898438e-01
5.041047334671020508e-01
5.053421854972839355e-01
5.008974671363830566e-01
5.059530138969421387e-01
4.995066225528717041e-01
4.938690960407257080e-01
4.983974397182464600e-01
4.978899657726287842e-01
4.979777634143829346e-01
4.914932250976562500e-01
5.096758008003234863e-01
4.987584352493286133e-01
5.016077160835266113e-01
4.954251945018768311e-01
5.018320083618164062e-01
5.069103240966796875e-01
5.035926103591918945e-01
4.999589025974273682e-01
4.980677664279937744e-01
5.009304285049438477e-01
