1.000000000000000000e+00,9.628837704658508301e-01
5.610000000000000000e+02,1.162961721420288086e-01
1.123000000000000000e+03,5.787175893783569336e-02
1.685000000000000000e+03,5.529483780264854431e-02
2.247000000000000000e+03,5.088329315185546875e-02
2.809000000000000000e+03,7.396256178617477417e-02
3.371000000000000000e+03,3.823269531130790710e-02
3.933000000000000000e+03,6.809111684560775757e-02
4.495000000000000000e+03,1.264725532382726669e-02
5.057000000000000000e+03,1.093843113631010056e-02
5.619000000000000000e+03,4.322402551770210266e-02
6.181000000000000000e+03,2.277199923992156982e-02
6.743000000000000000e+03,4.231709614396095276e-02
7.305000000000000000e+03,1.962100155651569366e-02
7.867000000000000000e+03,2.001016773283481598e-02
8.429000000000000000e+03,1.392899453639984131e-02
8.991000000000000000e+03,4.172280896455049515e-03
9.553000000000000000e+03,5.191384628415107727e-02
1.011500000000000000e+04,4.089685389772057533e-04
1.067700000000000000e+04,2.429998479783535004e-02
1.123900000000000000e+04,2.667856961488723755e-02
1.180100000000000000e+04,1.372746005654335022e-02
1.236300000000000000e+04,9.935878915712237358e-04
1.292500000000000000e+04,1.796139217913150787e-02
1.348700000000000000e+04,4.138338938355445862e-02
1.404900000000000000e+04,3.103077225387096405e-02
1.461100000000000000e+04,2.685156883671879768e-03
1.517300000000000000e+04,2.057522907853126526e-02
1.573500000000000000e+04,1.462722290307283401e-02
1.629700000000000000e+04,1.875777170062065125e-02
1.685900000000000000e+04,5.015254486352205276e-03
1.742100000000000000e+04,1.639045588672161102e-02
1.798300000000000000e+04,3.905177488923072815e-02
1.854500000000000000e+04,4.124774131923913956e-03
1.910700000000000000e+04,7.991883321665227413e-04
1.966900000000000000e+04,9.608044289052486420e-03
