1.000000000000000000e+00,8.204639434814453125e+00
5.610000000000000000e+02,8.551937341690063477e-01
1.123000000000000000e+03,7.589768171310424805e-01
1.685000000000000000e+03,7.359281182289123535e-01
2.247000000000000000e+03,7.033897638320922852e-01
2.809000000000000000e+03,5.911434888839721680e-01
3.371000000000000000e+03,5.090319514274597168e-01
3.933000000000000000e+03,4.900071918964385986e-01
4.495000000000000000e+03,4.172113239765167236e-01
5.057000000000000000e+03,3.725976049900054932e-01
5.619000000000000000e+03,3.334146738052368164e-01
6.181000000000000000e+03,3.246380984783172607e-01
6.743000000000000000e+03,3.074290752410888672e-01
7.305000000000000000e+03,2.965444028377532959e-01
7.867000000000000000e+03,3.320717811584472656e-01
8.429000000000000000e+03,2.723450958728790283e-01
8.991000000000000000e+03,2.945612072944641113e-01
9.553000000000000000e+03,2.369688898324966431e-01
1.011500000000000000e+04,1.846795380115509033e-01
1.067700000000000000e+04,1.353298425674438477e-01
1.123900000000000000e+04,1.822267770767211914e-01
1.180100000000000000e+04,1.891027092933654785e-01
1.236300000000000000e+04,1.439002603292465210e-01
1.292500000000000000e+04,1.348855346441268921e-01
1.348700000000000000e+04,1.301118433475494385e-01
1.404900000000000000e+04,9.918865561485290527e-02
1.461100000000000000e+04,1.389552652835845947e-01
