9.588260054588317871e-01
1.826896816492080688e-01
9.569337218999862671e-02
8.238109201192855835e-02
7.634956389665603638e-02
7.207313925027847290e-02
7.084766775369644165e-02
6.866743415594100952e-02
6.725543737411499023e-02
6.459583342075347900e-02
6.286086887121200562e-02
6.085328757762908936e-02
5.875408276915550232e-02
5.796799436211585999e-02
5.781140550971031189e-02
5.843178555369377136e-02
6.046371161937713623e-02
6.154783070087432861e-02
6.370649486780166626e-02
6.449377536773681641e-02
6.472330540418624878e-02
6.587057560682296753e-02
6.493145972490310669e-02
6.485162675380706787e-02
6.506792455911636353e-02
6.469792872667312622e-02
6.321027129888534546e-02
