1.127607226371765137e+00
6.853320002555847168e-01
6.274638772010803223e-01
6.040467619895935059e-01
5.791573524475097656e-01
5.659024715423583984e-01
5.577848553657531738e-01
5.526711940765380859e-01
5.479492545127868652e-01
5.449250340461730957e-01
5.428208708763122559e-01
5.423371195793151855e-01
5.415835976600646973e-01
5.410004854202270508e-01
5.399189591407775879e-01
5.392639636993408203e-01
5.392990708351135254e-01
5.385537743568420410e-01
5.377016067504882812e-01
5.369409322738647461e-01
5.369551777839660645e-01
5.356640219688415527e-01
5.348464846611022949e-01
5.338560938835144043e-01
5.319903492927551270e-01
5.281110405921936035e-01
5.256441235542297363e-01
5.257530808448791504e-01
5.263983011245727539e-01
5.259637236595153809e-01
5.250390172004699707e-01
5.238885879516601562e-01
5.221786499023437500e-01
5.204930305480957031e-01
5.192568898200988770e-01
5.181992650032043457e-01
