1.094487905502319336e+00
6.843861937522888184e-01
6.536707282066345215e-01
6.028137803077697754e-01
5.659170746803283691e-01
5.688177943229675293e-01
5.688616633415222168e-01
5.843971371650695801e-01
5.688986182212829590e-01
5.601937770843505859e-01
5.731726288795471191e-01
5.317313075065612793e-01
5.732215046882629395e-01
5.790591835975646973e-01
5.389259457588195801e-01
5.520091652870178223e-01
5.573977828025817871e-01
5.746157765388488770e-01
5.599259138107299805e-01
5.434894561767578125e-01
5.736758112907409668e-01
5.355190634727478027e-01
5.513531565666198730e-01
5.301988720893859863e-01
5.547153353691101074e-01
5.330542325973510742e-01
5.530487895011901855e-01
5.503643155097961426e-01
5.366551280021667480e-01
5.002248883247375488e-01
5.544739961624145508e-01
5.685774683952331543e-01
5.477166771888732910e-01
5.364675521850585938e-01
5.578910708427429199e-01
5.298489928245544434e-01
