1.000000000000000000e+00,3.555810451507568359e+00
5.610000000000000000e+02,7.800220251083374023e-01
1.123000000000000000e+03,6.721778512001037598e-01
1.685000000000000000e+03,6.149903535842895508e-01
2.247000000000000000e+03,5.157527923583984375e-01
2.809000000000000000e+03,4.643650054931640625e-01
3.371000000000000000e+03,4.334867596626281738e-01
3.933000000000000000e+03,4.181621968746185303e-01
4.495000000000000000e+03,3.914106488227844238e-01
5.057000000000000000e+03,3.428581953048706055e-01
5.619000000000000000e+03,3.362068831920623779e-01
6.181000000000000000e+03,3.144033551216125488e-01
6.743000000000000000e+03,2.778741717338562012e-01
7.305000000000000000e+03,2.425406724214553833e-01
7.867000000000000000e+03,2.708244919776916504e-01
8.429000000000000000e+03,2.493101358413696289e-01
8.991000000000000000e+03,2.398774772882461548e-01
9.553000000000000000e+03,1.965936720371246338e-01
1.011500000000000000e+04,2.440798580646514893e-01
1.067700000000000000e+04,1.754753738641738892e-01
1.123900000000000000e+04,1.804151237010955811e-01
1.180100000000000000e+04,2.148057222366333008e-01
1.236300000000000000e+04,1.982082575559616089e-01
1.292500000000000000e+04,1.705087572336196899e-01
1.348700000000000000e+04,1.438120752573013306e-01
1.404900000000000000e+04,1.495580375194549561e-01
1.461100000000000000e+04,1.806246936321258545e-01
