1.000000000000000000e+00,6.805319786071777344e+00
5.610000000000000000e+02,8.376764059066772461e-01
1.123000000000000000e+03,7.811008095741271973e-01
1.685000000000000000e+03,7.216830253601074219e-01
2.247000000000000000e+03,6.489955186843872070e-01
2.809000000000000000e+03,5.610571503639221191e-01
3.371000000000000000e+03,5.254873037338256836e-01
3.933000000000000000e+03,4.687651395797729492e-01
4.495000000000000000e+03,3.614656329154968262e-01
5.057000000000000000e+03,3.152494430541992188e-01
5.619000000000000000e+03,3.173309862613677979e-01
6.181000000000000000e+03,2.260108739137649536e-01
6.743000000000000000e+03,2.515310347080230713e-01
7.305000000000000000e+03,2.555108368396759033e-01
7.867000000000000000e+03,2.022405266761779785e-01
8.429000000000000000e+03,2.251695841550827026e-01
8.991000000000000000e+03,2.102601975202560425e-01
9.553000000000000000e+03,1.839372813701629639e-01
1.011500000000000000e+04,1.546001434326171875e-01
1.067700000000000000e+04,1.208116561174392700e-01
1.123900000000000000e+04,1.574560552835464478e-01
1.180100000000000000e+04,1.898654550313949585e-01
1.236300000000000000e+04,1.584968864917755127e-01
1.292500000000000000e+04,1.636325120925903320e-01
1.348700000000000000e+04,1.360871344804763794e-01
1.404900000000000000e+04,1.327092051506042480e-01
1.461100000000000000e+04,1.428593546152114868e-01
