9.581992626190185547e-01
6.638959050178527832e-01
5.999714732170104980e-01
5.839735865592956543e-01
5.748159289360046387e-01
5.655494332313537598e-01
5.558876395225524902e-01
5.508980154991149902e-01
5.482311844825744629e-01
5.456731915473937988e-01
5.431948900222778320e-01
5.406913757324218750e-01
5.381351113319396973e-01
5.354182124137878418e-01
5.343919396400451660e-01
5.334269404411315918e-01
5.332316160202026367e-01
5.334699749946594238e-01
5.338896512985229492e-01
5.343001484870910645e-01
5.347189307212829590e-01
5.352966189384460449e-01
5.360546112060546875e-01
5.367722511291503906e-01
5.373376011848449707e-01
5.378165245056152344e-01
5.382385253906250000e-01
5.386605262756347656e-01
5.387910008430480957e-01
5.387393236160278320e-01
5.386205315589904785e-01
5.386587977409362793e-01
5.388402938842773438e-01
5.391113162040710449e-01
5.393490791320800781e-01
5.396229624748229980e-01
