9.491407275199890137e-01
6.565896272659301758e-01
6.145479083061218262e-01
6.063851714134216309e-01
5.639371275901794434e-01
5.585675835609436035e-01
5.398018956184387207e-01
5.615749955177307129e-01
5.531740784645080566e-01
5.191338062286376953e-01
5.526741147041320801e-01
5.382401347160339355e-01
5.698662400245666504e-01
5.674422383308410645e-01
5.527233481407165527e-01
5.459165573120117188e-01
5.403448939323425293e-01
5.241418480873107910e-01
5.430019497871398926e-01
5.442936420440673828e-01
5.466379523277282715e-01
5.510102510452270508e-01
5.507309436798095703e-01
5.263029932975769043e-01
5.290208458900451660e-01
5.330376029014587402e-01
5.294205546379089355e-01
5.284469723701477051e-01
5.408037304878234863e-01
5.125638246536254883e-01
5.230223536491394043e-01
5.533270239830017090e-01
5.219518542289733887e-01
5.528458356857299805e-01
5.489675998687744141e-01
5.352739095687866211e-01
