1.000000000000000000e+00,3.302159786224365234e+00
1.124000000000000000e+03,5.932435989379882812e-01
2.249000000000000000e+03,3.821447491645812988e-01
3.374000000000000000e+03,3.367095291614532471e-01
4.499000000000000000e+03,2.177935689687728882e-01
5.624000000000000000e+03,2.019530683755874634e-01
6.749000000000000000e+03,1.780907213687896729e-01
7.874000000000000000e+03,1.136639863252639771e-01
8.999000000000000000e+03,1.680269837379455566e-01
1.012400000000000000e+04,1.818030476570129395e-01
1.124900000000000000e+04,1.859593540430068970e-01
1.237400000000000000e+04,2.132975608110427856e-01
1.349900000000000000e+04,1.115128919482231140e-01
1.462400000000000000e+04,1.422742605209350586e-01
1.574900000000000000e+04,1.842264980077743530e-01
1.687400000000000000e+04,9.490042179822921753e-02
1.799900000000000000e+04,1.568811386823654175e-01
1.912400000000000000e+04,8.517307043075561523e-02
