9.545479416847229004e-01
2.196126580238342285e-01
1.261990517377853394e-01
1.161427795886993408e-01
1.030067428946495056e-01
8.208461105823516846e-02
3.422537073493003845e-02
8.253002911806106567e-02
6.092846393585205078e-02
7.826075702905654907e-02
2.998867817223072052e-02
4.553981125354766846e-02
5.749526619911193848e-02
4.185491800308227539e-02
3.878796473145484924e-02
2.395908534526824951e-02
3.807963803410530090e-02
7.803977280855178833e-02
2.758112363517284393e-02
3.936265781521797180e-02
6.738782674074172974e-02
5.171054601669311523e-02
3.613651543855667114e-02
3.836193308234214783e-02
3.828637674450874329e-02
6.195404753088951111e-02
3.710590675473213196e-02
