1.000000000000000000e+00,2.732131719589233398e+00
5.610000000000000000e+02,7.873730659484863281e-01
1.123000000000000000e+03,7.282220721244812012e-01
1.685000000000000000e+03,6.168825626373291016e-01
2.247000000000000000e+03,6.120982170104980469e-01
2.809000000000000000e+03,5.057997107505798340e-01
3.371000000000000000e+03,4.312683939933776855e-01
3.933000000000000000e+03,4.177018404006958008e-01
4.495000000000000000e+03,3.746875524520874023e-01
5.057000000000000000e+03,3.303839266300201416e-01
5.619000000000000000e+03,3.373655378818511963e-01
6.181000000000000000e+03,3.005918860435485840e-01
6.743000000000000000e+03,3.553756773471832275e-01
7.305000000000000000e+03,3.051186800003051758e-01
7.867000000000000000e+03,3.099507391452789307e-01
8.429000000000000000e+03,3.094005286693572998e-01
8.991000000000000000e+03,3.236399292945861816e-01
9.553000000000000000e+03,2.940051853656768799e-01
1.011500000000000000e+04,2.685970366001129150e-01
1.067700000000000000e+04,2.076458781957626343e-01
1.123900000000000000e+04,2.403971105813980103e-01
1.180100000000000000e+04,2.788093984127044678e-01
1.236300000000000000e+04,2.539073526859283447e-01
1.292500000000000000e+04,2.470590919256210327e-01
1.348700000000000000e+04,2.412606477737426758e-01
1.404900000000000000e+04,2.324716150760650635e-01
1.461100000000000000e+04,2.349294424057006836e-01
