8.660055994987487793e-01
1.521608680486679077e-01
9.272406250238418579e-02
8.078411966562271118e-02
7.531061768531799316e-02
7.092647999525070190e-02
6.540694087743759155e-02
5.629861354827880859e-02
4.862184822559356689e-02
4.138145968317985535e-02
3.710416704416275024e-02
3.670148178935050964e-02
3.507547825574874878e-02
3.419403731822967529e-02
3.248289227485656738e-02
3.281552717089653015e-02
3.114157728850841522e-02
2.936772070825099945e-02
2.920874953269958496e-02
2.953382022678852081e-02
3.107071481645107269e-02
3.106767497956752777e-02
3.253781795501708984e-02
3.014561533927917480e-02
2.976678311824798584e-02
2.806940115988254547e-02
2.673478424549102783e-02
