9.961555600166320801e-01
6.115872263908386230e-01
5.819607377052307129e-01
5.740986466407775879e-01
5.680796504020690918e-01
5.634612441062927246e-01
5.594435334205627441e-01
5.521206855773925781e-01
5.466197133064270020e-01
5.376998186111450195e-01
5.310183167457580566e-01
5.274571776390075684e-01
5.254471898078918457e-01
5.242398381233215332e-01
5.235880017280578613e-01
5.235476493835449219e-01
5.235922932624816895e-01
5.235368609428405762e-01
5.239875316619873047e-01
5.243442654609680176e-01
5.253968238830566406e-01
5.259576439857482910e-01
5.258411765098571777e-01
5.256092548370361328e-01
5.251213908195495605e-01
5.246873497962951660e-01
5.240687131881713867e-01
5.233804583549499512e-01
5.231440663337707520e-01
5.230196118354797363e-01
5.229778885841369629e-01
5.226441025733947754e-01
5.224369764328002930e-01
5.222201943397521973e-01
5.218868851661682129e-01
5.216390490531921387e-01
