9.953972697257995605e-01
6.261914372444152832e-01
5.944945812225341797e-01
5.707238316535949707e-01
5.953302979469299316e-01
5.781928896903991699e-01
5.610014796257019043e-01
5.505277514457702637e-01
5.590502023696899414e-01
5.398284792900085449e-01
5.351020693778991699e-01
5.237783789634704590e-01
5.353020429611206055e-01
5.236213207244873047e-01
5.340803265571594238e-01
5.283012390136718750e-01
5.210790634155273438e-01
5.357092022895812988e-01
5.244591832160949707e-01
5.433659553527832031e-01
5.291299819946289062e-01
5.332145094871520996e-01
5.303056240081787109e-01
5.113312602043151855e-01
5.261572599411010742e-01
5.225074887275695801e-01
5.283117890357971191e-01
5.189746022224426270e-01
5.340121388435363770e-01
5.145509839057922363e-01
5.249359011650085449e-01
5.237686038017272949e-01
5.222917199134826660e-01
5.213019251823425293e-01
5.294806957244873047e-01
5.198398828506469727e-01
