1.000000000000000000e+00,9.955458641052246094e-01
5.610000000000000000e+02,2.400876134634017944e-01
1.123000000000000000e+03,2.552037537097930908e-01
1.685000000000000000e+03,2.191529273986816406e-01
2.247000000000000000e+03,1.924395561218261719e-01
2.809000000000000000e+03,1.824009865522384644e-01
3.371000000000000000e+03,2.035769820213317871e-01
3.933000000000000000e+03,2.062796205282211304e-01
4.495000000000000000e+03,1.765035539865493774e-01
5.057000000000000000e+03,1.186176463961601257e-01
5.619000000000000000e+03,1.917626261711120605e-01
6.181000000000000000e+03,9.918842464685440063e-02
6.743000000000000000e+03,1.327968239784240723e-01
7.305000000000000000e+03,1.321393251419067383e-01
7.867000000000000000e+03,8.519730716943740845e-02
8.429000000000000000e+03,1.058726906776428223e-01
8.991000000000000000e+03,1.235166788101196289e-01
9.553000000000000000e+03,1.484079807996749878e-01
1.011500000000000000e+04,4.872392117977142334e-02
1.067700000000000000e+04,1.264307498931884766e-01
1.123900000000000000e+04,1.394769549369812012e-01
1.180100000000000000e+04,7.193757593631744385e-02
1.236300000000000000e+04,4.804006591439247131e-02
1.292500000000000000e+04,1.176618635654449463e-01
1.348700000000000000e+04,1.108812093734741211e-01
1.404900000000000000e+04,1.549916416406631470e-01
1.461100000000000000e+04,7.101131975650787354e-02
1.517300000000000000e+04,1.041725277900695801e-01
1.573500000000000000e+04,8.541347831487655640e-02
1.629700000000000000e+04,6.334674358367919922e-02
1.685900000000000000e+04,8.175037056207656860e-02
1.742100000000000000e+04,9.563701599836349487e-02
1.798300000000000000e+04,7.267654687166213989e-02
1.854500000000000000e+04,7.017445564270019531e-02
1.910700000000000000e+04,3.786460310220718384e-02
1.966900000000000000e+04,9.140744805335998535e-02
