9.943998456001281738e-01
2.354081869125366211e-01
1.245941221714019775e-01
1.330691128969192505e-01
1.256104111671447754e-01
7.986143976449966431e-02
3.961585834622383118e-02
1.040443852543830872e-01
6.127320602536201477e-02
8.043737709522247314e-02
2.960028685629367828e-02
4.222173616290092468e-02
6.940680742263793945e-02
5.991358682513237000e-02
4.116266593337059021e-02
4.907774925231933594e-02
3.641776368021965027e-02
6.847875565290451050e-02
2.508276887238025665e-02
6.069188192486763000e-02
3.164735063910484314e-02
6.368489563465118408e-02
4.311918839812278748e-02
4.537084698677062988e-02
4.769955575466156006e-02
4.499254003167152405e-02
4.497772827744483948e-02
