1.000000000000000000e+00,9.230752587318420410e-01
5.610000000000000000e+02,1.426471918821334839e-01
1.123000000000000000e+03,6.206042692065238953e-02
1.685000000000000000e+03,6.259538978338241577e-02
2.247000000000000000e+03,6.760855019092559814e-02
2.809000000000000000e+03,9.930220246315002441e-02
3.371000000000000000e+03,8.420211076736450195e-02
3.933000000000000000e+03,7.213445752859115601e-02
4.495000000000000000e+03,5.646112933754920959e-02
5.057000000000000000e+03,1.101944223046302795e-02
5.619000000000000000e+03,7.761008292436599731e-02
6.181000000000000000e+03,4.521662369370460510e-02
6.743000000000000000e+03,5.949628353118896484e-02
7.305000000000000000e+03,6.018889322876930237e-02
7.867000000000000000e+03,3.313938528299331665e-02
8.429000000000000000e+03,3.411306440830230713e-02
8.991000000000000000e+03,5.459582805633544922e-02
9.553000000000000000e+03,9.112314134836196899e-02
1.011500000000000000e+04,3.421904752030968666e-03
1.067700000000000000e+04,3.947671130299568176e-02
1.123900000000000000e+04,5.661734938621520996e-02
1.180100000000000000e+04,1.807854883372783661e-02
1.236300000000000000e+04,1.287654694169759750e-02
1.292500000000000000e+04,3.914710506796836853e-02
1.348700000000000000e+04,4.133879765868186951e-02
1.404900000000000000e+04,7.523740082979202271e-02
1.461100000000000000e+04,3.147339448332786560e-02
1.517300000000000000e+04,4.395771399140357971e-02
1.573500000000000000e+04,3.175017423927783966e-03
1.629700000000000000e+04,2.103456854820251465e-02
1.685900000000000000e+04,1.815980859100818634e-02
1.742100000000000000e+04,7.045019418001174927e-03
1.798300000000000000e+04,4.301046207547187805e-02
1.854500000000000000e+04,1.422197464853525162e-02
1.910700000000000000e+04,1.224296167492866516e-02
1.966900000000000000e+04,9.008799679577350616e-03
