4.988498037442795456e-03,3.888827284608979973e-01,5.341819615550837987e-03,4.151270613416701422e-03,4.001501763253765068e-03,4.001501763253765068e-03,3.570535601290175318e-03,1.730380369978252791e-03,4.151270613416701422e-03,2.976298943400216938e-03,2.439892652466840034e-03,3.463413367708914788e-03,4.001501763253765068e-03,-1.731729965797336142e-04,4.001501763253765068e-03,4.151270613416701422e-03
6.556097480768977893e-03,-3.843698919314037540e-04,8.174171042746048929e-03,4.579427365663922165e-04,5.840931816224742687e-04,5.840931816224742687e-04,8.703278021115202199e-05,3.480631051303788564e-03,4.579427365663922165e-04,1.238003898381862932e-03,-1.348221800600319037e-03,-2.302512902847203623e-04,5.840931816224742687e-04,-1.338024559651225423e-04,5.840931816224742687e-04,4.579427365663922165e-04
6.938642228566683015e-03,-2.367472430012683470e-04,5.849837353850607762e-03,5.885560630539157746e-04,5.664534840558952669e-04,5.664534840558952669e-04,-1.269210622127057552e-03,2.837742552335698748e-03,5.885560630539157746e-04,1.802567435840410782e-03,-1.807954606145089054e-03,-1.800570241555063584e-04,5.664534840558952669e-04,6.346325651127866080e-05,5.664534840558952669e-04,5.885560630539157746e-04
-1.607992039308020038e-04,3.782598408511894748e-03,6.006422396808726479e-03,1.000000000000000000e+00,1.000000000000000000e+00,1.000000000000000000e+00,1.000000000000000000e+00,4.201519955357659215e-03,1.000000000000000000e+00,5.658444488949110687e-03,1.000000000000000000e+00,1.000000000000000000e+00,1.000000000000000000e+00,-5.492766904564609035e-04,1.000000000000000000e+00,1.000000000000000000e+00
3.308547455937250418e-03,-4.780440455061378720e-03,5.256219404764228553e-03,1.000000000000000000e+00,1.000000000000000000e+00,1.000000000000000000e+00,1.000000000000000000e+00,3.128638815353560702e-03,1.000000000000000000e+00,5.306504369213925140e-03,8.477839905655033537e-01,1.100942407750526292e-02,1.000000000000000000e+00,-2.559192426022558874e-03,1.000000000000000000e+00,1.000000000000000000e+00
3.308547455937250418e-03,-4.780440455061378720e-03,5.256219404764228553e-03,1.000000000000000000e+00,1.000000000000000000e+00,1.000000000000000000e+00,1.000000000000000000e+00,3.128638815353560702e-03,1.000000000000000000e+00,5.306504369213925140e-03,8.477839905655033537e-01,1.100942407750526292e-02,1.000000000000000000e+00,-2.559192426022558874e-03,1.000000000000000000e+00,1.000000000000000000e+00
3.221698166563101689e-03,-1.093029979278678510e-02,1.453344900365730226e-02,9.999999999996337374e-01,1.000000000000000000e+00,1.000000000000000000e+00,1.000000000000000000e+00,2.377329549694586798e-03,9.999999999996337374e-01,3.223776357646859422e-03,5.845592147292934943e-03,9.680155404102389755e-03,1.000000000000000000e+00,-1.165843936878089779e-02,1.000000000000000000e+00,9.999999999996337374e-01
7.167866872806726367e-03,-8.209334789668756372e-04,8.449494452555311036e-03,8.326238039733925263e-04,9.851190721785895062e-04,9.851190721785895062e-04,1.394763605646624413e-04,2.964197599309170879e-03,8.326238039733925263e-04,1.478575025417989963e-03,-6.567457656573143796e-04,3.659023382484210472e-05,9.851190721785895062e-04,4.185027444532677071e-04,9.851190721785895062e-04,8.326238039733925263e-04
-1.607992039308020038e-04,3.782598408511894748e-03,6.006422396808726479e-03,1.000000000000000000e+00,1.000000000000000000e+00,1.000000000000000000e+00,1.000000000000000000e+00,4.201519955357659215e-03,1.000000000000000000e+00,5.658444488949110687e-03,1.000000000000000000e+00,1.000000000000000000e+00,1.000000000000000000e+00,-5.492766904564609035e-04,1.000000000000000000e+00,1.000000000000000000e+00
6.885177463633674992e-03,8.956805776810728347e-04,9.575814935314362619e-03,2.431941077716782626e-03,2.562173030797301829e-03,2.562173030797301829e-03,2.371633506847518544e-03,4.102184207043988763e-03,2.431941077716782626e-03,1.493556055172316852e-03,7.349447440639624235e-04,1.775009419585393692e-03,2.562173030797301829e-03,1.281450194991598556e-03,2.562173030797301829e-03,2.431941077716782626e-03
2.801622031833648704e-03,-2.973096518813326226e-03,4.179858816816804136e-03,9.999999983954589444e-01,1.000000000000000000e+00,1.000000000000000000e+00,1.000000000000000000e+00,2.032795592702657354e-03,9.999999983954589444e-01,2.812364082073776517e-03,9.999998800819219769e-01,9.999999953224795179e-01,1.000000000000000000e+00,-5.562017274065897410e-03,1.000000000000000000e+00,9.999999983954589444e-01
-1.440729867749630149e-03,3.934983009490086205e-03,5.409585150484231587e-03,1.000000000000000000e+00,1.000000000000000000e+00,1.000000000000000000e+00,1.000000000000000000e+00,3.540670297929404339e-03,1.000000000000000000e+00,4.580366822984860593e-03,1.000000000000000000e+00,1.000000000000000000e+00,1.000000000000000000e+00,1.434235282456031288e-03,1.000000000000000000e+00,1.000000000000000000e+00
3.308547455937250418e-03,-4.780440455061378720e-03,5.256219404764228553e-03,1.000000000000000000e+00,1.000000000000000000e+00,1.000000000000000000e+00,1.000000000000000000e+00,3.128638815353560702e-03,1.000000000000000000e+00,5.306504369213925140e-03,8.477839905655033537e-01,1.100942407750526292e-02,1.000000000000000000e+00,-2.559192426022558874e-03,1.000000000000000000e+00,1.000000000000000000e+00
7.125061676863003388e-03,-1.700823155012589315e-03,6.635864048731158864e-03,8.420421996648171092e-04,7.118087882322906082e-04,7.118087882322906082e-04,-5.592806869537026880e-04,3.460602690238528348e-03,8.420421996648171092e-04,1.168679917083948654e-03,-1.076721978879436378e-03,2.703474960590640432e-04,7.118087882322906082e-04,-2.533156564990593756e-03,7.118087882322906082e-04,8.420421996648171092e-04
3.308547455937250418e-03,-4.780440455061378720e-03,5.256219404764228553e-03,1.000000000000000000e+00,1.000000000000000000e+00,1.000000000000000000e+00,1.000000000000000000e+00,3.128638815353560702e-03,1.000000000000000000e+00,5.306504369213925140e-03,8.477839905655033537e-01,1.100942407750526292e-02,1.000000000000000000e+00,-2.559192426022558874e-03,1.000000000000000000e+00,1.000000000000000000e+00
-1.607992039308020038e-04,3.782598408511894748e-03,6.006422396808726479e-03,1.000000000000000000e+00,1.000000000000000000e+00,1.000000000000000000e+00,1.000000000000000000e+00,4.201519955357659215e-03,1.000000000000000000e+00,5.658444488949110687e-03,1.000000000000000000e+00,1.000000000000000000e+00,1.000000000000000000e+00,-5.492766904564609035e-04,1.000000000000000000e+00,1.000000000000000000e+00
