1.000000000000000000e+00,3.971230030059814453e+00
1.124000000000000000e+03,6.617859601974487305e-01
2.249000000000000000e+03,4.554596543312072754e-01
3.374000000000000000e+03,3.953219950199127197e-01
4.499000000000000000e+03,2.980750501155853271e-01
5.624000000000000000e+03,2.354875355958938599e-01
6.749000000000000000e+03,2.353806644678115845e-01
7.874000000000000000e+03,1.932963281869888306e-01
8.999000000000000000e+03,1.798097044229507446e-01
1.012400000000000000e+04,1.765057593584060669e-01
1.124900000000000000e+04,1.882057189941406250e-01
1.237400000000000000e+04,1.912810057401657104e-01
1.349900000000000000e+04,1.924185603857040405e-01
1.462400000000000000e+04,1.177021265029907227e-01
1.574900000000000000e+04,1.850889176130294800e-01
1.687400000000000000e+04,1.282376945018768311e-01
1.799900000000000000e+04,1.872801482677459717e-01
1.912400000000000000e+04,8.946935087442398071e-02
