1.000000000000000000e+00,2.692025423049926758e+00
5.610000000000000000e+02,7.667754292488098145e-01
1.123000000000000000e+03,6.491899490356445312e-01
1.685000000000000000e+03,5.827608108520507812e-01
2.247000000000000000e+03,5.139511823654174805e-01
2.809000000000000000e+03,4.196490645408630371e-01
3.371000000000000000e+03,3.772592544555664062e-01
3.933000000000000000e+03,3.961914479732513428e-01
4.495000000000000000e+03,3.419927358627319336e-01
5.057000000000000000e+03,3.664495348930358887e-01
5.619000000000000000e+03,3.338577151298522949e-01
6.181000000000000000e+03,2.849635481834411621e-01
6.743000000000000000e+03,2.998395264148712158e-01
7.305000000000000000e+03,3.106384277343750000e-01
7.867000000000000000e+03,2.888274192810058594e-01
8.429000000000000000e+03,3.233368694782257080e-01
8.991000000000000000e+03,3.073049783706665039e-01
9.553000000000000000e+03,3.211531043052673340e-01
1.011500000000000000e+04,2.616957128047943115e-01
1.067700000000000000e+04,2.594547569751739502e-01
1.123900000000000000e+04,2.483156323432922363e-01
1.180100000000000000e+04,2.988970875740051270e-01
1.236300000000000000e+04,2.501978278160095215e-01
1.292500000000000000e+04,2.325907945632934570e-01
1.348700000000000000e+04,2.108201235532760620e-01
1.404900000000000000e+04,2.210480570793151855e-01
1.461100000000000000e+04,2.138755023479461670e-01
