1.000000000000000000e+00,2.561482667922973633e+00
5.610000000000000000e+02,7.600703835487365723e-01
1.123000000000000000e+03,6.675600409507751465e-01
1.685000000000000000e+03,5.606166124343872070e-01
2.247000000000000000e+03,5.050591826438903809e-01
2.809000000000000000e+03,3.752073943614959717e-01
3.371000000000000000e+03,3.931038975715637207e-01
3.933000000000000000e+03,3.877078890800476074e-01
4.495000000000000000e+03,2.872123122215270996e-01
5.057000000000000000e+03,3.422923088073730469e-01
5.619000000000000000e+03,3.357435464859008789e-01
6.181000000000000000e+03,2.589997053146362305e-01
6.743000000000000000e+03,2.771184146404266357e-01
7.305000000000000000e+03,2.715306878089904785e-01
7.867000000000000000e+03,2.614859938621520996e-01
8.429000000000000000e+03,2.644723951816558838e-01
8.991000000000000000e+03,2.891806662082672119e-01
9.553000000000000000e+03,2.405066937208175659e-01
1.011500000000000000e+04,2.132636308670043945e-01
1.067700000000000000e+04,2.237227112054824829e-01
1.123900000000000000e+04,1.851711720228195190e-01
1.180100000000000000e+04,2.618896961212158203e-01
1.236300000000000000e+04,2.369478642940521240e-01
1.292500000000000000e+04,2.063876688480377197e-01
1.348700000000000000e+04,2.175955772399902344e-01
1.404900000000000000e+04,1.665667593479156494e-01
1.461100000000000000e+04,1.955207586288452148e-01
