9.879719614982604980e-01
3.314489424228668213e-01
1.164019480347633362e-01
1.245947480201721191e-01
1.179939582943916321e-01
7.059723883867263794e-02
3.481234610080718994e-02
9.805522114038467407e-02
7.196672260761260986e-02
7.195118814706802368e-02
4.323463141918182373e-02
5.304220318794250488e-02
6.496319174766540527e-02
6.749048084020614624e-02
3.621413186192512512e-02
7.284729927778244019e-02
2.643587440252304077e-02
7.377565652132034302e-02
2.109782211482524872e-02
6.876070797443389893e-02
3.517505154013633728e-02
6.612493842840194702e-02
4.974206164479255676e-02
3.474803641438484192e-02
3.202075511217117310e-02
5.286170542240142822e-02
6.496680527925491333e-02
