1.000000000000000000e+00,8.843229413032531738e-01
5.610000000000000000e+02,1.163102015852928162e-01
1.123000000000000000e+03,4.585092142224311829e-02
1.685000000000000000e+03,7.216677814722061157e-02
2.247000000000000000e+03,6.879515200853347778e-02
2.809000000000000000e+03,8.030319213867187500e-02
3.371000000000000000e+03,6.267726421356201172e-02
3.933000000000000000e+03,7.577424496412277222e-02
4.495000000000000000e+03,4.676466062664985657e-02
5.057000000000000000e+03,1.378565747290849686e-02
5.619000000000000000e+03,7.872857898473739624e-02
6.181000000000000000e+03,3.768591955304145813e-02
6.743000000000000000e+03,4.093400016427040100e-02
7.305000000000000000e+03,4.900449514389038086e-02
7.867000000000000000e+03,2.938745170831680298e-02
8.429000000000000000e+03,2.366453409194946289e-02
8.991000000000000000e+03,4.213994368910789490e-02
9.553000000000000000e+03,8.245445042848587036e-02
1.011500000000000000e+04,1.653785351663827896e-03
1.067700000000000000e+04,3.568132966756820679e-02
1.123900000000000000e+04,9.210014343261718750e-02
1.180100000000000000e+04,3.475533425807952881e-02
1.236300000000000000e+04,1.213464606553316116e-02
1.292500000000000000e+04,4.972393438220024109e-02
1.348700000000000000e+04,6.187468394637107849e-02
1.404900000000000000e+04,5.834653601050376892e-02
1.461100000000000000e+04,3.388234600424766541e-02
1.517300000000000000e+04,4.671211168169975281e-02
1.573500000000000000e+04,4.379805922508239746e-02
1.629700000000000000e+04,2.311874926090240479e-02
1.685900000000000000e+04,2.766753919422626495e-02
1.742100000000000000e+04,1.584988832473754883e-02
1.798300000000000000e+04,3.859807038679718971e-03
1.854500000000000000e+04,3.870507329702377319e-02
1.910700000000000000e+04,5.333928391337394714e-03
1.966900000000000000e+04,3.985083475708961487e-02
