1.000000000000000000e+00,5.108536720275878906e+00
1.124000000000000000e+03,5.959541201591491699e-01
2.249000000000000000e+03,3.961420953273773193e-01
3.374000000000000000e+03,3.006034791469573975e-01
4.499000000000000000e+03,1.748516857624053955e-01
5.624000000000000000e+03,1.823612451553344727e-01
6.749000000000000000e+03,1.124998629093170166e-01
7.874000000000000000e+03,9.152937680482864380e-02
8.999000000000000000e+03,1.415845006704330444e-01
1.012400000000000000e+04,1.307806074619293213e-01
1.124900000000000000e+04,1.522490531206130981e-01
1.237400000000000000e+04,1.481902748346328735e-01
1.349900000000000000e+04,1.125308126211166382e-01
1.462400000000000000e+04,1.167123317718505859e-01
1.574900000000000000e+04,1.336892396211624146e-01
1.687400000000000000e+04,8.943463116884231567e-02
1.799900000000000000e+04,1.431306004524230957e-01
1.912400000000000000e+04,8.588049560785293579e-02
