1.000000000000000000e+00,3.713876247406005859e+00
5.610000000000000000e+02,7.925648689270019531e-01
1.123000000000000000e+03,7.457471489906311035e-01
1.685000000000000000e+03,6.437326073646545410e-01
2.247000000000000000e+03,5.953967571258544922e-01
2.809000000000000000e+03,4.956682324409484863e-01
3.371000000000000000e+03,4.575110971927642822e-01
3.933000000000000000e+03,4.480327963829040527e-01
4.495000000000000000e+03,3.706880509853363037e-01
5.057000000000000000e+03,3.729388415813446045e-01
5.619000000000000000e+03,3.471103906631469727e-01
6.181000000000000000e+03,3.005698621273040771e-01
6.743000000000000000e+03,3.031771779060363770e-01
7.305000000000000000e+03,2.718125581741333008e-01
7.867000000000000000e+03,2.618144750595092773e-01
8.429000000000000000e+03,3.033456206321716309e-01
8.991000000000000000e+03,2.830368876457214355e-01
9.553000000000000000e+03,2.804121375083923340e-01
1.011500000000000000e+04,2.508855164051055908e-01
1.067700000000000000e+04,1.917373687028884888e-01
1.123900000000000000e+04,2.050467580556869507e-01
1.180100000000000000e+04,2.761011123657226562e-01
1.236300000000000000e+04,2.387394756078720093e-01
1.292500000000000000e+04,2.235493808984756470e-01
1.348700000000000000e+04,2.144936919212341309e-01
1.404900000000000000e+04,1.837690323591232300e-01
1.461100000000000000e+04,1.960470676422119141e-01
