1.000000000000000000e+00,9.655104279518127441e-01
5.610000000000000000e+02,9.282232075929641724e-02
1.123000000000000000e+03,5.361713841557502747e-02
1.685000000000000000e+03,4.326432943344116211e-02
2.247000000000000000e+03,3.705231472849845886e-02
2.809000000000000000e+03,6.951604038476943970e-02
3.371000000000000000e+03,3.014272265136241913e-02
3.933000000000000000e+03,7.025965303182601929e-02
4.495000000000000000e+03,2.532578073441982269e-02
5.057000000000000000e+03,3.614752320572733879e-03
5.619000000000000000e+03,4.170510172843933105e-02
6.181000000000000000e+03,2.008042484521865845e-02
6.743000000000000000e+03,4.399212077260017395e-02
7.305000000000000000e+03,3.218689188361167908e-02
7.867000000000000000e+03,1.295711938291788101e-02
8.429000000000000000e+03,1.124531123787164688e-02
8.991000000000000000e+03,9.009376168251037598e-03
9.553000000000000000e+03,4.663079977035522461e-02
1.011500000000000000e+04,3.278939693700522184e-04
1.067700000000000000e+04,2.179770730435848236e-02
1.123900000000000000e+04,1.366591360419988632e-02
1.180100000000000000e+04,5.983992945402860641e-03
1.236300000000000000e+04,7.674539927393198013e-03
1.292500000000000000e+04,1.154630165547132492e-02
1.348700000000000000e+04,4.765614401549100876e-03
1.404900000000000000e+04,6.186119839549064636e-02
1.461100000000000000e+04,1.730494759976863861e-02
1.517300000000000000e+04,3.203410282731056213e-02
1.573500000000000000e+04,5.430397111922502518e-03
1.629700000000000000e+04,2.422299236059188843e-02
1.685900000000000000e+04,6.374952849000692368e-03
1.742100000000000000e+04,1.558271329849958420e-02
1.798300000000000000e+04,3.409710153937339783e-02
1.854500000000000000e+04,5.812761839479207993e-03
1.910700000000000000e+04,1.192465797066688538e-02
1.966900000000000000e+04,1.012183353304862976e-02
