1.000000000000000000e+00,9.055824279785156250e+00
1.124000000000000000e+03,7.172124981880187988e-01
2.249000000000000000e+03,5.230193734169006348e-01
3.374000000000000000e+03,4.605426788330078125e-01
4.499000000000000000e+03,2.959441542625427246e-01
5.624000000000000000e+03,2.969141602516174316e-01
6.749000000000000000e+03,1.735696792602539062e-01
7.874000000000000000e+03,1.520117223262786865e-01
8.999000000000000000e+03,2.084562331438064575e-01
1.012400000000000000e+04,1.417578011751174927e-01
1.124900000000000000e+04,1.687041074037551880e-01
1.237400000000000000e+04,1.554738581180572510e-01
1.349900000000000000e+04,1.231984421610832214e-01
1.462400000000000000e+04,1.149207204580307007e-01
1.574900000000000000e+04,1.490838378667831421e-01
1.687400000000000000e+04,1.026620790362358093e-01
1.799900000000000000e+04,1.908902525901794434e-01
1.912400000000000000e+04,9.235276281833648682e-02
