1.000000000000000000e+00,2.305994749069213867e+00
5.610000000000000000e+02,7.135426998138427734e-01
1.123000000000000000e+03,6.467415094375610352e-01
1.685000000000000000e+03,5.758572816848754883e-01
2.247000000000000000e+03,4.702870547771453857e-01
2.809000000000000000e+03,4.189037978649139404e-01
3.371000000000000000e+03,3.969919979572296143e-01
3.933000000000000000e+03,3.364500105381011963e-01
4.495000000000000000e+03,2.841131091117858887e-01
5.057000000000000000e+03,3.085367679595947266e-01
5.619000000000000000e+03,3.053241968154907227e-01
6.181000000000000000e+03,2.389997839927673340e-01
6.743000000000000000e+03,2.331817448139190674e-01
7.305000000000000000e+03,2.124562710523605347e-01
7.867000000000000000e+03,2.463889122009277344e-01
8.429000000000000000e+03,2.259299159049987793e-01
8.991000000000000000e+03,1.986219882965087891e-01
9.553000000000000000e+03,2.094097435474395752e-01
1.011500000000000000e+04,2.109331190586090088e-01
1.067700000000000000e+04,1.640380471944808960e-01
1.123900000000000000e+04,1.753898262977600098e-01
1.180100000000000000e+04,2.043923586606979370e-01
1.236300000000000000e+04,1.787510812282562256e-01
1.292500000000000000e+04,2.006046772003173828e-01
1.348700000000000000e+04,1.506576240062713623e-01
1.404900000000000000e+04,1.288240253925323486e-01
1.461100000000000000e+04,1.819252222776412964e-01
