1.000000000000000000e+00,2.597800970077514648e+00
1.124000000000000000e+03,5.334687829017639160e-01
2.249000000000000000e+03,2.494073063135147095e-01
3.374000000000000000e+03,2.795028090476989746e-01
4.499000000000000000e+03,1.601522117853164673e-01
5.624000000000000000e+03,1.886425763368606567e-01
6.749000000000000000e+03,1.123974919319152832e-01
7.874000000000000000e+03,1.042589023709297180e-01
8.999000000000000000e+03,1.442783176898956299e-01
1.012400000000000000e+04,1.263730227947235107e-01
1.124900000000000000e+04,1.580530703067779541e-01
1.237400000000000000e+04,1.132512837648391724e-01
1.349900000000000000e+04,1.273033022880554199e-01
1.462400000000000000e+04,1.003521382808685303e-01
1.574900000000000000e+04,9.190476685762405396e-02
1.687400000000000000e+04,9.175276011228561401e-02
1.799900000000000000e+04,1.053719595074653625e-01
1.912400000000000000e+04,9.839558601379394531e-02
