1.000000000000000000e+00,2.631847858428955078e+00
5.610000000000000000e+02,7.509030699729919434e-01
1.123000000000000000e+03,6.340876817703247070e-01
1.685000000000000000e+03,5.124695301055908203e-01
2.247000000000000000e+03,4.684728085994720459e-01
2.809000000000000000e+03,3.418342173099517822e-01
3.371000000000000000e+03,3.501617908477783203e-01
3.933000000000000000e+03,2.611868083477020264e-01
4.495000000000000000e+03,2.561939656734466553e-01
5.057000000000000000e+03,2.832471132278442383e-01
5.619000000000000000e+03,2.459873855113983154e-01
6.181000000000000000e+03,2.479220926761627197e-01
6.743000000000000000e+03,2.806959748268127441e-01
7.305000000000000000e+03,1.693311482667922974e-01
7.867000000000000000e+03,2.044711410999298096e-01
8.429000000000000000e+03,2.311983555555343628e-01
8.991000000000000000e+03,2.180691808462142944e-01
9.553000000000000000e+03,2.177388668060302734e-01
1.011500000000000000e+04,2.789620757102966309e-01
1.067700000000000000e+04,1.705102920532226562e-01
1.123900000000000000e+04,2.096530348062515259e-01
1.180100000000000000e+04,2.465467303991317749e-01
1.236300000000000000e+04,1.743637174367904663e-01
1.292500000000000000e+04,1.633815765380859375e-01
1.348700000000000000e+04,1.520021557807922363e-01
1.404900000000000000e+04,1.830905079841613770e-01
1.461100000000000000e+04,1.499687135219573975e-01
