1.000000000000000000e+00,1.814085125923156738e+00
5.610000000000000000e+02,7.216131687164306641e-01
1.123000000000000000e+03,5.863387584686279297e-01
1.685000000000000000e+03,4.394131004810333252e-01
2.247000000000000000e+03,3.402649462223052979e-01
2.809000000000000000e+03,2.948130667209625244e-01
3.371000000000000000e+03,2.729424238204956055e-01
3.933000000000000000e+03,2.631452381610870361e-01
4.495000000000000000e+03,2.539517879486083984e-01
5.057000000000000000e+03,2.518409788608551025e-01
5.619000000000000000e+03,2.433563470840454102e-01
6.181000000000000000e+03,1.913741081953048706e-01
6.743000000000000000e+03,1.951263844966888428e-01
7.305000000000000000e+03,1.677934527397155762e-01
7.867000000000000000e+03,1.727974563837051392e-01
8.429000000000000000e+03,1.734457165002822876e-01
8.991000000000000000e+03,2.141161710023880005e-01
9.553000000000000000e+03,1.637017577886581421e-01
1.011500000000000000e+04,1.508081555366516113e-01
1.067700000000000000e+04,1.367812454700469971e-01
1.123900000000000000e+04,1.530447602272033691e-01
1.180100000000000000e+04,1.455908715724945068e-01
1.236300000000000000e+04,1.446305811405181885e-01
1.292500000000000000e+04,1.438063085079193115e-01
1.348700000000000000e+04,1.205623522400856018e-01
1.404900000000000000e+04,9.156129509210586548e-02
1.461100000000000000e+04,1.591425091028213501e-01
