1.000000000000000000e+00,2.031760931015014648e+00
5.610000000000000000e+02,7.069706916809082031e-01
1.123000000000000000e+03,6.044926047325134277e-01
1.685000000000000000e+03,4.667766988277435303e-01
2.247000000000000000e+03,4.454753994941711426e-01
2.809000000000000000e+03,3.606986999511718750e-01
3.371000000000000000e+03,3.154644668102264404e-01
3.933000000000000000e+03,3.089422881603240967e-01
4.495000000000000000e+03,3.046559393405914307e-01
5.057000000000000000e+03,2.953449487686157227e-01
5.619000000000000000e+03,2.731955945491790771e-01
6.181000000000000000e+03,2.554313540458679199e-01
6.743000000000000000e+03,2.661504745483398438e-01
7.305000000000000000e+03,2.431008219718933105e-01
7.867000000000000000e+03,2.077171504497528076e-01
8.429000000000000000e+03,2.358536869287490845e-01
8.991000000000000000e+03,2.168514728546142578e-01
9.553000000000000000e+03,2.499400973320007324e-01
1.011500000000000000e+04,1.790093928575515747e-01
1.067700000000000000e+04,1.574917435646057129e-01
1.123900000000000000e+04,2.160568982362747192e-01
1.180100000000000000e+04,1.879452913999557495e-01
1.236300000000000000e+04,1.702498495578765869e-01
1.292500000000000000e+04,1.902285814285278320e-01
1.348700000000000000e+04,1.624801903963088989e-01
1.404900000000000000e+04,1.058313623070716858e-01
1.461100000000000000e+04,1.793403029441833496e-01
