1.079462647438049316e+00
6.694614887237548828e-01
6.324506402015686035e-01
6.012340188026428223e-01
5.853422284126281738e-01
5.811970829963684082e-01
5.777790546417236328e-01
5.667057633399963379e-01
5.513787269592285156e-01
5.432918667793273926e-01
5.382647514343261719e-01
5.340111255645751953e-01
5.272725224494934082e-01
5.217213034629821777e-01
5.204188823699951172e-01
5.174974799156188965e-01
5.151881575584411621e-01
5.137911438941955566e-01
5.120400786399841309e-01
5.106042027473449707e-01
5.095440745353698730e-01
5.084313750267028809e-01
5.066313147544860840e-01
5.064687728881835938e-01
5.063390135765075684e-01
5.060647726058959961e-01
5.050773620605468750e-01
5.032513737678527832e-01
5.025757551193237305e-01
5.020808577537536621e-01
5.021523833274841309e-01
5.020721554756164551e-01
5.018041133880615234e-01
5.013065338134765625e-01
5.010157227516174316e-01
5.008962750434875488e-01
