1.060658693313598633e+00
6.868560910224914551e-01
6.521306633949279785e-01
6.074897050857543945e-01
5.702614188194274902e-01
5.639794468879699707e-01
5.552417635917663574e-01
5.773981213569641113e-01
5.591407418251037598e-01
5.578549504280090332e-01
5.407564043998718262e-01
5.194577574729919434e-01
5.364642143249511719e-01
5.203768610954284668e-01
5.071135163307189941e-01
5.113354921340942383e-01
5.131133198738098145e-01
5.070453882217407227e-01
5.016323924064636230e-01
5.182449817657470703e-01
5.064955353736877441e-01
5.064250826835632324e-01
5.102962851524353027e-01
4.981607496738433838e-01
5.025150179862976074e-01
4.938063919544219971e-01
5.062397718429565430e-01
4.916143119335174561e-01
5.025079846382141113e-01
4.924183785915374756e-01
4.900786876678466797e-01
5.063202977180480957e-01
5.058909058570861816e-01
5.059370994567871094e-01
5.006183981895446777e-01
4.982283413410186768e-01
