1.001810669898986816e+00
2.293072193861007690e-01
1.073627397418022156e-01
9.044716507196426392e-02
8.515173196792602539e-02
8.273369073867797852e-02
8.081910014152526855e-02
7.898695021867752075e-02
7.663385570049285889e-02
7.384299486875534058e-02
7.111612707376480103e-02
6.898548454046249390e-02
6.590004265308380127e-02
6.679542362689971924e-02
6.562883406877517700e-02
6.369091570377349854e-02
6.205241382122039795e-02
6.117962673306465149e-02
5.982235074043273926e-02
5.900910496711730957e-02
5.737860128283500671e-02
5.493334308266639709e-02
5.005707219243049622e-02
4.969395697116851807e-02
4.819888994097709656e-02
4.753247275948524475e-02
4.686436057090759277e-02
