1.000000000000000000e+00,7.481482625007629395e-01
5.610000000000000000e+02,6.825447082519531250e-02
1.123000000000000000e+03,5.608551576733589172e-02
1.685000000000000000e+03,4.144318401813507080e-02
2.247000000000000000e+03,4.844878241419792175e-02
2.809000000000000000e+03,5.807206034660339355e-02
3.371000000000000000e+03,3.592341765761375427e-02
3.933000000000000000e+03,6.005554273724555969e-02
4.495000000000000000e+03,3.653842583298683167e-02
5.057000000000000000e+03,5.172024946659803391e-03
5.619000000000000000e+03,6.412442028522491455e-02
6.181000000000000000e+03,4.508079588413238525e-02
6.743000000000000000e+03,6.069895625114440918e-02
7.305000000000000000e+03,5.536244437098503113e-02
7.867000000000000000e+03,2.347675524652004242e-02
8.429000000000000000e+03,2.853268943727016449e-02
8.991000000000000000e+03,5.788533762097358704e-02
9.553000000000000000e+03,6.924191117286682129e-02
1.011500000000000000e+04,2.695919014513492584e-03
1.067700000000000000e+04,5.361808463931083679e-02
1.123900000000000000e+04,5.159024894237518311e-02
1.180100000000000000e+04,1.784820295870304108e-02
1.236300000000000000e+04,2.035534940659999847e-02
1.292500000000000000e+04,3.903267905116081238e-02
1.348700000000000000e+04,5.323294922709465027e-02
1.404900000000000000e+04,4.567500948905944824e-02
1.461100000000000000e+04,5.192472599446773529e-03
1.517300000000000000e+04,4.641169682145118713e-02
1.573500000000000000e+04,4.773990251123905182e-03
1.629700000000000000e+04,2.852651290595531464e-02
1.685900000000000000e+04,1.252415496855974197e-02
1.742100000000000000e+04,2.706481516361236572e-02
1.798300000000000000e+04,2.848170511424541473e-02
1.854500000000000000e+04,2.032611705362796783e-02
1.910700000000000000e+04,8.160882280208170414e-04
1.966900000000000000e+04,1.940670050680637360e-02
