1.000000000000000000e+00,1.576372742652893066e+00
5.610000000000000000e+02,7.122726440429687500e-01
1.123000000000000000e+03,5.953470468521118164e-01
1.685000000000000000e+03,4.739388227462768555e-01
2.247000000000000000e+03,4.378471374511718750e-01
2.809000000000000000e+03,3.915981650352478027e-01
3.371000000000000000e+03,3.783421814441680908e-01
3.933000000000000000e+03,3.476126194000244141e-01
4.495000000000000000e+03,3.044905066490173340e-01
5.057000000000000000e+03,2.844370007514953613e-01
5.619000000000000000e+03,3.156039714813232422e-01
6.181000000000000000e+03,2.648671567440032959e-01
6.743000000000000000e+03,2.625169754028320312e-01
7.305000000000000000e+03,2.000232189893722534e-01
7.867000000000000000e+03,2.661481499671936035e-01
8.429000000000000000e+03,2.609086036682128906e-01
8.991000000000000000e+03,2.458168566226959229e-01
9.553000000000000000e+03,2.285728901624679565e-01
1.011500000000000000e+04,2.445935457944869995e-01
1.067700000000000000e+04,2.124023288488388062e-01
1.123900000000000000e+04,1.900730282068252563e-01
1.180100000000000000e+04,2.151048779487609863e-01
1.236300000000000000e+04,1.840311586856842041e-01
1.292500000000000000e+04,1.888151466846466064e-01
1.348700000000000000e+04,1.831125468015670776e-01
1.404900000000000000e+04,1.894798874855041504e-01
1.461100000000000000e+04,2.072288990020751953e-01
