1.000000000000000000e+00,9.899718761444091797e-01
5.610000000000000000e+02,2.792986035346984863e-01
1.123000000000000000e+03,2.765046060085296631e-01
1.685000000000000000e+03,2.561199963092803955e-01
2.247000000000000000e+03,2.324162870645523071e-01
2.809000000000000000e+03,2.217775732278823853e-01
3.371000000000000000e+03,2.330157905817031860e-01
3.933000000000000000e+03,2.013893723487854004e-01
4.495000000000000000e+03,1.639751940965652466e-01
5.057000000000000000e+03,1.341492682695388794e-01
5.619000000000000000e+03,2.130212187767028809e-01
6.181000000000000000e+03,1.288662999868392944e-01
6.743000000000000000e+03,1.202459633350372314e-01
7.305000000000000000e+03,1.461375951766967773e-01
7.867000000000000000e+03,7.151081413030624390e-02
8.429000000000000000e+03,5.372148379683494568e-02
8.991000000000000000e+03,6.489710509777069092e-02
9.553000000000000000e+03,1.082572713494300842e-01
1.011500000000000000e+04,3.157680854201316833e-03
1.067700000000000000e+04,6.855144351720809937e-02
1.123900000000000000e+04,8.691800385713577271e-02
1.180100000000000000e+04,1.432644110172986984e-02
1.236300000000000000e+04,1.113099884241819382e-02
1.292500000000000000e+04,7.339064776897430420e-02
1.348700000000000000e+04,6.427396088838577271e-02
1.404900000000000000e+04,1.072606071829795837e-01
1.461100000000000000e+04,2.908784151077270508e-02
1.517300000000000000e+04,6.055520474910736084e-02
1.573500000000000000e+04,4.775193333625793457e-02
1.629700000000000000e+04,3.182436898350715637e-02
1.685900000000000000e+04,4.077742993831634521e-02
1.742100000000000000e+04,5.789044499397277832e-02
1.798300000000000000e+04,4.955721274018287659e-02
1.854500000000000000e+04,4.399894177913665771e-02
1.910700000000000000e+04,2.348862402141094208e-02
1.966900000000000000e+04,3.726409003138542175e-02
