1.000000000000000000e+00,1.936524987220764160e+00
5.610000000000000000e+02,7.236498594284057617e-01
1.123000000000000000e+03,6.300519704818725586e-01
1.685000000000000000e+03,5.347172617912292480e-01
2.247000000000000000e+03,4.879424870014190674e-01
2.809000000000000000e+03,3.742318749427795410e-01
3.371000000000000000e+03,3.534266948699951172e-01
3.933000000000000000e+03,3.652542531490325928e-01
4.495000000000000000e+03,3.041383624076843262e-01
5.057000000000000000e+03,3.448010981082916260e-01
5.619000000000000000e+03,2.694571614265441895e-01
6.181000000000000000e+03,2.736148536205291748e-01
6.743000000000000000e+03,2.305023670196533203e-01
7.305000000000000000e+03,2.444692254066467285e-01
7.867000000000000000e+03,2.182417809963226318e-01
8.429000000000000000e+03,2.045665383338928223e-01
8.991000000000000000e+03,2.283352315425872803e-01
9.553000000000000000e+03,2.420360147953033447e-01
1.011500000000000000e+04,1.939970552921295166e-01
1.067700000000000000e+04,1.873628050088882446e-01
1.123900000000000000e+04,1.491708755493164062e-01
1.180100000000000000e+04,2.024436295032501221e-01
1.236300000000000000e+04,2.085553407669067383e-01
1.292500000000000000e+04,1.773065179586410522e-01
1.348700000000000000e+04,1.103466078639030457e-01
1.404900000000000000e+04,1.402210742235183716e-01
1.461100000000000000e+04,1.317609399557113647e-01
