1.000000000000000000e+00,1.145766854286193848e+00
5.610000000000000000e+02,1.237176060676574707e-01
1.123000000000000000e+03,7.108625769615173340e-02
1.685000000000000000e+03,6.839361041784286499e-02
2.247000000000000000e+03,6.533844023942947388e-02
2.809000000000000000e+03,9.302496910095214844e-02
3.371000000000000000e+03,5.014530941843986511e-02
3.933000000000000000e+03,9.376025944948196411e-02
4.495000000000000000e+03,7.303301990032196045e-02
5.057000000000000000e+03,8.731716312468051910e-03
5.619000000000000000e+03,7.922513782978057861e-02
6.181000000000000000e+03,3.796509280800819397e-02
6.743000000000000000e+03,6.708466261625289917e-02
7.305000000000000000e+03,4.261025786399841309e-02
7.867000000000000000e+03,3.316969797015190125e-02
8.429000000000000000e+03,2.735645510256290436e-02
8.991000000000000000e+03,5.300112068653106689e-02
9.553000000000000000e+03,6.372109800577163696e-02
1.011500000000000000e+04,1.042816322296857834e-02
1.067700000000000000e+04,4.621456563472747803e-02
1.123900000000000000e+04,4.940265044569969177e-02
1.180100000000000000e+04,7.018698845058679581e-03
1.236300000000000000e+04,1.213277131319046021e-02
1.292500000000000000e+04,2.849197387695312500e-02
1.348700000000000000e+04,5.918489769101142883e-02
1.404900000000000000e+04,5.543285980820655823e-02
1.461100000000000000e+04,1.953755877912044525e-02
1.517300000000000000e+04,4.301084950566291809e-02
1.573500000000000000e+04,1.353342831134796143e-02
1.629700000000000000e+04,3.553377091884613037e-02
1.685900000000000000e+04,1.131799817085266113e-02
1.742100000000000000e+04,2.132203243672847748e-02
1.798300000000000000e+04,2.592048794031143188e-02
1.854500000000000000e+04,1.070354133844375610e-02
1.910700000000000000e+04,2.652836032211780548e-02
1.966900000000000000e+04,1.175004895776510239e-02
