8.558260798454284668e-01
6.196873188018798828e-01
5.932970643043518066e-01
5.800229907035827637e-01
5.745814442634582520e-01
5.718757510185241699e-01
5.685475468635559082e-01
5.676593184471130371e-01
5.680518150329589844e-01
5.681119561195373535e-01
5.686950087547302246e-01
5.693311691284179688e-01
5.704422593116760254e-01
5.712193846702575684e-01
5.710302591323852539e-01
5.706350207328796387e-01
5.702139735221862793e-01
5.692465305328369141e-01
5.678124427795410156e-01
5.669266581535339355e-01
5.658993124961853027e-01
5.646843314170837402e-01
5.631303191184997559e-01
5.617730021476745605e-01
5.608593225479125977e-01
5.593113303184509277e-01
5.573577284812927246e-01
5.543444156646728516e-01
5.467216968536376953e-01
5.414140820503234863e-01
5.319099426269531250e-01
5.284362435340881348e-01
5.283227562904357910e-01
5.272700786590576172e-01
5.265913009643554688e-01
5.250216126441955566e-01
