8.629012703895568848e-01
6.259674429893493652e-01
5.958090424537658691e-01
6.185488104820251465e-01
5.758314132690429688e-01
5.818482041358947754e-01
5.860351920127868652e-01
5.597240328788757324e-01
5.808551907539367676e-01
5.667591094970703125e-01
5.664240121841430664e-01
5.682266354560852051e-01
5.869255661964416504e-01
5.687822699546813965e-01
5.608626604080200195e-01
5.712197422981262207e-01
5.588338971138000488e-01
5.693098902702331543e-01
5.565477013587951660e-01
5.770879387855529785e-01
5.685821175575256348e-01
5.558729767799377441e-01
5.595846176147460938e-01
5.587018132209777832e-01
5.534327626228332520e-01
5.155691504478454590e-01
5.612640976905822754e-01
5.556811690330505371e-01
5.389141440391540527e-01
5.273814797401428223e-01
5.335293412208557129e-01
5.377534627914428711e-01
5.493534207344055176e-01
5.438414216041564941e-01
5.375422835350036621e-01
5.340929627418518066e-01
