1.000000000000000000e+00,2.681024074554443359e+00
5.610000000000000000e+02,7.554059624671936035e-01
1.123000000000000000e+03,6.622949838638305664e-01
1.685000000000000000e+03,5.616438984870910645e-01
2.247000000000000000e+03,4.940464198589324951e-01
2.809000000000000000e+03,4.645152688026428223e-01
3.371000000000000000e+03,4.438590109348297119e-01
3.933000000000000000e+03,4.265649616718292236e-01
4.495000000000000000e+03,3.610762357711791992e-01
5.057000000000000000e+03,3.723847866058349609e-01
5.619000000000000000e+03,4.119353592395782471e-01
6.181000000000000000e+03,3.142153024673461914e-01
6.743000000000000000e+03,3.635853528976440430e-01
7.305000000000000000e+03,3.914321660995483398e-01
7.867000000000000000e+03,2.825575172901153564e-01
8.429000000000000000e+03,3.214754164218902588e-01
8.991000000000000000e+03,3.260157108306884766e-01
9.553000000000000000e+03,3.077235519886016846e-01
1.011500000000000000e+04,2.889077067375183105e-01
1.067700000000000000e+04,2.336558401584625244e-01
1.123900000000000000e+04,2.420406192541122437e-01
1.180100000000000000e+04,3.075722455978393555e-01
1.236300000000000000e+04,2.305251806974411011e-01
1.292500000000000000e+04,2.611239850521087646e-01
1.348700000000000000e+04,1.834794133901596069e-01
1.404900000000000000e+04,2.131296247243881226e-01
1.461100000000000000e+04,2.378640323877334595e-01
