1.000000000000000000e+00,2.232529878616333008e+00
5.610000000000000000e+02,7.411689758300781250e-01
1.123000000000000000e+03,6.512252092361450195e-01
1.685000000000000000e+03,5.265783071517944336e-01
2.247000000000000000e+03,4.493591189384460449e-01
2.809000000000000000e+03,3.770589530467987061e-01
3.371000000000000000e+03,3.893685936927795410e-01
3.933000000000000000e+03,3.562806844711303711e-01
4.495000000000000000e+03,3.011092543601989746e-01
5.057000000000000000e+03,2.623145580291748047e-01
5.619000000000000000e+03,2.375307381153106689e-01
6.181000000000000000e+03,2.131769359111785889e-01
6.743000000000000000e+03,2.539882361888885498e-01
7.305000000000000000e+03,1.768247038125991821e-01
7.867000000000000000e+03,2.226702421903610229e-01
8.429000000000000000e+03,2.075483500957489014e-01
8.991000000000000000e+03,1.745429188013076782e-01
9.553000000000000000e+03,1.707306355237960815e-01
1.011500000000000000e+04,1.380846500396728516e-01
1.067700000000000000e+04,1.567761003971099854e-01
1.123900000000000000e+04,1.504103988409042358e-01
1.180100000000000000e+04,2.124809771776199341e-01
1.236300000000000000e+04,1.456750333309173584e-01
1.292500000000000000e+04,1.394830942153930664e-01
1.348700000000000000e+04,1.289621740579605103e-01
1.404900000000000000e+04,9.924682229757308960e-02
1.461100000000000000e+04,1.302433460950851440e-01
