1.030842900276184082e+00
6.640544533729553223e-01
6.367455124855041504e-01
6.112247109413146973e-01
5.656455159187316895e-01
5.456408858299255371e-01
5.328202843666076660e-01
5.209069848060607910e-01
5.144747495651245117e-01
5.133189558982849121e-01
5.104610323905944824e-01
5.078209638595581055e-01
5.072942376136779785e-01
5.058836340904235840e-01
5.047438740730285645e-01
5.037260055541992188e-01
5.019790530204772949e-01
5.015708804130554199e-01
5.011211037635803223e-01
5.005617141723632812e-01
5.006393194198608398e-01
5.012288689613342285e-01
5.012085437774658203e-01
5.012870430946350098e-01
5.012178421020507812e-01
5.007446408271789551e-01
5.007881522178649902e-01
5.008759498596191406e-01
5.013423562049865723e-01
5.017399191856384277e-01
5.021752715110778809e-01
5.013928413391113281e-01
5.015435218811035156e-01
5.015774369239807129e-01
5.017707347869873047e-01
5.016798377037048340e-01
