1.037123918533325195e+00
6.584534049034118652e-01
6.161684989929199219e-01
6.028558611869812012e-01
5.855501294136047363e-01
5.453811287879943848e-01
5.557079315185546875e-01
5.339168310165405273e-01
5.306023955345153809e-01
5.166153907775878906e-01
5.102955698966979980e-01
5.051093697547912598e-01
5.008838176727294922e-01
5.054883360862731934e-01
5.010352134704589844e-01
5.007541179656982422e-01
5.016742348670959473e-01
5.041649341583251953e-01
5.043805241584777832e-01
5.017065405845642090e-01
5.009564757347106934e-01
5.006375908851623535e-01
5.104996562004089355e-01
5.020213127136230469e-01
5.007727146148681641e-01
4.999870955944061279e-01
5.039129257202148438e-01
4.945297241210937500e-01
5.009824633598327637e-01
5.003976821899414062e-01
4.888401925563812256e-01
5.132416486740112305e-01
5.011194348335266113e-01
4.996745288372039795e-01
4.967406094074249268e-01
5.006506443023681641e-01
