1.000000000000000000e+00,8.064972758293151855e-01
5.610000000000000000e+02,7.385023683309555054e-02
1.123000000000000000e+03,5.411892011761665344e-02
1.685000000000000000e+03,4.579752311110496521e-02
2.247000000000000000e+03,4.406750202178955078e-02
2.809000000000000000e+03,6.471620500087738037e-02
3.371000000000000000e+03,4.268175363540649414e-02
3.933000000000000000e+03,6.869576871395111084e-02
4.495000000000000000e+03,2.727109938859939575e-02
5.057000000000000000e+03,2.379164099693298340e-03
5.619000000000000000e+03,6.776988506317138672e-02
6.181000000000000000e+03,2.484735846519470215e-02
6.743000000000000000e+03,4.862244054675102234e-02
7.305000000000000000e+03,4.533684626221656799e-02
7.867000000000000000e+03,4.756385087966918945e-02
8.429000000000000000e+03,3.385696932673454285e-02
8.991000000000000000e+03,4.431353509426116943e-02
9.553000000000000000e+03,7.136676460504531860e-02
1.011500000000000000e+04,5.321725620888173580e-05
1.067700000000000000e+04,2.745964564383029938e-02
1.123900000000000000e+04,2.829824946820735931e-02
1.180100000000000000e+04,2.066521905362606049e-03
1.236300000000000000e+04,5.803628358989953995e-03
1.292500000000000000e+04,3.303703665733337402e-02
1.348700000000000000e+04,1.329910755157470703e-02
1.404900000000000000e+04,3.979917988181114197e-02
1.461100000000000000e+04,8.243967313319444656e-04
1.517300000000000000e+04,2.176001481711864471e-02
1.573500000000000000e+04,1.160505460575222969e-03
1.629700000000000000e+04,2.101555280387401581e-02
1.685900000000000000e+04,1.114192232489585876e-02
1.742100000000000000e+04,2.274700254201889038e-02
1.798300000000000000e+04,2.592888474464416504e-02
1.854500000000000000e+04,8.635367848910391331e-04
1.910700000000000000e+04,9.793156059458851814e-04
1.966900000000000000e+04,2.640688419342041016e-02
