2.176768541336059570e+00
4.090678989887237549e-01
2.274581640958786011e-01
1.735402494668960571e-01
1.417646259069442749e-01
9.257885813713073730e-02
6.610400974750518799e-02
1.045627817511558533e-01
8.756645768880844116e-02
9.400483220815658569e-02
6.715580821037292480e-02
7.506403326988220215e-02
7.699889689683914185e-02
6.670833379030227661e-02
5.687487125396728516e-02
8.343577384948730469e-02
5.201762542128562927e-02
8.501037210226058960e-02
4.718520119786262512e-02
7.663591951131820679e-02
4.286492243409156799e-02
9.704137593507766724e-02
6.199841573834419250e-02
5.391677841544151306e-02
3.808708116412162781e-02
6.802261620759963989e-02
5.229083821177482605e-02
