1.000000000000000000e+00,9.898219108581542969e-01
5.610000000000000000e+02,1.276358366012573242e-01
1.123000000000000000e+03,6.151919439435005188e-02
1.685000000000000000e+03,5.735853314399719238e-02
2.247000000000000000e+03,4.621613025665283203e-02
2.809000000000000000e+03,7.449657469987869263e-02
3.371000000000000000e+03,4.789453744888305664e-02
3.933000000000000000e+03,7.235325127840042114e-02
4.495000000000000000e+03,4.286299645900726318e-02
5.057000000000000000e+03,5.331767722964286804e-03
5.619000000000000000e+03,6.315534561872482300e-02
6.181000000000000000e+03,3.834456205368041992e-02
6.743000000000000000e+03,3.850788995623588562e-02
7.305000000000000000e+03,4.699634388089179993e-02
7.867000000000000000e+03,3.508305549621582031e-02
8.429000000000000000e+03,2.216594666242599487e-02
8.991000000000000000e+03,4.863150045275688171e-02
9.553000000000000000e+03,7.544507831335067749e-02
1.011500000000000000e+04,2.026056125760078430e-02
1.067700000000000000e+04,5.138232186436653137e-02
1.123900000000000000e+04,4.055369272828102112e-02
1.180100000000000000e+04,6.740875076502561569e-03
1.236300000000000000e+04,5.780694540590047836e-03
1.292500000000000000e+04,4.764324054121971130e-02
1.348700000000000000e+04,3.200609236955642700e-02
1.404900000000000000e+04,4.780451953411102295e-02
1.461100000000000000e+04,1.114607136696577072e-02
1.517300000000000000e+04,4.905310273170471191e-02
1.573500000000000000e+04,2.806845866143703461e-02
1.629700000000000000e+04,3.007955104112625122e-02
1.685900000000000000e+04,2.678336948156356812e-02
1.742100000000000000e+04,4.210434854030609131e-02
1.798300000000000000e+04,1.681807823479175568e-02
1.854500000000000000e+04,5.721552297472953796e-03
1.910700000000000000e+04,3.158192709088325500e-02
1.966900000000000000e+04,2.769116498529911041e-02
