1.000000000000000000e+00,9.765202403068542480e-01
5.610000000000000000e+02,1.062892600893974304e-01
1.123000000000000000e+03,6.093607470393180847e-02
1.685000000000000000e+03,3.795123845338821411e-02
2.247000000000000000e+03,4.592317342758178711e-02
2.809000000000000000e+03,6.040748953819274902e-02
3.371000000000000000e+03,3.764502331614494324e-02
3.933000000000000000e+03,6.875105947256088257e-02
4.495000000000000000e+03,3.084205277264118195e-02
5.057000000000000000e+03,5.356181412935256958e-03
5.619000000000000000e+03,5.619920790195465088e-02
6.181000000000000000e+03,3.368853032588958740e-02
6.743000000000000000e+03,6.425865739583969116e-02
7.305000000000000000e+03,5.509534850716590881e-02
7.867000000000000000e+03,1.958255097270011902e-02
8.429000000000000000e+03,1.709067262709140778e-02
8.991000000000000000e+03,4.073282331228256226e-02
9.553000000000000000e+03,8.074983954429626465e-02
1.011500000000000000e+04,4.323164001107215881e-03
1.067700000000000000e+04,5.181792378425598145e-02
1.123900000000000000e+04,3.862399980425834656e-02
1.180100000000000000e+04,9.456834755837917328e-03
1.236300000000000000e+04,9.704593569040298462e-03
1.292500000000000000e+04,3.411480039358139038e-02
1.348700000000000000e+04,2.517296560108661652e-02
1.404900000000000000e+04,4.244393110275268555e-02
1.461100000000000000e+04,8.201231248676776886e-03
1.517300000000000000e+04,2.743108011782169342e-02
1.573500000000000000e+04,1.877438626252114773e-03
1.629700000000000000e+04,2.066016010940074921e-02
1.685900000000000000e+04,1.048138830810785294e-02
1.742100000000000000e+04,2.257221192121505737e-02
1.798300000000000000e+04,3.039843402802944183e-02
1.854500000000000000e+04,1.991571771213784814e-04
1.910700000000000000e+04,6.505731143988668919e-04
1.966900000000000000e+04,2.450097538530826569e-02
