1.000000000000000000e+00,4.262425422668457031e+00
1.124000000000000000e+03,6.013346314430236816e-01
2.249000000000000000e+03,4.482344985008239746e-01
3.374000000000000000e+03,3.162170052528381348e-01
4.499000000000000000e+03,1.952995955944061279e-01
5.624000000000000000e+03,1.718616485595703125e-01
6.749000000000000000e+03,1.288544237613677979e-01
7.874000000000000000e+03,8.141743391752243042e-02
8.999000000000000000e+03,1.225807294249534607e-01
1.012400000000000000e+04,8.878101408481597900e-02
1.124900000000000000e+04,1.271003782749176025e-01
1.237400000000000000e+04,1.213146895170211792e-01
1.349900000000000000e+04,9.747205674648284912e-02
1.462400000000000000e+04,9.021234512329101562e-02
1.574900000000000000e+04,1.359295547008514404e-01
1.687400000000000000e+04,6.480128318071365356e-02
1.799900000000000000e+04,9.843571484088897705e-02
1.912400000000000000e+04,7.362642139196395874e-02
