1.000000000000000000e+00,5.655046939849853516e+00
5.610000000000000000e+02,7.873112559318542480e-01
1.123000000000000000e+03,7.326457500457763672e-01
1.685000000000000000e+03,6.601648926734924316e-01
2.247000000000000000e+03,6.170850396156311035e-01
2.809000000000000000e+03,5.653506517410278320e-01
3.371000000000000000e+03,5.045723915100097656e-01
3.933000000000000000e+03,4.855350852012634277e-01
4.495000000000000000e+03,4.615142941474914551e-01
5.057000000000000000e+03,4.135570824146270752e-01
5.619000000000000000e+03,3.425147235393524170e-01
6.181000000000000000e+03,3.219886124134063721e-01
6.743000000000000000e+03,3.106179535388946533e-01
7.305000000000000000e+03,2.716588675975799561e-01
7.867000000000000000e+03,2.888635396957397461e-01
8.429000000000000000e+03,2.728767991065979004e-01
8.991000000000000000e+03,2.504782080650329590e-01
9.553000000000000000e+03,2.423801571130752563e-01
1.011500000000000000e+04,2.342924773693084717e-01
1.067700000000000000e+04,1.933949738740921021e-01
1.123900000000000000e+04,1.616011559963226318e-01
1.180100000000000000e+04,2.524458765983581543e-01
1.236300000000000000e+04,1.932332813739776611e-01
1.292500000000000000e+04,2.206598222255706787e-01
1.348700000000000000e+04,1.978094875812530518e-01
1.404900000000000000e+04,1.649968624114990234e-01
1.461100000000000000e+04,1.637138426303863525e-01
