1.546112918853759766e+01
9.413990974426269531e-01
9.185909628868103027e-01
9.084630012512207031e-01
9.007695317268371582e-01
8.862860798835754395e-01
8.715750575065612793e-01
8.539907932281494141e-01
8.315091133117675781e-01
8.117022514343261719e-01
6.811179518699645996e-01
6.221609711647033691e-01
5.544204115867614746e-01
4.822527468204498291e-01
4.209613800048828125e-01
3.835013210773468018e-01
3.586609363555908203e-01
3.426152169704437256e-01
3.255960941314697266e-01
3.059719204902648926e-01
2.962311506271362305e-01
2.835081517696380615e-01
2.533605694770812988e-01
2.451896667480468750e-01
2.320306748151779175e-01
2.251444905996322632e-01
2.186954468488693237e-01
2.104576379060745239e-01
2.071415930986404419e-01
2.021303325891494751e-01
1.919059306383132935e-01
1.894205361604690552e-01
1.798668056726455688e-01
1.753903180360794067e-01
1.683958768844604492e-01
1.646393537521362305e-01
