1.546691417694091797e+01
9.328104853630065918e-01
9.352397918701171875e-01
9.127586483955383301e-01
9.029479622840881348e-01
8.881332874298095703e-01
8.677849769592285156e-01
8.598847985267639160e-01
8.303535580635070801e-01
8.272495269775390625e-01
7.234344482421875000e-01
6.264553666114807129e-01
5.763455033302307129e-01
4.511019885540008545e-01
4.452917575836181641e-01
3.666597902774810791e-01
3.509562909603118896e-01
3.509920537471771240e-01
3.248912990093231201e-01
3.523435294628143311e-01
2.953418195247650146e-01
2.989897429943084717e-01
2.597439587116241455e-01
2.395030707120895386e-01
1.923860907554626465e-01
2.802360951900482178e-01
2.463194280862808228e-01
2.567107677459716797e-01
2.166687697172164917e-01
2.062360495328903198e-01
1.788736134767532349e-01
2.286144644021987915e-01
1.763129383325576782e-01
2.005961388349533081e-01
1.600922942161560059e-01
1.867170184850692749e-01
