1.039864301681518555e+00
3.142687678337097168e-01
1.549132168292999268e-01
9.605368226766586304e-02
7.888532429933547974e-02
7.375431805849075317e-02
7.121524214744567871e-02
6.820475310087203979e-02
6.584174185991287231e-02
6.152477860450744629e-02
5.697951838374137878e-02
5.644496157765388489e-02
5.464609339833259583e-02
5.319714173674583435e-02
5.323526635766029358e-02
5.188859999179840088e-02
5.026879534125328064e-02
4.767687991261482239e-02
4.707560315728187561e-02
4.681845009326934814e-02
4.681074246764183044e-02
4.725369811058044434e-02
4.581767320632934570e-02
4.570954665541648865e-02
4.555942490696907043e-02
4.504127800464630127e-02
4.511315748095512390e-02
