1.043197751045227051e+00
2.858373820781707764e-01
1.747437566518783569e-01
1.282594501972198486e-01
8.548445254564285278e-02
5.319398641586303711e-02
4.528161883354187012e-02
7.846569269895553589e-02
6.008764728903770447e-02
7.803426682949066162e-02
2.615319378674030304e-02
3.583291172981262207e-02
6.816551089286804199e-02
6.793608516454696655e-02
2.445089258253574371e-02
3.146525099873542786e-02
3.100509010255336761e-02
7.372171431779861450e-02
4.195195063948631287e-02
8.646690100431442261e-02
4.427285492420196533e-02
6.346633285284042358e-02
4.477062821388244629e-02
5.378266796469688416e-02
6.663685292005538940e-02
5.448693409562110901e-02
7.448751479387283325e-02
