1.005670666694641113e+00
6.674013137817382812e-01
6.666665673255920410e-01
6.666665673255920410e-01
6.666666865348815918e-01
6.666666865348815918e-01
6.666666865348815918e-01
6.666666865348815918e-01
6.666666269302368164e-01
6.666666269302368164e-01
6.666666269302368164e-01
6.666666269302368164e-01
6.666666269302368164e-01
6.666666865348815918e-01
6.666666865348815918e-01
6.666666865348815918e-01
6.666666865348815918e-01
6.666666865348815918e-01
6.666666269302368164e-01
6.666666865348815918e-01
6.666666269302368164e-01
6.666666865348815918e-01
6.666666865348815918e-01
6.666666269302368164e-01
6.666666269302368164e-01
6.666666865348815918e-01
6.666666865348815918e-01
6.666666269302368164e-01
6.666667461395263672e-01
6.666666269302368164e-01
6.666666865348815918e-01
6.666665673255920410e-01
6.666666865348815918e-01
6.666665673255920410e-01
6.666666865348815918e-01
6.666665673255920410e-01
