1.000000000000000000e+00,1.067019581794738770e+00
5.610000000000000000e+02,2.773089110851287842e-01
1.123000000000000000e+03,2.581016123294830322e-01
1.685000000000000000e+03,2.126492708921432495e-01
2.247000000000000000e+03,1.737563461065292358e-01
2.809000000000000000e+03,1.649420410394668579e-01
3.371000000000000000e+03,1.758517622947692871e-01
3.933000000000000000e+03,1.528326123952865601e-01
4.495000000000000000e+03,1.260671764612197876e-01
5.057000000000000000e+03,6.757090240716934204e-02
5.619000000000000000e+03,1.435072273015975952e-01
6.181000000000000000e+03,8.386409282684326172e-02
6.743000000000000000e+03,1.166125610470771790e-01
7.305000000000000000e+03,1.041371449828147888e-01
7.867000000000000000e+03,8.135136961936950684e-02
8.429000000000000000e+03,7.398682087659835815e-02
8.991000000000000000e+03,1.025652885437011719e-01
9.553000000000000000e+03,1.215402707457542419e-01
1.011500000000000000e+04,4.113560542464256287e-02
1.067700000000000000e+04,9.298717975616455078e-02
1.123900000000000000e+04,1.388390958309173584e-01
1.180100000000000000e+04,5.927647650241851807e-02
1.236300000000000000e+04,5.263659730553627014e-02
1.292500000000000000e+04,1.145908758044242859e-01
1.348700000000000000e+04,1.167451217770576477e-01
1.404900000000000000e+04,1.496150195598602295e-01
1.461100000000000000e+04,9.203603863716125488e-02
1.517300000000000000e+04,1.310878992080688477e-01
1.573500000000000000e+04,7.345468550920486450e-02
1.629700000000000000e+04,5.685813352465629578e-02
1.685900000000000000e+04,8.559763431549072266e-02
1.742100000000000000e+04,8.895122259855270386e-02
1.798300000000000000e+04,8.545794337987899780e-02
1.854500000000000000e+04,7.137250155210494995e-02
1.910700000000000000e+04,6.306817382574081421e-02
1.966900000000000000e+04,8.657830953598022461e-02
