1.000000000000000000e+00,9.905270934104919434e-01
5.610000000000000000e+02,1.323394924402236938e-01
1.123000000000000000e+03,6.344834715127944946e-02
1.685000000000000000e+03,3.871850296854972839e-02
2.247000000000000000e+03,2.633187733590602875e-02
2.809000000000000000e+03,5.922910571098327637e-02
3.371000000000000000e+03,4.038589075207710266e-02
3.933000000000000000e+03,6.685998290777206421e-02
4.495000000000000000e+03,1.909114606678485870e-02
5.057000000000000000e+03,5.126910284161567688e-03
5.619000000000000000e+03,4.323293268680572510e-02
6.181000000000000000e+03,1.934994012117385864e-02
6.743000000000000000e+03,5.016241967678070068e-02
7.305000000000000000e+03,3.774916380643844604e-02
7.867000000000000000e+03,6.591056939214468002e-03
8.429000000000000000e+03,1.186878606677055359e-02
8.991000000000000000e+03,1.080876216292381287e-02
9.553000000000000000e+03,2.799311280250549316e-02
1.011500000000000000e+04,4.196998488623648882e-04
1.067700000000000000e+04,1.214156672358512878e-02
1.123900000000000000e+04,3.416839614510536194e-02
1.180100000000000000e+04,1.140322070568799973e-03
1.236300000000000000e+04,2.210568170994520187e-03
1.292500000000000000e+04,2.969875931739807129e-02
1.348700000000000000e+04,3.780310228466987610e-02
1.404900000000000000e+04,3.811074420809745789e-02
1.461100000000000000e+04,9.343174751847982407e-04
1.517300000000000000e+04,1.053530257195234299e-02
1.573500000000000000e+04,2.621781639754772186e-02
1.629700000000000000e+04,4.683142527937889099e-03
1.685900000000000000e+04,1.041201967746019363e-02
1.742100000000000000e+04,3.709940239787101746e-03
1.798300000000000000e+04,3.037787973880767822e-03
1.854500000000000000e+04,1.994962058961391449e-02
1.910700000000000000e+04,1.923425681889057159e-02
1.966900000000000000e+04,8.494603098370134830e-04
