1.000000000000000000e+00,9.334850907325744629e-01
5.610000000000000000e+02,7.747827470302581787e-02
1.123000000000000000e+03,6.210908293724060059e-02
1.685000000000000000e+03,5.283597484230995178e-02
2.247000000000000000e+03,4.811920225620269775e-02
2.809000000000000000e+03,7.292986661195755005e-02
3.371000000000000000e+03,5.277821421623229980e-02
3.933000000000000000e+03,6.220981851220130920e-02
4.495000000000000000e+03,4.417603090405464172e-02
5.057000000000000000e+03,6.796479225158691406e-03
5.619000000000000000e+03,7.105136662721633911e-02
6.181000000000000000e+03,4.935871064662933350e-02
6.743000000000000000e+03,7.372528314590454102e-02
7.305000000000000000e+03,6.760267168283462524e-02
7.867000000000000000e+03,3.642491623759269714e-02
8.429000000000000000e+03,3.091906942427158356e-02
8.991000000000000000e+03,4.749432206153869629e-02
9.553000000000000000e+03,8.215264230966567993e-02
1.011500000000000000e+04,1.093712914735078812e-02
1.067700000000000000e+04,3.797236829996109009e-02
1.123900000000000000e+04,3.731979057192802429e-02
1.180100000000000000e+04,1.163804251700639725e-02
1.236300000000000000e+04,1.819306425750255585e-02
1.292500000000000000e+04,4.187722504138946533e-02
1.348700000000000000e+04,2.507598139345645905e-02
1.404900000000000000e+04,3.679386526346206665e-02
1.461100000000000000e+04,1.413973420858383179e-02
1.517300000000000000e+04,2.844692766666412354e-02
1.573500000000000000e+04,4.282018169760704041e-02
1.629700000000000000e+04,1.996633782982826233e-02
1.685900000000000000e+04,2.312003634870052338e-02
1.742100000000000000e+04,4.200853034853935242e-02
1.798300000000000000e+04,1.463424321264028549e-02
1.854500000000000000e+04,1.401856541633605957e-03
1.910700000000000000e+04,1.415529381483793259e-02
1.966900000000000000e+04,1.831927336752414703e-02
