1.000000000000000000e+00,4.472877502441406250e+00
5.610000000000000000e+02,8.642089962959289551e-01
1.123000000000000000e+03,7.641898393630981445e-01
1.685000000000000000e+03,6.966879963874816895e-01
2.247000000000000000e+03,6.367897987365722656e-01
2.809000000000000000e+03,5.808194279670715332e-01
3.371000000000000000e+03,4.952548146247863770e-01
3.933000000000000000e+03,4.610136747360229492e-01
4.495000000000000000e+03,4.669039547443389893e-01
5.057000000000000000e+03,3.885294795036315918e-01
5.619000000000000000e+03,3.829809725284576416e-01
6.181000000000000000e+03,3.779677748680114746e-01
6.743000000000000000e+03,3.933200538158416748e-01
7.305000000000000000e+03,3.003718554973602295e-01
7.867000000000000000e+03,3.087583482265472412e-01
8.429000000000000000e+03,2.808672189712524414e-01
8.991000000000000000e+03,3.014460504055023193e-01
9.553000000000000000e+03,2.778168320655822754e-01
1.011500000000000000e+04,3.163559734821319580e-01
1.067700000000000000e+04,2.332703769207000732e-01
1.123900000000000000e+04,2.729362249374389648e-01
1.180100000000000000e+04,2.498231977224349976e-01
1.236300000000000000e+04,2.606255412101745605e-01
1.292500000000000000e+04,2.502850890159606934e-01
1.348700000000000000e+04,2.359580248594284058e-01
1.404900000000000000e+04,1.773388683795928955e-01
1.461100000000000000e+04,2.554265260696411133e-01
