1.000000000000000000e+00,3.186471223831176758e+00
5.610000000000000000e+02,8.450287580490112305e-01
1.123000000000000000e+03,7.415980100631713867e-01
1.685000000000000000e+03,6.807526946067810059e-01
2.247000000000000000e+03,6.014060974121093750e-01
2.809000000000000000e+03,5.324423313140869141e-01
3.371000000000000000e+03,4.451204240322113037e-01
3.933000000000000000e+03,4.610087275505065918e-01
4.495000000000000000e+03,3.972868919372558594e-01
5.057000000000000000e+03,3.116934299468994141e-01
5.619000000000000000e+03,3.468016982078552246e-01
6.181000000000000000e+03,2.110576629638671875e-01
6.743000000000000000e+03,2.819466888904571533e-01
7.305000000000000000e+03,2.372039705514907837e-01
7.867000000000000000e+03,2.808052599430084229e-01
8.429000000000000000e+03,2.685925364494323730e-01
8.991000000000000000e+03,2.799311578273773193e-01
9.553000000000000000e+03,2.339400500059127808e-01
1.011500000000000000e+04,1.782448291778564453e-01
1.067700000000000000e+04,1.169360801577568054e-01
1.123900000000000000e+04,1.389273554086685181e-01
1.180100000000000000e+04,1.987763196229934692e-01
1.236300000000000000e+04,1.925003528594970703e-01
1.292500000000000000e+04,1.883150935173034668e-01
1.348700000000000000e+04,1.356278806924819946e-01
1.404900000000000000e+04,1.495144814252853394e-01
1.461100000000000000e+04,1.654512286186218262e-01
