1.036394596099853516e+00
6.091711521148681641e-01
5.831515192985534668e-01
5.650473833084106445e-01
5.555849671363830566e-01
5.504561662673950195e-01
5.453043580055236816e-01
5.419398546218872070e-01
5.390440821647644043e-01
5.367730259895324707e-01
5.349624156951904297e-01
5.338416695594787598e-01
5.326568484306335449e-01
5.314273238182067871e-01
5.309025049209594727e-01
5.302981138229370117e-01
5.292124748229980469e-01
5.280210375785827637e-01
5.270270705223083496e-01
5.259295105934143066e-01
5.250163674354553223e-01
5.244131088256835938e-01
5.238910317420959473e-01
5.234013199806213379e-01
5.228276252746582031e-01
5.218378901481628418e-01
5.211557745933532715e-01
5.201056599617004395e-01
5.198801159858703613e-01
5.201721787452697754e-01
5.202434659004211426e-01
5.197914242744445801e-01
5.192177891731262207e-01
5.184556245803833008e-01
5.178588032722473145e-01
5.179873108863830566e-01
