1.043159604072570801e+00
6.247650980949401855e-01
5.991874933242797852e-01
5.655899643898010254e-01
5.653300881385803223e-01
5.396569371223449707e-01
5.292882323265075684e-01
5.476837754249572754e-01
5.458649992942810059e-01
5.520114898681640625e-01
5.682556033134460449e-01
5.295040607452392578e-01
5.616323947906494141e-01
5.612418055534362793e-01
5.096020102500915527e-01
5.451653599739074707e-01
5.176175236701965332e-01
5.464585423469543457e-01
5.313383936882019043e-01
5.484079718589782715e-01
5.485147237777709961e-01
5.404543280601501465e-01
5.610318779945373535e-01
5.355245471000671387e-01
5.311837792396545410e-01
5.283139944076538086e-01
5.377534031867980957e-01
5.387006402015686035e-01
5.415396690368652344e-01
5.242112278938293457e-01
5.319845080375671387e-01
5.296223163604736328e-01
5.258728265762329102e-01
5.294944643974304199e-01
5.515999794006347656e-01
5.332562327384948730e-01
