5.989273057996746114e-04,-1.245534394193242248e-03,-3.142147360973515918e-03,-7.316795726325567685e-04,-6.386304711526007150e-04,-9.618094313261649903e-04,-2.828496620389461813e-04,-1.682372913098665809e-03,-2.968735224031117132e-03,-1.146803483453547822e-05
9.999043222828176702e-01,-7.149736904249482652e-04,-2.522975872487789157e-04,1.524479207600138060e-04,1.409240572194449563e-03,-8.493509882474333406e-04,1.797712498958690692e-03,-1.283796944055636425e-03,-2.757921166257607058e-03,1.621974119229215895e-03
9.834403364173954776e-01,9.996566251193238495e-01,3.017418599921519590e-03,2.259129508087953132e-03,2.197544919281517722e-03,2.107533289153069086e-03,2.197292872361916206e-03,4.530166343349026261e-04,-3.386448374595557283e-04,4.231528493376580068e-03
3.144312014908330014e-03,4.054464355703736242e-03,1.018528681088867505e-04,4.750316330715937362e-04,2.363082481749426665e-03,2.458086183618506636e-03,2.105535210311657371e-03,-1.885997186169005655e-04,-4.322218793924177118e-04,2.649057610830459365e-03
1.779372526398220787e-03,6.750903411620329123e-05,-1.159891403601901383e-03,5.739774702135086839e-04,7.764758994929303300e-04,2.498060905961694959e-04,1.682748813181500188e-03,-9.623482435956226457e-04,-1.048382401082230408e-03,1.036140792305036287e-04
1.166869234049947674e-03,-2.779383193142481463e-04,1.142282677036908441e-04,-1.348000550874173557e-03,9.999865439861810312e-01,-8.496906207570232086e-04,2.786274383065515982e-03,-2.169720956250210074e-03,-2.746556613884618310e-03,1.050145533856658040e-03
8.903143293750674907e-04,-1.182385278047170564e-03,-2.649133904328058314e-03,-4.817269774119142920e-04,-6.333523489504974072e-04,-8.265590704346001405e-04,1.492515714531320861e-04,-2.835273956104422764e-03,-2.202624573463721203e-03,-4.700482085741451883e-04
3.760808780535396766e-03,1.920842963084819438e-03,2.377365676731519120e-03,3.257998040410699757e-03,2.201150459155328150e-03,1.364648387059181787e-03,9.941501902251830280e-01,-9.738117156103508068e-05,-2.469006152812379439e-04,2.335808559649263979e-03
1.812319800431345072e-03,3.466731429605644809e-04,-6.446870929903089371e-04,1.203674178788307356e-04,3.138735909621862994e-04,1.436764185352360347e-04,1.256944494730637390e-03,9.999999999598602196e-01,-2.150823176081589905e-03,2.439723332792524419e-03
1.828223744181648076e-03,9.105095934435486894e-05,-1.514312486337083099e-03,3.422411068353941200e-04,-4.563204300336202264e-04,3.949881336563640594e-04,6.003631821092535919e-04,-1.966486172422518032e-03,-1.751177126759185859e-03,1.439917440656538362e-03
