1.000000000000000000e+00,1.386627793312072754e+00
5.610000000000000000e+02,7.355343103408813477e-01
1.123000000000000000e+03,6.476516127586364746e-01
1.685000000000000000e+03,5.100620985031127930e-01
2.247000000000000000e+03,4.516412615776062012e-01
2.809000000000000000e+03,3.781031370162963867e-01
3.371000000000000000e+03,3.453085422515869141e-01
3.933000000000000000e+03,3.808968961238861084e-01
4.495000000000000000e+03,3.304686844348907471e-01
5.057000000000000000e+03,3.185195922851562500e-01
5.619000000000000000e+03,3.537845611572265625e-01
6.181000000000000000e+03,2.604321837425231934e-01
6.743000000000000000e+03,3.048352003097534180e-01
7.305000000000000000e+03,2.357209324836730957e-01
7.867000000000000000e+03,2.030340880155563354e-01
8.429000000000000000e+03,2.653726935386657715e-01
8.991000000000000000e+03,2.158393859863281250e-01
9.553000000000000000e+03,2.728745341300964355e-01
1.011500000000000000e+04,2.731992006301879883e-01
1.067700000000000000e+04,1.638683378696441650e-01
1.123900000000000000e+04,1.543570607900619507e-01
1.180100000000000000e+04,2.459229528903961182e-01
1.236300000000000000e+04,1.858744323253631592e-01
1.292500000000000000e+04,2.202466577291488647e-01
1.348700000000000000e+04,1.857315599918365479e-01
1.404900000000000000e+04,1.793660074472427368e-01
1.461100000000000000e+04,2.003202885389328003e-01
