9.695116877555847168e-01
6.525249481201171875e-01
6.343507766723632812e-01
6.143939495086669922e-01
6.028923392295837402e-01
6.036658883094787598e-01
5.990087985992431641e-01
5.932047367095947266e-01
5.865248441696166992e-01
5.790640711784362793e-01
5.732546448707580566e-01
5.675775408744812012e-01
5.629331469535827637e-01
5.588023066520690918e-01
5.562554597854614258e-01
5.542262792587280273e-01
5.518618226051330566e-01
5.485715270042419434e-01
5.443698763847351074e-01
5.395808219909667969e-01
5.357448458671569824e-01
5.331384539604187012e-01
5.316759943962097168e-01
5.306947827339172363e-01
5.299084186553955078e-01
5.292041897773742676e-01
5.288249254226684570e-01
5.283401608467102051e-01
5.280178785324096680e-01
5.275543332099914551e-01
5.268785953521728516e-01
5.263792872428894043e-01
5.260662436485290527e-01
5.258815884590148926e-01
5.256707668304443359e-01
5.254305601119995117e-01
