9.661631584167480469e-01
6.558417081832885742e-01
6.062055230140686035e-01
5.875893235206604004e-01
5.509702563285827637e-01
5.568372607231140137e-01
5.396581888198852539e-01
5.579172968864440918e-01
5.576548576354980469e-01
5.114170908927917480e-01
5.473659634590148926e-01
5.201483368873596191e-01
5.426130890846252441e-01
5.329368710517883301e-01
5.349814891815185547e-01
5.380761027336120605e-01
5.367646813392639160e-01
5.347299575805664062e-01
5.271819829940795898e-01
5.393312573432922363e-01
5.256435275077819824e-01
5.238912105560302734e-01
5.325096249580383301e-01
5.156763195991516113e-01
5.362458229064941406e-01
5.334324836730957031e-01
5.308467745780944824e-01
5.191441178321838379e-01
5.233482718467712402e-01
5.045002698898315430e-01
5.167154669761657715e-01
5.241542458534240723e-01
5.140364766120910645e-01
5.228090882301330566e-01
5.219617486000061035e-01
5.095950961112976074e-01
