9.733440876007080078e-01
6.572701930999755859e-01
6.125685572624206543e-01
5.844361782073974609e-01
5.649463534355163574e-01
5.588585138320922852e-01
5.609145164489746094e-01
5.635179877281188965e-01
5.632774233818054199e-01
5.596031546592712402e-01
5.536787509918212891e-01
5.475805401802062988e-01
5.437132120132446289e-01
5.410225987434387207e-01
5.389712452888488770e-01
5.374035835266113281e-01
5.360587239265441895e-01
5.347983241081237793e-01
5.330723524093627930e-01
5.320043563842773438e-01
5.310477614402770996e-01
5.305150747299194336e-01
5.298869609832763672e-01
5.295990705490112305e-01
5.294317603111267090e-01
5.293880105018615723e-01
5.292912721633911133e-01
5.292833447456359863e-01
5.291976332664489746e-01
5.290110111236572266e-01
5.289101600646972656e-01
5.288313031196594238e-01
5.286923050880432129e-01
5.284733772277832031e-01
5.288861393928527832e-01
5.289683938026428223e-01
