9.747113585472106934e-01
6.606046557426452637e-01
6.073622703552246094e-01
5.886968374252319336e-01
6.051426529884338379e-01
5.823270082473754883e-01
5.680902004241943359e-01
5.501598715782165527e-01
5.444257855415344238e-01
5.383248329162597656e-01
5.508444309234619141e-01
5.293316245079040527e-01
5.402634739875793457e-01
5.360131859779357910e-01
5.134403109550476074e-01
5.322970151901245117e-01
5.283263325691223145e-01
5.224359631538391113e-01
5.256067514419555664e-01
5.326012969017028809e-01
5.271105170249938965e-01
5.363512039184570312e-01
5.257062315940856934e-01
5.207237601280212402e-01
5.217223167419433594e-01
5.089376568794250488e-01
5.270585417747497559e-01
5.154072642326354980e-01
5.216612219810485840e-01
5.175803303718566895e-01
5.278847217559814453e-01
5.256476998329162598e-01
5.292388200759887695e-01
5.294561982154846191e-01
5.183454155921936035e-01
5.280702710151672363e-01
