9.705536365509033203e-01
6.290624737739562988e-01
6.142246723175048828e-01
6.032134890556335449e-01
5.896226763725280762e-01
5.677291750907897949e-01
5.509256720542907715e-01
5.353883504867553711e-01
5.294293761253356934e-01
5.272533297538757324e-01
5.276748538017272949e-01
5.266411900520324707e-01
5.239498019218444824e-01
5.229031443595886230e-01
5.223144888877868652e-01
5.209736824035644531e-01
5.204176306724548340e-01
5.214920639991760254e-01
5.214989185333251953e-01
5.201660990715026855e-01
5.191488265991210938e-01
5.183848142623901367e-01
5.179477334022521973e-01
5.166826844215393066e-01
5.157017111778259277e-01
5.151190757751464844e-01
5.144353508949279785e-01
5.136334300041198730e-01
5.121353268623352051e-01
5.113340020179748535e-01
5.107731223106384277e-01
5.102206468582153320e-01
5.098993182182312012e-01
5.095118880271911621e-01
5.094581842422485352e-01
5.094888210296630859e-01
