9.781627058982849121e-01
6.398087143898010254e-01
5.664231181144714355e-01
6.049689650535583496e-01
5.641782879829406738e-01
5.781809091567993164e-01
5.445492863655090332e-01
5.289816856384277344e-01
5.528103709220886230e-01
5.289454460144042969e-01
5.423968434333801270e-01
5.181147456169128418e-01
5.189813971519470215e-01
5.356348752975463867e-01
5.302057862281799316e-01
5.548976659774780273e-01
5.291791558265686035e-01
5.233164429664611816e-01
5.092061161994934082e-01
5.335201621055603027e-01
5.363755822181701660e-01
5.214735269546508789e-01
5.276790261268615723e-01
5.226690173149108887e-01
5.258818268775939941e-01
5.313298106193542480e-01
5.231953263282775879e-01
5.118110179901123047e-01
5.175906419754028320e-01
5.104787349700927734e-01
5.022017359733581543e-01
5.263424515724182129e-01
5.108565092086791992e-01
5.265114307403564453e-01
5.099524855613708496e-01
5.231537818908691406e-01
