1.000000000000000000e+00,3.959989070892333984e+00
5.610000000000000000e+02,8.029710054397583008e-01
1.123000000000000000e+03,7.159650921821594238e-01
1.685000000000000000e+03,6.698547601699829102e-01
2.247000000000000000e+03,6.005016565322875977e-01
2.809000000000000000e+03,5.298973321914672852e-01
3.371000000000000000e+03,4.901063144207000732e-01
3.933000000000000000e+03,4.623592793941497803e-01
4.495000000000000000e+03,4.112039506435394287e-01
5.057000000000000000e+03,3.710675239562988281e-01
5.619000000000000000e+03,3.481654524803161621e-01
6.181000000000000000e+03,3.390213251113891602e-01
6.743000000000000000e+03,3.239782750606536865e-01
7.305000000000000000e+03,2.851325869560241699e-01
7.867000000000000000e+03,3.291288018226623535e-01
8.429000000000000000e+03,3.269517123699188232e-01
8.991000000000000000e+03,3.239952325820922852e-01
9.553000000000000000e+03,2.594031989574432373e-01
1.011500000000000000e+04,2.708330154418945312e-01
1.067700000000000000e+04,2.277358025312423706e-01
1.123900000000000000e+04,2.475817799568176270e-01
1.180100000000000000e+04,2.372051775455474854e-01
1.236300000000000000e+04,2.776395082473754883e-01
1.292500000000000000e+04,2.513827979564666748e-01
1.348700000000000000e+04,2.450873851776123047e-01
1.404900000000000000e+04,1.664009541273117065e-01
1.461100000000000000e+04,2.307018190622329712e-01
