1.000000000000000000e+00,4.137771606445312500e+00
5.610000000000000000e+02,8.571566939353942871e-01
1.123000000000000000e+03,7.062044143676757812e-01
1.685000000000000000e+03,6.300835609436035156e-01
2.247000000000000000e+03,5.521993041038513184e-01
2.809000000000000000e+03,5.454677343368530273e-01
3.371000000000000000e+03,4.801642298698425293e-01
3.933000000000000000e+03,4.349456131458282471e-01
4.495000000000000000e+03,4.066094458103179932e-01
5.057000000000000000e+03,2.796459197998046875e-01
5.619000000000000000e+03,2.999728620052337646e-01
6.181000000000000000e+03,2.115421593189239502e-01
6.743000000000000000e+03,2.521489858627319336e-01
7.305000000000000000e+03,1.960113197565078735e-01
7.867000000000000000e+03,2.022227048873901367e-01
8.429000000000000000e+03,1.946076452732086182e-01
8.991000000000000000e+03,1.905164420604705811e-01
9.553000000000000000e+03,1.641794294118881226e-01
1.011500000000000000e+04,1.245803683996200562e-01
1.067700000000000000e+04,1.369761675596237183e-01
1.123900000000000000e+04,1.284238696098327637e-01
1.180100000000000000e+04,1.627484112977981567e-01
1.236300000000000000e+04,1.725591421127319336e-01
1.292500000000000000e+04,1.614010035991668701e-01
1.348700000000000000e+04,1.326600313186645508e-01
1.404900000000000000e+04,8.648944646120071411e-02
1.461100000000000000e+04,1.239991188049316406e-01
