1.000000000000000000e+00,2.085990667343139648e+00
5.610000000000000000e+02,7.283886075019836426e-01
1.123000000000000000e+03,6.388108730316162109e-01
1.685000000000000000e+03,5.340771079063415527e-01
2.247000000000000000e+03,4.746680855751037598e-01
2.809000000000000000e+03,4.269655942916870117e-01
3.371000000000000000e+03,3.668929338455200195e-01
3.933000000000000000e+03,3.631355464458465576e-01
4.495000000000000000e+03,3.614282310009002686e-01
5.057000000000000000e+03,3.044535517692565918e-01
5.619000000000000000e+03,3.696293234825134277e-01
6.181000000000000000e+03,2.958468198776245117e-01
6.743000000000000000e+03,3.059093058109283447e-01
7.305000000000000000e+03,2.758138179779052734e-01
7.867000000000000000e+03,2.626616358757019043e-01
8.429000000000000000e+03,2.473482936620712280e-01
8.991000000000000000e+03,2.447822839021682739e-01
9.553000000000000000e+03,2.381319105625152588e-01
1.011500000000000000e+04,2.645295262336730957e-01
1.067700000000000000e+04,2.345569729804992676e-01
1.123900000000000000e+04,1.863404214382171631e-01
1.180100000000000000e+04,2.463316172361373901e-01
1.236300000000000000e+04,1.963365823030471802e-01
1.292500000000000000e+04,1.739655137062072754e-01
1.348700000000000000e+04,1.523477137088775635e-01
1.404900000000000000e+04,1.442635655403137207e-01
1.461100000000000000e+04,1.805509179830551147e-01
