1.000000000000000000e+00,9.574792981147766113e-01
5.610000000000000000e+02,8.556189388036727905e-02
1.123000000000000000e+03,4.418069124221801758e-02
1.685000000000000000e+03,3.739092126488685608e-02
2.247000000000000000e+03,2.398178912699222565e-02
2.809000000000000000e+03,4.893908277153968811e-02
3.371000000000000000e+03,3.051842562854290009e-02
3.933000000000000000e+03,4.672073945403099060e-02
4.495000000000000000e+03,9.810199029743671417e-03
5.057000000000000000e+03,2.337590791285037994e-03
5.619000000000000000e+03,2.707555331289768219e-02
6.181000000000000000e+03,1.284285262227058411e-02
6.743000000000000000e+03,3.905891254544258118e-02
7.305000000000000000e+03,1.440584007650613785e-02
7.867000000000000000e+03,2.999314339831471443e-03
8.429000000000000000e+03,1.117556635290384293e-02
8.991000000000000000e+03,3.988187294453382492e-03
9.553000000000000000e+03,3.284285962581634521e-02
1.011500000000000000e+04,2.888347953557968140e-03
1.067700000000000000e+04,1.946744509041309357e-02
1.123900000000000000e+04,2.473285980522632599e-02
1.180100000000000000e+04,1.404924405505880713e-04
1.236300000000000000e+04,1.110627874732017517e-02
1.292500000000000000e+04,2.484754472970962524e-02
1.348700000000000000e+04,5.374056752771139145e-03
1.404900000000000000e+04,2.374150045216083527e-02
1.461100000000000000e+04,1.513311755843460560e-03
1.517300000000000000e+04,2.001277171075344086e-02
1.573500000000000000e+04,1.660735346376895905e-03
1.629700000000000000e+04,8.118401281535625458e-03
1.685900000000000000e+04,6.789265316911041737e-04
1.742100000000000000e+04,5.207048263400793076e-03
1.798300000000000000e+04,4.201183095574378967e-03
1.854500000000000000e+04,1.012060884386301041e-02
1.910700000000000000e+04,1.986817829310894012e-02
1.966900000000000000e+04,1.331552048213779926e-04
