1.000000000000000000e+00,5.738790512084960938e+00
5.610000000000000000e+02,8.466800451278686523e-01
1.123000000000000000e+03,7.945829629898071289e-01
1.685000000000000000e+03,7.637758255004882812e-01
2.247000000000000000e+03,7.398441433906555176e-01
2.809000000000000000e+03,5.957041978836059570e-01
3.371000000000000000e+03,5.194478034973144531e-01
3.933000000000000000e+03,5.038123726844787598e-01
4.495000000000000000e+03,4.573817551136016846e-01
5.057000000000000000e+03,4.326223433017730713e-01
5.619000000000000000e+03,4.179391860961914062e-01
6.181000000000000000e+03,3.359714150428771973e-01
6.743000000000000000e+03,3.252569139003753662e-01
7.305000000000000000e+03,3.415364325046539307e-01
7.867000000000000000e+03,3.317784965038299561e-01
8.429000000000000000e+03,2.943069338798522949e-01
8.991000000000000000e+03,3.304622173309326172e-01
9.553000000000000000e+03,2.799617052078247070e-01
1.011500000000000000e+04,2.824587821960449219e-01
1.067700000000000000e+04,2.281094938516616821e-01
1.123900000000000000e+04,2.788805365562438965e-01
1.180100000000000000e+04,2.752635180950164795e-01
1.236300000000000000e+04,2.825979590415954590e-01
1.292500000000000000e+04,2.567713260650634766e-01
1.348700000000000000e+04,2.604350149631500244e-01
1.404900000000000000e+04,2.131279259920120239e-01
1.461100000000000000e+04,2.242103666067123413e-01
