7.632257342338562012e-01
6.294411420822143555e-01
5.534979701042175293e-01
5.441715717315673828e-01
5.436020493507385254e-01
5.440497994422912598e-01
5.433713197708129883e-01
5.419381260871887207e-01
5.396533012390136719e-01
5.371663570404052734e-01
5.340281128883361816e-01
5.315703153610229492e-01
5.306859612464904785e-01
5.298752784729003906e-01
5.294482111930847168e-01
5.295209884643554688e-01
5.296303629875183105e-01
5.286561250686645508e-01
5.285023450851440430e-01
5.282699465751647949e-01
5.272136926651000977e-01
5.265093445777893066e-01
5.249677300453186035e-01
5.244563221931457520e-01
5.243430733680725098e-01
5.244107842445373535e-01
5.236226916313171387e-01
5.221956372261047363e-01
5.207567811012268066e-01
5.191299319267272949e-01
5.186655521392822266e-01
5.181447267532348633e-01
5.175506472587585449e-01
5.167680382728576660e-01
5.156002640724182129e-01
5.143482089042663574e-01
