7.982143759727478027e-01
6.493761539459228516e-01
5.689439773559570312e-01
5.621315240859985352e-01
5.489407181739807129e-01
5.504018664360046387e-01
5.532215237617492676e-01
5.327680706977844238e-01
5.515282154083251953e-01
5.310356616973876953e-01
5.429105162620544434e-01
5.120496153831481934e-01
5.363952517509460449e-01
5.426768064498901367e-01
5.284571647644042969e-01
5.619442462921142578e-01
5.165422558784484863e-01
5.141611695289611816e-01
5.106316804885864258e-01
5.269202589988708496e-01
5.131585597991943359e-01
5.109222531318664551e-01
5.111146569252014160e-01
5.189735293388366699e-01
5.256738066673278809e-01
4.965636432170867920e-01
5.102275013923645020e-01
5.017456412315368652e-01
5.082150101661682129e-01
4.838812351226806641e-01
4.989322423934936523e-01
5.098648071289062500e-01
5.166258215904235840e-01
5.074385404586791992e-01
5.054104328155517578e-01
4.995450675487518311e-01
