1.000000000000000000e+00,1.737937331199645996e+00
5.610000000000000000e+02,7.473735213279724121e-01
1.123000000000000000e+03,6.176583170890808105e-01
1.685000000000000000e+03,5.171511769294738770e-01
2.247000000000000000e+03,4.173426628112792969e-01
2.809000000000000000e+03,3.692705333232879639e-01
3.371000000000000000e+03,3.436297178268432617e-01
3.933000000000000000e+03,3.099905252456665039e-01
4.495000000000000000e+03,3.074610531330108643e-01
5.057000000000000000e+03,2.911690771579742432e-01
5.619000000000000000e+03,3.293148875236511230e-01
6.181000000000000000e+03,2.429448813199996948e-01
6.743000000000000000e+03,2.517775297164916992e-01
7.305000000000000000e+03,2.418051213026046753e-01
7.867000000000000000e+03,2.736494243144989014e-01
8.429000000000000000e+03,2.456411868333816528e-01
8.991000000000000000e+03,2.643449902534484863e-01
9.553000000000000000e+03,2.523148953914642334e-01
1.011500000000000000e+04,2.285013049840927124e-01
1.067700000000000000e+04,1.660692989826202393e-01
1.123900000000000000e+04,1.772995889186859131e-01
1.180100000000000000e+04,2.627425193786621094e-01
1.236300000000000000e+04,2.106932997703552246e-01
1.292500000000000000e+04,1.939706653356552124e-01
1.348700000000000000e+04,1.577034592628479004e-01
1.404900000000000000e+04,1.476636230945587158e-01
1.461100000000000000e+04,1.786300092935562134e-01
