8.008746147155761719e+00
8.403611779212951660e-01
5.445858240127563477e-01
3.226622641086578369e-01
2.855528593063354492e-01
2.619823515415191650e-01
2.298805117607116699e-01
1.976393461227416992e-01
1.706213206052780151e-01
1.493333727121353149e-01
1.311949342489242554e-01
1.213278546929359436e-01
1.213550567626953125e-01
1.172573342919349670e-01
1.137150749564170837e-01
1.140598654747009277e-01
1.134099364280700684e-01
1.144254282116889954e-01
1.123728975653648376e-01
1.134002730250358582e-01
1.135535165667533875e-01
1.139504089951515198e-01
1.136122941970825195e-01
1.060265675187110901e-01
1.044959947466850281e-01
1.023255363106727600e-01
1.011798381805419922e-01
1.016641333699226379e-01
9.764063358306884766e-02
9.771212190389633179e-02
9.476766735315322876e-02
9.259118884801864624e-02
9.328062087297439575e-02
9.475824236869812012e-02
9.676263481378555298e-02
9.060931950807571411e-02
