8.190730094909667969e+00
8.439190983772277832e-01
5.018770098686218262e-01
3.754566013813018799e-01
3.321228027343750000e-01
2.064397335052490234e-01
1.821024864912033081e-01
2.086208462715148926e-01
1.440241187810897827e-01
1.104069128632545471e-01
1.619894355535507202e-01
1.122937127947807312e-01
1.314424872398376465e-01
7.895183563232421875e-02
1.017143353819847107e-01
8.303756266832351685e-02
9.262973815202713013e-02
8.128329366445541382e-02
5.837894603610038757e-02
6.786049157381057739e-02
8.716687560081481934e-02
9.955599159002304077e-02
1.091956123709678650e-01
7.447826862335205078e-02
8.845648914575576782e-02
8.111682534217834473e-02
6.974516063928604126e-02
9.157247096300125122e-02
8.888313919305801392e-02
8.420854061841964722e-02
8.788055181503295898e-02
6.156520545482635498e-02
9.238147735595703125e-02
9.882251173257827759e-02
5.046643316745758057e-02
9.088093042373657227e-02
