1.000000000000000000e+00,1.001506447792053223e+00
5.610000000000000000e+02,2.583889663219451904e-01
1.123000000000000000e+03,2.382360249757766724e-01
1.685000000000000000e+03,2.032695561647415161e-01
2.247000000000000000e+03,1.601698845624923706e-01
2.809000000000000000e+03,1.552877277135848999e-01
3.371000000000000000e+03,1.738783270120620728e-01
3.933000000000000000e+03,1.980156153440475464e-01
4.495000000000000000e+03,1.502649337053298950e-01
5.057000000000000000e+03,1.297502666711807251e-01
5.619000000000000000e+03,1.612444370985031128e-01
6.181000000000000000e+03,1.208915412425994873e-01
6.743000000000000000e+03,1.350045949220657349e-01
7.305000000000000000e+03,1.668720990419387817e-01
7.867000000000000000e+03,1.107444092631340027e-01
8.429000000000000000e+03,1.538217514753341675e-01
8.991000000000000000e+03,1.350063085556030273e-01
9.553000000000000000e+03,1.529079973697662354e-01
1.011500000000000000e+04,1.060960218310356140e-01
1.067700000000000000e+04,1.179813221096992493e-01
1.123900000000000000e+04,1.647122353315353394e-01
1.180100000000000000e+04,1.083679124712944031e-01
1.236300000000000000e+04,1.207690909504890442e-01
1.292500000000000000e+04,1.547630280256271362e-01
1.348700000000000000e+04,1.387425214052200317e-01
1.404900000000000000e+04,1.479412466287612915e-01
1.461100000000000000e+04,1.063269004225730896e-01
1.517300000000000000e+04,1.264147311449050903e-01
1.573500000000000000e+04,1.087336465716362000e-01
1.629700000000000000e+04,1.033707782626152039e-01
1.685900000000000000e+04,1.004630327224731445e-01
1.742100000000000000e+04,1.076123714447021484e-01
1.798300000000000000e+04,1.063737347722053528e-01
1.854500000000000000e+04,1.118173599243164062e-01
1.910700000000000000e+04,8.103621751070022583e-02
1.966900000000000000e+04,1.509020924568176270e-01
