1.000000000000000000e+00,1.515965700149536133e+00
5.610000000000000000e+02,7.208985686302185059e-01
1.123000000000000000e+03,6.595882177352905273e-01
1.685000000000000000e+03,5.265003442764282227e-01
2.247000000000000000e+03,4.940865039825439453e-01
2.809000000000000000e+03,4.202708601951599121e-01
3.371000000000000000e+03,4.371789693832397461e-01
3.933000000000000000e+03,4.016219079494476318e-01
4.495000000000000000e+03,3.504988253116607666e-01
5.057000000000000000e+03,3.400040268898010254e-01
5.619000000000000000e+03,3.633879125118255615e-01
6.181000000000000000e+03,3.096634447574615479e-01
6.743000000000000000e+03,3.200984895229339600e-01
7.305000000000000000e+03,3.231142163276672363e-01
7.867000000000000000e+03,3.224578201770782471e-01
8.429000000000000000e+03,3.135986924171447754e-01
8.991000000000000000e+03,3.370726108551025391e-01
9.553000000000000000e+03,2.555144131183624268e-01
1.011500000000000000e+04,2.663174569606781006e-01
1.067700000000000000e+04,2.862669229507446289e-01
1.123900000000000000e+04,2.276233285665512085e-01
1.180100000000000000e+04,3.044047057628631592e-01
1.236300000000000000e+04,2.819076776504516602e-01
1.292500000000000000e+04,2.605051994323730469e-01
1.348700000000000000e+04,2.244208008050918579e-01
1.404900000000000000e+04,1.915166079998016357e-01
1.461100000000000000e+04,2.393496185541152954e-01
