1.000000000000000000e+00,9.229589104652404785e-01
5.610000000000000000e+02,1.042389944195747375e-01
1.123000000000000000e+03,5.644956603646278381e-02
1.685000000000000000e+03,5.059966072440147400e-02
2.247000000000000000e+03,5.296000838279724121e-02
2.809000000000000000e+03,8.465868234634399414e-02
3.371000000000000000e+03,4.980446398258209229e-02
3.933000000000000000e+03,7.920354604721069336e-02
4.495000000000000000e+03,4.889230802655220032e-02
5.057000000000000000e+03,5.702201277017593384e-03
5.619000000000000000e+03,7.909896224737167358e-02
6.181000000000000000e+03,3.657931834459304810e-02
6.743000000000000000e+03,7.283938676118850708e-02
7.305000000000000000e+03,5.350710079073905945e-02
7.867000000000000000e+03,3.388906270265579224e-02
8.429000000000000000e+03,3.664426878094673157e-02
8.991000000000000000e+03,4.025817289948463440e-02
9.553000000000000000e+03,8.309578895568847656e-02
1.011500000000000000e+04,3.336578840389847755e-03
1.067700000000000000e+04,3.649878501892089844e-02
1.123900000000000000e+04,4.394792392849922180e-02
1.180100000000000000e+04,1.063068117946386337e-02
1.236300000000000000e+04,1.881471090018749237e-02
1.292500000000000000e+04,5.419831350445747375e-02
1.348700000000000000e+04,1.837519370019435883e-02
1.404900000000000000e+04,5.806653201580047607e-02
1.461100000000000000e+04,8.850046433508396149e-03
1.517300000000000000e+04,1.807250827550888062e-02
1.573500000000000000e+04,5.874698515981435776e-03
1.629700000000000000e+04,2.937907725572586060e-02
1.685900000000000000e+04,1.670648716390132904e-02
1.742100000000000000e+04,3.266565874218940735e-02
1.798300000000000000e+04,3.931073471903800964e-02
1.854500000000000000e+04,1.281708478927612305e-02
1.910700000000000000e+04,1.015932392328977585e-02
1.966900000000000000e+04,2.702737413346767426e-02
