1.000000000000000000e+00,9.721665978431701660e-01
5.610000000000000000e+02,9.940429776906967163e-02
1.123000000000000000e+03,6.326648592948913574e-02
1.685000000000000000e+03,6.807162612676620483e-02
2.247000000000000000e+03,6.697370111942291260e-02
2.809000000000000000e+03,7.282683998346328735e-02
3.371000000000000000e+03,5.687047913670539856e-02
3.933000000000000000e+03,7.455530017614364624e-02
4.495000000000000000e+03,4.258377850055694580e-02
5.057000000000000000e+03,8.488535881042480469e-03
5.619000000000000000e+03,7.273723930120468140e-02
6.181000000000000000e+03,4.892726242542266846e-02
6.743000000000000000e+03,7.162251323461532593e-02
7.305000000000000000e+03,4.714630916714668274e-02
7.867000000000000000e+03,3.176664188504219055e-02
8.429000000000000000e+03,4.749548435211181641e-02
8.991000000000000000e+03,6.729320436716079712e-02
9.553000000000000000e+03,9.766265004873275757e-02
1.011500000000000000e+04,5.419347435235977173e-03
1.067700000000000000e+04,4.512751102447509766e-02
1.123900000000000000e+04,7.422511279582977295e-02
1.180100000000000000e+04,1.765990443527698517e-02
1.236300000000000000e+04,1.401866879314184189e-02
1.292500000000000000e+04,4.002501443028450012e-02
1.348700000000000000e+04,7.692387700080871582e-02
1.404900000000000000e+04,4.892756417393684387e-02
1.461100000000000000e+04,1.345123816281557083e-02
1.517300000000000000e+04,4.077144712209701538e-02
1.573500000000000000e+04,1.520850230008363724e-02
1.629700000000000000e+04,2.308539114892482758e-02
1.685900000000000000e+04,2.875541709363460541e-02
1.742100000000000000e+04,1.926675252616405487e-02
1.798300000000000000e+04,2.868833951652050018e-02
1.854500000000000000e+04,2.488575316965579987e-02
1.910700000000000000e+04,1.138994749635457993e-02
1.966900000000000000e+04,1.200668420642614365e-02
