1.000000000000000000e+00,8.932887911796569824e-01
5.610000000000000000e+02,1.074050068855285645e-01
1.123000000000000000e+03,6.101718172430992126e-02
1.685000000000000000e+03,4.560666158795356750e-02
2.247000000000000000e+03,3.724812343716621399e-02
2.809000000000000000e+03,5.883000791072845459e-02
3.371000000000000000e+03,3.302532061934471130e-02
3.933000000000000000e+03,5.087479576468467712e-02
4.495000000000000000e+03,2.207406423985958099e-02
5.057000000000000000e+03,4.318001214414834976e-03
5.619000000000000000e+03,2.772879041731357574e-02
6.181000000000000000e+03,2.148881740868091583e-02
6.743000000000000000e+03,3.871753439307212830e-02
7.305000000000000000e+03,1.841888763010501862e-02
7.867000000000000000e+03,1.019057352095842361e-02
8.429000000000000000e+03,1.085778605192899704e-02
8.991000000000000000e+03,1.648902893066406250e-02
9.553000000000000000e+03,3.985020890831947327e-02
1.011500000000000000e+04,2.372705610468983650e-03
1.067700000000000000e+04,1.960806362330913544e-02
1.123900000000000000e+04,2.573136240243911743e-02
1.180100000000000000e+04,1.019592047668993473e-03
1.236300000000000000e+04,1.408530981279909611e-03
1.292500000000000000e+04,2.951261214911937714e-02
1.348700000000000000e+04,1.922219246625900269e-02
1.404900000000000000e+04,2.706227637827396393e-02
1.461100000000000000e+04,6.322072353214025497e-03
1.517300000000000000e+04,3.000365942716598511e-02
1.573500000000000000e+04,1.740582473576068878e-02
1.629700000000000000e+04,1.259174197912216187e-02
1.685900000000000000e+04,1.447316166013479233e-02
1.742100000000000000e+04,1.567523367702960968e-02
1.798300000000000000e+04,1.244467776268720627e-02
1.854500000000000000e+04,4.997170181013643742e-04
1.910700000000000000e+04,3.403423121199011803e-03
1.966900000000000000e+04,6.837919354438781738e-04
