9.470272660255432129e-01
5.957064628601074219e-01
5.874763727188110352e-01
5.769174695014953613e-01
5.728600025177001953e-01
5.714466571807861328e-01
5.730425119400024414e-01
5.752847790718078613e-01
5.776351690292358398e-01
5.764750838279724121e-01
5.768815875053405762e-01
5.762736797332763672e-01
5.749743580818176270e-01
5.750338435173034668e-01
5.726483464241027832e-01
5.717679858207702637e-01
5.726113319396972656e-01
5.714264512062072754e-01
5.697708725929260254e-01
5.706035494804382324e-01
5.696962475776672363e-01
5.694160461425781250e-01
5.671680569648742676e-01
5.668741464614868164e-01
5.660681128501892090e-01
5.665951967239379883e-01
5.651143193244934082e-01
5.644841194152832031e-01
5.642275810241699219e-01
5.632700324058532715e-01
5.630525350570678711e-01
5.624759793281555176e-01
5.625159740447998047e-01
5.627369284629821777e-01
5.628556013107299805e-01
5.628281235694885254e-01
