9.635594487190246582e-01
6.261547803878784180e-01
5.965742468833923340e-01
5.815748572349548340e-01
5.624665021896362305e-01
5.647863745689392090e-01
5.314580798149108887e-01
5.772556662559509277e-01
5.640555620193481445e-01
5.283502936363220215e-01
5.535820126533508301e-01
5.571984648704528809e-01
5.516508221626281738e-01
5.399618744850158691e-01
5.490577816963195801e-01
5.666284561157226562e-01
5.587578415870666504e-01
5.616732239723205566e-01
5.209501385688781738e-01
5.404760241508483887e-01
5.623273253440856934e-01
5.363515019416809082e-01
5.162132978439331055e-01
5.455861687660217285e-01
5.544731020927429199e-01
5.181254744529724121e-01
5.421144366264343262e-01
5.330843329429626465e-01
5.320665240287780762e-01
5.108997225761413574e-01
5.283629894256591797e-01
5.399515628814697266e-01
5.404492616653442383e-01
5.602957606315612793e-01
5.292450785636901855e-01
5.214766263961791992e-01
