9.672551751136779785e-01
1.711457222700119019e-01
9.701711684465408325e-02
8.170246332883834839e-02
7.663468271493911743e-02
7.335685193538665771e-02
7.115519791841506958e-02
6.938389688730239868e-02
6.771466135978698730e-02
6.598579138517379761e-02
6.467171013355255127e-02
6.534367054700851440e-02
6.377689540386199951e-02
6.182420626282691956e-02
6.104920431971549988e-02
6.093151494860649109e-02
6.074334681034088135e-02
6.008057668805122375e-02
5.597714707255363464e-02
5.012471601366996765e-02
4.716187715530395508e-02
4.365121200680732727e-02
3.858391568064689636e-02
3.611453995108604431e-02
3.631243482232093811e-02
3.621519356966018677e-02
3.816447779536247253e-02
