9.793075919151306152e-01
2.109800428152084351e-01
1.024472713470458984e-01
1.122465357184410095e-01
1.299878507852554321e-01
8.999479562044143677e-02
5.409489572048187256e-02
9.715297818183898926e-02
8.479205518960952759e-02
8.445212990045547485e-02
3.446060419082641602e-02
5.502088740468025208e-02
7.316945493221282959e-02
7.315651327371597290e-02
4.386378824710845947e-02
7.231738418340682983e-02
4.761497303843498230e-02
8.114171773195266724e-02
2.924382500350475311e-02
9.789317846298217773e-02
5.090499296784400940e-02
7.112472504377365112e-02
6.884712725877761841e-02
6.513708084821701050e-02
3.783051297068595886e-02
6.860534846782684326e-02
5.360607802867889404e-02
