1.000000000000000000e+00,1.750343561172485352e+00
5.610000000000000000e+02,7.259832620620727539e-01
1.123000000000000000e+03,6.119586229324340820e-01
1.685000000000000000e+03,5.086118578910827637e-01
2.247000000000000000e+03,3.767258822917938232e-01
2.809000000000000000e+03,3.362611234188079834e-01
3.371000000000000000e+03,3.362275958061218262e-01
3.933000000000000000e+03,2.529477477073669434e-01
4.495000000000000000e+03,2.527619898319244385e-01
5.057000000000000000e+03,1.909349560737609863e-01
5.619000000000000000e+03,2.275576144456863403e-01
6.181000000000000000e+03,1.968632489442825317e-01
6.743000000000000000e+03,2.070107012987136841e-01
7.305000000000000000e+03,1.613553166389465332e-01
7.867000000000000000e+03,1.234400868415832520e-01
8.429000000000000000e+03,1.841932833194732666e-01
8.991000000000000000e+03,1.752740740776062012e-01
9.553000000000000000e+03,1.357397884130477905e-01
1.011500000000000000e+04,1.448252499103546143e-01
1.067700000000000000e+04,1.087329685688018799e-01
1.123900000000000000e+04,1.249880343675613403e-01
1.180100000000000000e+04,1.992562711238861084e-01
1.236300000000000000e+04,1.376063078641891479e-01
1.292500000000000000e+04,1.335435807704925537e-01
1.348700000000000000e+04,7.091440260410308838e-02
1.404900000000000000e+04,8.699021488428115845e-02
1.461100000000000000e+04,1.466842740774154663e-01
