1.000000000000000000e+00,1.732856988906860352e+00
5.610000000000000000e+02,7.504494190216064453e-01
1.123000000000000000e+03,6.253945827484130859e-01
1.685000000000000000e+03,5.453051328659057617e-01
2.247000000000000000e+03,4.948071539402008057e-01
2.809000000000000000e+03,4.408257007598876953e-01
3.371000000000000000e+03,4.285817146301269531e-01
3.933000000000000000e+03,3.472617864608764648e-01
4.495000000000000000e+03,3.367247283458709717e-01
5.057000000000000000e+03,3.035705983638763428e-01
5.619000000000000000e+03,2.906718254089355469e-01
6.181000000000000000e+03,2.774363458156585693e-01
6.743000000000000000e+03,2.596960961818695068e-01
7.305000000000000000e+03,2.364507466554641724e-01
7.867000000000000000e+03,2.618923783302307129e-01
8.429000000000000000e+03,2.565964162349700928e-01
8.991000000000000000e+03,2.525665462017059326e-01
9.553000000000000000e+03,2.337468862533569336e-01
1.011500000000000000e+04,1.902693212032318115e-01
1.067700000000000000e+04,1.479763835668563843e-01
1.123900000000000000e+04,1.841568052768707275e-01
1.180100000000000000e+04,2.187919765710830688e-01
1.236300000000000000e+04,1.961662173271179199e-01
1.292500000000000000e+04,1.737228780984878540e-01
1.348700000000000000e+04,1.868253052234649658e-01
1.404900000000000000e+04,1.327283233404159546e-01
1.461100000000000000e+04,1.976989060640335083e-01
