1.000000000000000000e+00,1.073244690895080566e+00
5.610000000000000000e+02,9.249810129404067993e-02
1.123000000000000000e+03,5.581297352910041809e-02
1.685000000000000000e+03,5.222069099545478821e-02
2.247000000000000000e+03,3.971089795231819153e-02
2.809000000000000000e+03,5.858268961310386658e-02
3.371000000000000000e+03,5.130268633365631104e-02
3.933000000000000000e+03,5.700533464550971985e-02
4.495000000000000000e+03,2.361263334751129150e-02
5.057000000000000000e+03,7.798091974109411240e-03
5.619000000000000000e+03,3.680487349629402161e-02
6.181000000000000000e+03,2.641323767602443695e-02
6.743000000000000000e+03,4.114073887467384338e-02
7.305000000000000000e+03,2.541232667863368988e-02
7.867000000000000000e+03,1.922946237027645111e-02
8.429000000000000000e+03,1.324738189578056335e-02
8.991000000000000000e+03,2.859167940914630890e-02
9.553000000000000000e+03,6.544749438762664795e-02
1.011500000000000000e+04,1.224293373525142670e-03
1.067700000000000000e+04,2.371102757751941681e-02
1.123900000000000000e+04,3.505785018205642700e-02
1.180100000000000000e+04,1.842904021032154560e-03
1.236300000000000000e+04,1.033803168684244156e-02
1.292500000000000000e+04,2.885051630437374115e-02
1.348700000000000000e+04,2.796435914933681488e-02
1.404900000000000000e+04,2.490436471998691559e-02
1.461100000000000000e+04,3.957128617912530899e-03
1.517300000000000000e+04,1.347909495234489441e-02
1.573500000000000000e+04,3.239357098937034607e-02
1.629700000000000000e+04,1.665076799690723419e-02
1.685900000000000000e+04,9.890455752611160278e-03
1.742100000000000000e+04,2.354563772678375244e-02
1.798300000000000000e+04,1.172011066228151321e-02
1.854500000000000000e+04,1.471390598453581333e-03
1.910700000000000000e+04,5.513686221092939377e-03
1.966900000000000000e+04,4.551927093416452408e-03
