1.000000000000000000e+00,8.546804785728454590e-01
5.610000000000000000e+02,8.113408833742141724e-02
1.123000000000000000e+03,7.236772775650024414e-02
1.685000000000000000e+03,4.649891331791877747e-02
2.247000000000000000e+03,3.799942508339881897e-02
2.809000000000000000e+03,6.867018342018127441e-02
3.371000000000000000e+03,4.767299070954322815e-02
3.933000000000000000e+03,5.331763997673988342e-02
4.495000000000000000e+03,3.343189880251884460e-02
5.057000000000000000e+03,6.092430558055639267e-03
5.619000000000000000e+03,6.324568390846252441e-02
6.181000000000000000e+03,3.822194039821624756e-02
6.743000000000000000e+03,5.532053112983703613e-02
7.305000000000000000e+03,4.913831874728202820e-02
7.867000000000000000e+03,1.335861440747976303e-02
8.429000000000000000e+03,1.704974472522735596e-02
8.991000000000000000e+03,3.438079729676246643e-02
9.553000000000000000e+03,7.127142697572708130e-02
1.011500000000000000e+04,1.631247461773455143e-03
1.067700000000000000e+04,3.654151037335395813e-02
1.123900000000000000e+04,2.421884424984455109e-02
1.180100000000000000e+04,2.866641851142048836e-03
1.236300000000000000e+04,3.009347943589091301e-03
1.292500000000000000e+04,3.847073018550872803e-02
1.348700000000000000e+04,2.794153429567813873e-02
1.404900000000000000e+04,2.898336201906204224e-02
1.461100000000000000e+04,3.857874078676104546e-03
1.517300000000000000e+04,2.169954776763916016e-02
1.573500000000000000e+04,2.032992988824844360e-02
1.629700000000000000e+04,2.267639152705669403e-02
1.685900000000000000e+04,1.864352612756192684e-03
1.742100000000000000e+04,2.163310348987579346e-02
1.798300000000000000e+04,1.303302776068449020e-02
1.854500000000000000e+04,3.255938878282904625e-03
1.910700000000000000e+04,1.231279969215393066e-02
1.966900000000000000e+04,2.324189292266964912e-03
