1.000000000000000000e+00,2.842015743255615234e+00
5.610000000000000000e+02,7.410801649093627930e-01
1.123000000000000000e+03,6.900267004966735840e-01
1.685000000000000000e+03,5.564098954200744629e-01
2.247000000000000000e+03,5.210624337196350098e-01
2.809000000000000000e+03,4.702300429344177246e-01
3.371000000000000000e+03,4.576224684715270996e-01
3.933000000000000000e+03,4.124106466770172119e-01
4.495000000000000000e+03,3.745568990707397461e-01
5.057000000000000000e+03,3.554283380508422852e-01
5.619000000000000000e+03,3.617230057716369629e-01
6.181000000000000000e+03,3.192573487758636475e-01
6.743000000000000000e+03,3.034597337245941162e-01
7.305000000000000000e+03,2.613196671009063721e-01
7.867000000000000000e+03,2.804816961288452148e-01
8.429000000000000000e+03,2.250476777553558350e-01
8.991000000000000000e+03,2.676065564155578613e-01
9.553000000000000000e+03,2.750787138938903809e-01
1.011500000000000000e+04,2.257666885852813721e-01
1.067700000000000000e+04,1.696658581495285034e-01
1.123900000000000000e+04,1.984731554985046387e-01
1.180100000000000000e+04,2.359657585620880127e-01
1.236300000000000000e+04,2.182921767234802246e-01
1.292500000000000000e+04,1.951574087142944336e-01
1.348700000000000000e+04,1.643190085887908936e-01
1.404900000000000000e+04,1.299552917480468750e-01
1.461100000000000000e+04,1.889716535806655884e-01
