1.013408303260803223e+00
6.831908226013183594e-01
6.246184706687927246e-01
5.821223258972167969e-01
5.734406113624572754e-01
5.689472556114196777e-01
5.659639239311218262e-01
5.619667768478393555e-01
5.571377873420715332e-01
5.497309565544128418e-01
5.426151752471923828e-01
5.369551777839660645e-01
5.326588153839111328e-01
5.286464095115661621e-01
5.245616436004638672e-01
5.218452811241149902e-01
5.196635723114013672e-01
5.174420475959777832e-01
5.164858102798461914e-01
5.158168077468872070e-01
5.146719813346862793e-01
5.129782557487487793e-01
5.116291642189025879e-01
5.103966593742370605e-01
5.094347596168518066e-01
5.086646080017089844e-01
5.087770819664001465e-01
5.082620978355407715e-01
5.079314708709716797e-01
5.075790286064147949e-01
5.070244669914245605e-01
5.072209835052490234e-01
5.070589780807495117e-01
5.072809457778930664e-01
5.074967741966247559e-01
5.071328878402709961e-01
