1.015238046646118164e+00
6.639639139175415039e-01
6.142702698707580566e-01
5.620170235633850098e-01
5.738421082496643066e-01
5.769198536872863770e-01
5.782912969589233398e-01
5.328394770622253418e-01
5.578456521034240723e-01
5.638284683227539062e-01
5.628583431243896484e-01
5.442029833793640137e-01
5.543640851974487305e-01
5.345143675804138184e-01
5.540624260902404785e-01
5.454666018486022949e-01
5.379096865653991699e-01
5.274997353553771973e-01
5.483536720275878906e-01
5.399782061576843262e-01
5.485202074050903320e-01
5.414564609527587891e-01
5.374792218208312988e-01
5.158487558364868164e-01
5.591216683387756348e-01
5.245709419250488281e-01
5.460835099220275879e-01
5.305448770523071289e-01
5.217362046241760254e-01
5.267885327339172363e-01
5.292646884918212891e-01
5.349256396293640137e-01
5.341270565986633301e-01
5.508155226707458496e-01
5.258186459541320801e-01
5.379037857055664062e-01
