1.000000000000000000e+00,9.981250166893005371e-01
5.610000000000000000e+02,9.769152849912643433e-02
1.123000000000000000e+03,7.093540579080581665e-02
1.685000000000000000e+03,5.821787938475608826e-02
2.247000000000000000e+03,5.716079846024513245e-02
2.809000000000000000e+03,1.022250279784202576e-01
3.371000000000000000e+03,5.400970950722694397e-02
3.933000000000000000e+03,8.750992268323898315e-02
4.495000000000000000e+03,7.191767543554306030e-02
5.057000000000000000e+03,1.644120551645755768e-02
5.619000000000000000e+03,8.300557732582092285e-02
6.181000000000000000e+03,4.754263535141944885e-02
6.743000000000000000e+03,6.875603646039962769e-02
7.305000000000000000e+03,7.206539064645767212e-02
7.867000000000000000e+03,3.102657385170459747e-02
8.429000000000000000e+03,4.484567418694496155e-02
8.991000000000000000e+03,5.508349463343620300e-02
9.553000000000000000e+03,8.909544348716735840e-02
1.011500000000000000e+04,2.207613317295908928e-03
1.067700000000000000e+04,6.532865017652511597e-02
1.123900000000000000e+04,7.148296386003494263e-02
1.180100000000000000e+04,3.175459802150726318e-02
1.236300000000000000e+04,6.884014699608087540e-03
1.292500000000000000e+04,2.405597083270549774e-02
1.348700000000000000e+04,7.122881710529327393e-02
1.404900000000000000e+04,5.967262759804725647e-02
1.461100000000000000e+04,1.672629453241825104e-02
1.517300000000000000e+04,4.366875067353248596e-02
1.573500000000000000e+04,3.651949763298034668e-02
1.629700000000000000e+04,2.124606631696224213e-02
1.685900000000000000e+04,3.258176520466804504e-02
1.742100000000000000e+04,1.021840516477823257e-02
1.798300000000000000e+04,2.237418293952941895e-02
1.854500000000000000e+04,1.406849827617406845e-02
1.910700000000000000e+04,1.552628632634878159e-02
1.966900000000000000e+04,6.331486627459526062e-03
