1.000000000000000000e+00,2.752794265747070312e+00
1.124000000000000000e+03,5.195116400718688965e-01
2.249000000000000000e+03,3.271898031234741211e-01
3.374000000000000000e+03,2.791624367237091064e-01
4.499000000000000000e+03,2.000538408756256104e-01
5.624000000000000000e+03,1.828809082508087158e-01
6.749000000000000000e+03,1.047907173633575439e-01
7.874000000000000000e+03,9.940899163484573364e-02
8.999000000000000000e+03,1.309070736169815063e-01
1.012400000000000000e+04,8.826070278882980347e-02
1.124900000000000000e+04,1.573339402675628662e-01
1.237400000000000000e+04,1.168847754597663879e-01
1.349900000000000000e+04,7.979507744312286377e-02
1.462400000000000000e+04,7.649417966604232788e-02
1.574900000000000000e+04,1.126776337623596191e-01
1.687400000000000000e+04,9.789627790451049805e-02
1.799900000000000000e+04,8.481494337320327759e-02
1.912400000000000000e+04,8.807600289583206177e-02
