1.000000000000000000e+00,1.016997456550598145e+00
5.610000000000000000e+02,2.586919963359832764e-01
1.123000000000000000e+03,2.715037167072296143e-01
1.685000000000000000e+03,1.278746128082275391e-01
2.247000000000000000e+03,7.026224583387374878e-02
2.809000000000000000e+03,8.512637764215469360e-02
3.371000000000000000e+03,6.398715078830718994e-02
3.933000000000000000e+03,8.341141790151596069e-02
4.495000000000000000e+03,6.226718425750732422e-02
5.057000000000000000e+03,1.003871392458677292e-02
5.619000000000000000e+03,7.977063208818435669e-02
6.181000000000000000e+03,5.097848549485206604e-02
6.743000000000000000e+03,8.470624685287475586e-02
7.305000000000000000e+03,7.352572679519653320e-02
7.867000000000000000e+03,4.000023752450942993e-02
8.429000000000000000e+03,4.621933400630950928e-02
8.991000000000000000e+03,6.854230910539627075e-02
9.553000000000000000e+03,9.670896083116531372e-02
1.011500000000000000e+04,8.960667997598648071e-03
1.067700000000000000e+04,5.696678161621093750e-02
1.123900000000000000e+04,8.156026899814605713e-02
1.180100000000000000e+04,2.297375537455081940e-02
1.236300000000000000e+04,1.544538512825965881e-02
1.292500000000000000e+04,5.638508126139640808e-02
1.348700000000000000e+04,7.360734045505523682e-02
1.404900000000000000e+04,8.829635381698608398e-02
1.461100000000000000e+04,2.779707126319408417e-02
1.517300000000000000e+04,5.705904960632324219e-02
1.573500000000000000e+04,5.421764776110649109e-02
1.629700000000000000e+04,4.691731929779052734e-02
1.685900000000000000e+04,3.768883645534515381e-02
1.742100000000000000e+04,4.453145340085029602e-02
1.798300000000000000e+04,4.238592460751533508e-02
1.854500000000000000e+04,3.474119678139686584e-02
1.910700000000000000e+04,1.801392249763011932e-02
1.966900000000000000e+04,4.087620601058006287e-02
