1.000000000000000000e+00,4.486616611480712891e+00
5.610000000000000000e+02,8.018537759780883789e-01
1.123000000000000000e+03,7.211970090866088867e-01
1.685000000000000000e+03,6.352878212928771973e-01
2.247000000000000000e+03,5.628505945205688477e-01
2.809000000000000000e+03,4.756305813789367676e-01
3.371000000000000000e+03,4.438414275646209717e-01
3.933000000000000000e+03,3.864768743515014648e-01
4.495000000000000000e+03,3.396891057491302490e-01
5.057000000000000000e+03,3.049882352352142334e-01
5.619000000000000000e+03,2.950959205627441406e-01
6.181000000000000000e+03,2.766653299331665039e-01
6.743000000000000000e+03,2.736361920833587646e-01
7.305000000000000000e+03,2.341094166040420532e-01
7.867000000000000000e+03,2.312110662460327148e-01
8.429000000000000000e+03,2.102181017398834229e-01
8.991000000000000000e+03,2.442408204078674316e-01
9.553000000000000000e+03,1.980569213628768921e-01
1.011500000000000000e+04,1.634230464696884155e-01
1.067700000000000000e+04,1.176028773188591003e-01
1.123900000000000000e+04,1.429370939731597900e-01
1.180100000000000000e+04,1.881690323352813721e-01
1.236300000000000000e+04,1.411362886428833008e-01
1.292500000000000000e+04,1.578898131847381592e-01
1.348700000000000000e+04,1.317230910062789917e-01
1.404900000000000000e+04,1.122582852840423584e-01
1.461100000000000000e+04,1.635038107633590698e-01
