1.000000000000000000e+00,1.010497570037841797e+00
5.610000000000000000e+02,9.386789798736572266e-02
1.123000000000000000e+03,6.424774974584579468e-02
1.685000000000000000e+03,5.449593439698219299e-02
2.247000000000000000e+03,5.823878571391105652e-02
2.809000000000000000e+03,8.999887853860855103e-02
3.371000000000000000e+03,5.713801458477973938e-02
3.933000000000000000e+03,8.860289305448532104e-02
4.495000000000000000e+03,6.301914155483245850e-02
5.057000000000000000e+03,6.362380925565958023e-03
5.619000000000000000e+03,8.132610470056533813e-02
6.181000000000000000e+03,4.290270805358886719e-02
6.743000000000000000e+03,6.459635496139526367e-02
7.305000000000000000e+03,5.394959077239036560e-02
7.867000000000000000e+03,3.618616238236427307e-02
8.429000000000000000e+03,3.968415036797523499e-02
8.991000000000000000e+03,5.339558422565460205e-02
9.553000000000000000e+03,1.068282425403594971e-01
1.011500000000000000e+04,8.115448988974094391e-03
1.067700000000000000e+04,6.211535260081291199e-02
1.123900000000000000e+04,8.735466003417968750e-02
1.180100000000000000e+04,1.242767274379730225e-02
1.236300000000000000e+04,5.514450371265411377e-03
1.292500000000000000e+04,5.202905461192131042e-02
1.348700000000000000e+04,7.703624665737152100e-02
1.404900000000000000e+04,9.034875780344009399e-02
1.461100000000000000e+04,1.303984876722097397e-02
1.517300000000000000e+04,7.026033103466033936e-02
1.573500000000000000e+04,4.715123400092124939e-02
1.629700000000000000e+04,2.247095294296741486e-02
1.685900000000000000e+04,2.928681857883930206e-02
1.742100000000000000e+04,3.458194807171821594e-02
1.798300000000000000e+04,4.908453300595283508e-02
1.854500000000000000e+04,6.575339008122682571e-03
1.910700000000000000e+04,1.945045590400695801e-02
1.966900000000000000e+04,2.657799981534481049e-02
