1.011835217475891113e+00
6.504002213478088379e-01
5.933808684349060059e-01
5.806518197059631348e-01
5.702245831489562988e-01
5.610120892524719238e-01
5.562103390693664551e-01
5.521990656852722168e-01
5.467142462730407715e-01
5.395056605339050293e-01
5.342851877212524414e-01
5.292134284973144531e-01
5.255293250083923340e-01
5.229260921478271484e-01
5.210439562797546387e-01
5.192453265190124512e-01
5.180616974830627441e-01
5.169071555137634277e-01
5.160862803459167480e-01
5.155364274978637695e-01
5.148104429244995117e-01
5.146220326423645020e-01
5.149775147438049316e-01
5.153101086616516113e-01
5.150651335716247559e-01
5.148295760154724121e-01
5.147784948348999023e-01
5.147324204444885254e-01
5.150117874145507812e-01
5.152099728584289551e-01
5.152506828308105469e-01
5.147559046745300293e-01
5.145713686943054199e-01
5.144109725952148438e-01
5.140169262886047363e-01
5.139477849006652832e-01
