1.017953276634216309e+00
6.437624096870422363e-01
5.972082018852233887e-01
5.993689894676208496e-01
5.848068594932556152e-01
5.503454804420471191e-01
5.604142546653747559e-01
5.415498614311218262e-01
5.404033660888671875e-01
5.321192741394042969e-01
5.366134047508239746e-01
5.103399753570556641e-01
5.266330838203430176e-01
5.210148096084594727e-01
5.185101032257080078e-01
5.304875969886779785e-01
5.271130204200744629e-01
5.303236842155456543e-01
5.150039792060852051e-01
5.304468870162963867e-01
5.309848189353942871e-01
5.206859707832336426e-01
5.305038094520568848e-01
5.216503143310546875e-01
5.263617634773254395e-01
5.315464735031127930e-01
5.194384455680847168e-01
5.092716813087463379e-01
5.092107057571411133e-01
5.153253078460693359e-01
5.020677447319030762e-01
5.144086480140686035e-01
5.240108370780944824e-01
5.178639292716979980e-01
5.310928225517272949e-01
5.174934864044189453e-01
