1.000000000000000000e+00,3.206669330596923828e+00
5.610000000000000000e+02,7.402019500732421875e-01
1.123000000000000000e+03,6.644704341888427734e-01
1.685000000000000000e+03,5.864395499229431152e-01
2.247000000000000000e+03,4.530584812164306641e-01
2.809000000000000000e+03,4.161047637462615967e-01
3.371000000000000000e+03,3.739473223686218262e-01
3.933000000000000000e+03,3.445176780223846436e-01
4.495000000000000000e+03,3.429076075553894043e-01
5.057000000000000000e+03,3.064643144607543945e-01
5.619000000000000000e+03,3.069572746753692627e-01
6.181000000000000000e+03,2.454410791397094727e-01
6.743000000000000000e+03,2.651794254779815674e-01
7.305000000000000000e+03,2.014117836952209473e-01
7.867000000000000000e+03,2.524387538433074951e-01
8.429000000000000000e+03,2.238143980503082275e-01
8.991000000000000000e+03,2.117188870906829834e-01
9.553000000000000000e+03,2.123062759637832642e-01
1.011500000000000000e+04,2.112651765346527100e-01
1.067700000000000000e+04,1.826952099800109863e-01
1.123900000000000000e+04,1.811437904834747314e-01
1.180100000000000000e+04,2.014039754867553711e-01
1.236300000000000000e+04,1.959282159805297852e-01
1.292500000000000000e+04,1.471560299396514893e-01
1.348700000000000000e+04,1.465120762586593628e-01
1.404900000000000000e+04,1.221853792667388916e-01
1.461100000000000000e+04,1.543923467397689819e-01
