1.000000000000000000e+00,1.027517199516296387e+00
5.610000000000000000e+02,1.199912130832672119e-01
1.123000000000000000e+03,6.512782722711563110e-02
1.685000000000000000e+03,6.568629294633865356e-02
2.247000000000000000e+03,5.994169041514396667e-02
2.809000000000000000e+03,6.125399470329284668e-02
3.371000000000000000e+03,4.622025415301322937e-02
3.933000000000000000e+03,6.190606579184532166e-02
4.495000000000000000e+03,2.923589758574962616e-02
5.057000000000000000e+03,1.395257655531167984e-02
5.619000000000000000e+03,7.011429220438003540e-02
6.181000000000000000e+03,3.165983781218528748e-02
6.743000000000000000e+03,8.433324098587036133e-02
7.305000000000000000e+03,5.083771049976348877e-02
7.867000000000000000e+03,2.289132773876190186e-02
8.429000000000000000e+03,3.058306686580181122e-02
8.991000000000000000e+03,2.184164524078369141e-02
9.553000000000000000e+03,7.699548453092575073e-02
1.011500000000000000e+04,7.358432631008327007e-04
1.067700000000000000e+04,5.648327246308326721e-02
1.123900000000000000e+04,7.156711816787719727e-02
1.180100000000000000e+04,1.459711417555809021e-02
1.236300000000000000e+04,1.210005674511194229e-02
1.292500000000000000e+04,3.295227512717247009e-02
1.348700000000000000e+04,8.370154350996017456e-02
1.404900000000000000e+04,3.987308219075202942e-02
1.461100000000000000e+04,1.677101477980613708e-02
1.517300000000000000e+04,4.956076666712760925e-02
1.573500000000000000e+04,3.320566937327384949e-02
1.629700000000000000e+04,4.171236231923103333e-02
1.685900000000000000e+04,2.617827989161014557e-02
1.742100000000000000e+04,1.877305470407009125e-02
1.798300000000000000e+04,3.036553971469402313e-02
1.854500000000000000e+04,2.259168215095996857e-02
1.910700000000000000e+04,2.455402910709381104e-02
1.966900000000000000e+04,1.539869327098131180e-02
