1.000000000000000000e+00,1.037582159042358398e+00
5.610000000000000000e+02,1.184088364243507385e-01
1.123000000000000000e+03,6.183293461799621582e-02
1.685000000000000000e+03,7.551310211420059204e-02
2.247000000000000000e+03,5.633355304598808289e-02
2.809000000000000000e+03,9.223184734582901001e-02
3.371000000000000000e+03,5.608465895056724548e-02
3.933000000000000000e+03,6.925321370363235474e-02
4.495000000000000000e+03,5.992573872208595276e-02
5.057000000000000000e+03,6.363542284816503525e-03
5.619000000000000000e+03,6.940018385648727417e-02
6.181000000000000000e+03,5.292156711220741272e-02
6.743000000000000000e+03,7.863891869783401489e-02
7.305000000000000000e+03,7.315523177385330200e-02
7.867000000000000000e+03,3.968496993184089661e-02
8.429000000000000000e+03,4.019943997263908386e-02
8.991000000000000000e+03,5.839582160115242004e-02
9.553000000000000000e+03,9.132844954729080200e-02
1.011500000000000000e+04,5.485169123858213425e-03
1.067700000000000000e+04,6.654714047908782959e-02
1.123900000000000000e+04,6.028921529650688171e-02
1.180100000000000000e+04,2.288996987044811249e-02
1.236300000000000000e+04,1.921372674405574799e-02
1.292500000000000000e+04,6.299263238906860352e-02
1.348700000000000000e+04,7.302293926477432251e-02
1.404900000000000000e+04,9.127185493707656860e-02
1.461100000000000000e+04,1.824604906141757965e-02
1.517300000000000000e+04,5.418927967548370361e-02
1.573500000000000000e+04,2.688936889171600342e-02
1.629700000000000000e+04,2.301739156246185303e-02
1.685900000000000000e+04,2.125611715018749237e-02
1.742100000000000000e+04,4.516102746129035950e-02
1.798300000000000000e+04,4.263316467404365540e-02
1.854500000000000000e+04,1.287148147821426392e-02
1.910700000000000000e+04,1.065683737397193909e-02
1.966900000000000000e+04,2.007402293384075165e-02
