1.000000000000000000e+00,4.093736648559570312e+00
5.610000000000000000e+02,8.087099194526672363e-01
1.123000000000000000e+03,7.023791074752807617e-01
1.685000000000000000e+03,5.902023911476135254e-01
2.247000000000000000e+03,4.912156462669372559e-01
2.809000000000000000e+03,4.900238513946533203e-01
3.371000000000000000e+03,4.627330303192138672e-01
3.933000000000000000e+03,4.025041759014129639e-01
4.495000000000000000e+03,3.782965242862701416e-01
5.057000000000000000e+03,2.993838489055633545e-01
5.619000000000000000e+03,3.330133259296417236e-01
6.181000000000000000e+03,2.520739734172821045e-01
6.743000000000000000e+03,2.889680266380310059e-01
7.305000000000000000e+03,2.527826428413391113e-01
7.867000000000000000e+03,2.543911337852478027e-01
8.429000000000000000e+03,2.638781368732452393e-01
8.991000000000000000e+03,2.570387423038482666e-01
9.553000000000000000e+03,2.119452208280563354e-01
1.011500000000000000e+04,2.031485140323638916e-01
1.067700000000000000e+04,1.463179886341094971e-01
1.123900000000000000e+04,1.647457480430603027e-01
1.180100000000000000e+04,1.983752250671386719e-01
1.236300000000000000e+04,2.046982049942016602e-01
1.292500000000000000e+04,1.950729042291641235e-01
1.348700000000000000e+04,1.498523503541946411e-01
1.404900000000000000e+04,1.428032964468002319e-01
1.461100000000000000e+04,1.529864370822906494e-01
