1.000000000000000000e+00,1.005474090576171875e+00
5.610000000000000000e+02,1.206724271178245544e-01
1.123000000000000000e+03,6.718378514051437378e-02
1.685000000000000000e+03,5.730036273598670959e-02
2.247000000000000000e+03,5.903156101703643799e-02
2.809000000000000000e+03,7.466340810060501099e-02
3.371000000000000000e+03,5.937169119715690613e-02
3.933000000000000000e+03,7.409985363483428955e-02
4.495000000000000000e+03,4.405469819903373718e-02
5.057000000000000000e+03,3.702760674059391022e-03
5.619000000000000000e+03,5.425703898072242737e-02
6.181000000000000000e+03,4.488897696137428284e-02
6.743000000000000000e+03,5.777462944388389587e-02
7.305000000000000000e+03,3.649123013019561768e-02
7.867000000000000000e+03,2.914009429514408112e-02
8.429000000000000000e+03,3.149389848113059998e-02
8.991000000000000000e+03,5.264882370829582214e-02
9.553000000000000000e+03,8.799872547388076782e-02
1.011500000000000000e+04,4.030516836792230606e-03
1.067700000000000000e+04,4.794830456376075745e-02
1.123900000000000000e+04,7.674871385097503662e-02
1.180100000000000000e+04,2.806151844561100006e-02
1.236300000000000000e+04,1.511166244745254517e-02
1.292500000000000000e+04,3.619067743420600891e-02
1.348700000000000000e+04,2.778240106999874115e-02
1.404900000000000000e+04,7.793620228767395020e-02
1.461100000000000000e+04,1.856162771582603455e-02
1.517300000000000000e+04,4.199379310011863708e-02
1.573500000000000000e+04,3.941838443279266357e-02
1.629700000000000000e+04,3.948488831520080566e-02
1.685900000000000000e+04,1.898641698062419891e-02
1.742100000000000000e+04,3.864219039678573608e-02
1.798300000000000000e+04,3.368312865495681763e-02
1.854500000000000000e+04,1.029810216277837753e-02
1.910700000000000000e+04,6.479907315224409103e-03
1.966900000000000000e+04,6.001152098178863525e-03
