1.000000000000000000e+00,2.817645788192749023e+00
5.610000000000000000e+02,7.641391754150390625e-01
1.123000000000000000e+03,6.392317414283752441e-01
1.685000000000000000e+03,5.491992831230163574e-01
2.247000000000000000e+03,4.915105402469635010e-01
2.809000000000000000e+03,4.237112700939178467e-01
3.371000000000000000e+03,3.880964517593383789e-01
3.933000000000000000e+03,3.670272231101989746e-01
4.495000000000000000e+03,2.996545433998107910e-01
5.057000000000000000e+03,3.212257623672485352e-01
5.619000000000000000e+03,3.015319705009460449e-01
6.181000000000000000e+03,2.515729665756225586e-01
6.743000000000000000e+03,2.846506536006927490e-01
7.305000000000000000e+03,2.254630774259567261e-01
7.867000000000000000e+03,2.158250808715820312e-01
8.429000000000000000e+03,1.999820172786712646e-01
8.991000000000000000e+03,2.461656928062438965e-01
9.553000000000000000e+03,2.121479958295822144e-01
1.011500000000000000e+04,2.277100831270217896e-01
1.067700000000000000e+04,1.642306894063949585e-01
1.123900000000000000e+04,1.498433351516723633e-01
1.180100000000000000e+04,2.273313701152801514e-01
1.236300000000000000e+04,1.633173823356628418e-01
1.292500000000000000e+04,1.555603146553039551e-01
1.348700000000000000e+04,1.424058824777603149e-01
1.404900000000000000e+04,1.395793855190277100e-01
1.461100000000000000e+04,1.473523229360580444e-01
