1.000000000000000000e+00,8.938458561897277832e-01
5.610000000000000000e+02,2.849501073360443115e-01
1.123000000000000000e+03,2.055243998765945435e-01
1.685000000000000000e+03,1.585721224546432495e-01
2.247000000000000000e+03,1.355205327272415161e-01
2.809000000000000000e+03,1.392198204994201660e-01
3.371000000000000000e+03,1.588154435157775879e-01
3.933000000000000000e+03,1.531807333230972290e-01
4.495000000000000000e+03,1.288430541753768921e-01
5.057000000000000000e+03,1.099099740386009216e-01
5.619000000000000000e+03,1.607050746679306030e-01
6.181000000000000000e+03,1.122097969055175781e-01
6.743000000000000000e+03,1.471336334943771362e-01
7.305000000000000000e+03,1.432588249444961548e-01
7.867000000000000000e+03,9.418785572052001953e-02
8.429000000000000000e+03,1.127703562378883362e-01
8.991000000000000000e+03,1.240626275539398193e-01
9.553000000000000000e+03,1.436830610036849976e-01
1.011500000000000000e+04,1.008402705192565918e-01
1.067700000000000000e+04,1.170309782028198242e-01
1.123900000000000000e+04,1.458012312650680542e-01
1.180100000000000000e+04,9.759673476219177246e-02
1.236300000000000000e+04,1.069410443305969238e-01
1.292500000000000000e+04,1.412263661623001099e-01
1.348700000000000000e+04,1.302722543478012085e-01
1.404900000000000000e+04,1.425703912973403931e-01
1.461100000000000000e+04,9.904727339744567871e-02
1.517300000000000000e+04,1.246882677078247070e-01
1.573500000000000000e+04,9.715821593999862671e-02
1.629700000000000000e+04,9.995314478874206543e-02
1.685900000000000000e+04,9.456419944763183594e-02
1.742100000000000000e+04,1.135825291275978088e-01
1.798300000000000000e+04,1.002185270190238953e-01
1.854500000000000000e+04,1.131760179996490479e-01
1.910700000000000000e+04,8.408895134925842285e-02
1.966900000000000000e+04,1.279768794775009155e-01
