1.000000000000000000e+00,9.052788615226745605e-01
5.610000000000000000e+02,9.962508827447891235e-02
1.123000000000000000e+03,5.712698027491569519e-02
1.685000000000000000e+03,4.251788184046745300e-02
2.247000000000000000e+03,4.786933958530426025e-02
2.809000000000000000e+03,7.175878435373306274e-02
3.371000000000000000e+03,3.537689521908760071e-02
3.933000000000000000e+03,7.322701066732406616e-02
4.495000000000000000e+03,4.453206062316894531e-02
5.057000000000000000e+03,9.991633705794811249e-03
5.619000000000000000e+03,6.408137828111648560e-02
6.181000000000000000e+03,3.307836502790451050e-02
6.743000000000000000e+03,4.160642623901367188e-02
7.305000000000000000e+03,6.562244147062301636e-02
7.867000000000000000e+03,3.471208363771438599e-02
8.429000000000000000e+03,2.889342606067657471e-02
8.991000000000000000e+03,5.177161097526550293e-02
9.553000000000000000e+03,8.237999677658081055e-02
1.011500000000000000e+04,1.853953115642070770e-03
1.067700000000000000e+04,4.509866610169410706e-02
1.123900000000000000e+04,6.660942733287811279e-02
1.180100000000000000e+04,2.187373302876949310e-02
1.236300000000000000e+04,1.818017102777957916e-02
1.292500000000000000e+04,3.327704966068267822e-02
1.348700000000000000e+04,5.610961839556694031e-02
1.404900000000000000e+04,6.211940944194793701e-02
1.461100000000000000e+04,6.856082007288932800e-03
1.517300000000000000e+04,3.037782199680805206e-02
1.573500000000000000e+04,1.029611378908157349e-02
1.629700000000000000e+04,3.098686970770359039e-02
1.685900000000000000e+04,1.430619042366743088e-02
1.742100000000000000e+04,2.036589197814464569e-02
1.798300000000000000e+04,2.634636126458644867e-02
1.854500000000000000e+04,2.045580651611089706e-03
1.910700000000000000e+04,1.438050437718629837e-02
1.966900000000000000e+04,2.615219913423061371e-02
