1.000000000000000000e+00,1.623319745063781738e+00
5.610000000000000000e+02,7.470948696136474609e-01
1.123000000000000000e+03,6.265273690223693848e-01
1.685000000000000000e+03,4.960660338401794434e-01
2.247000000000000000e+03,3.921469748020172119e-01
2.809000000000000000e+03,3.195520937442779541e-01
3.371000000000000000e+03,3.304342329502105713e-01
3.933000000000000000e+03,2.683514356613159180e-01
4.495000000000000000e+03,2.431023567914962769e-01
5.057000000000000000e+03,2.324085682630538940e-01
5.619000000000000000e+03,2.371067255735397339e-01
6.181000000000000000e+03,2.077938020229339600e-01
6.743000000000000000e+03,2.206558734178543091e-01
7.305000000000000000e+03,1.454630643129348755e-01
7.867000000000000000e+03,1.439718157052993774e-01
8.429000000000000000e+03,1.569508910179138184e-01
8.991000000000000000e+03,1.645420640707015991e-01
9.553000000000000000e+03,1.463967859745025635e-01
1.011500000000000000e+04,1.723190993070602417e-01
1.067700000000000000e+04,1.238236203789710999e-01
1.123900000000000000e+04,1.179731562733650208e-01
1.180100000000000000e+04,1.665414422750473022e-01
1.236300000000000000e+04,1.162059977650642395e-01
1.292500000000000000e+04,1.023831069469451904e-01
1.348700000000000000e+04,1.028682813048362732e-01
1.404900000000000000e+04,7.575237751007080078e-02
1.461100000000000000e+04,1.407841742038726807e-01
