1.000000000000000000e+00,1.005250811576843262e+00
5.610000000000000000e+02,2.809885442256927490e-01
1.123000000000000000e+03,2.633313238620758057e-01
1.685000000000000000e+03,2.216625958681106567e-01
2.247000000000000000e+03,1.937289237976074219e-01
2.809000000000000000e+03,1.980419605970382690e-01
3.371000000000000000e+03,2.009766250848770142e-01
3.933000000000000000e+03,2.027365416288375854e-01
4.495000000000000000e+03,1.974413245916366577e-01
5.057000000000000000e+03,1.608583033084869385e-01
5.619000000000000000e+03,2.113253474235534668e-01
6.181000000000000000e+03,1.821761131286621094e-01
6.743000000000000000e+03,1.827018409967422485e-01
7.305000000000000000e+03,1.881069540977478027e-01
7.867000000000000000e+03,1.775896102190017700e-01
8.429000000000000000e+03,1.842132210731506348e-01
8.991000000000000000e+03,1.730092763900756836e-01
9.553000000000000000e+03,1.986779570579528809e-01
1.011500000000000000e+04,1.376666128635406494e-01
1.067700000000000000e+04,1.614968627691268921e-01
1.123900000000000000e+04,1.759244948625564575e-01
1.180100000000000000e+04,1.317635476589202881e-01
1.236300000000000000e+04,1.329461485147476196e-01
1.292500000000000000e+04,1.646954566240310669e-01
1.348700000000000000e+04,1.489092558622360229e-01
1.404900000000000000e+04,1.766167730093002319e-01
1.461100000000000000e+04,1.236139535903930664e-01
1.517300000000000000e+04,1.398660093545913696e-01
1.573500000000000000e+04,1.190544888377189636e-01
1.629700000000000000e+04,1.267471462488174438e-01
1.685900000000000000e+04,1.229172945022583008e-01
1.742100000000000000e+04,1.417383998632431030e-01
1.798300000000000000e+04,1.371776908636093140e-01
1.854500000000000000e+04,1.283624619245529175e-01
1.910700000000000000e+04,1.189292296767234802e-01
1.966900000000000000e+04,1.559654623270034790e-01
