1.000000000000000000e+00,1.009406208992004395e+00
5.610000000000000000e+02,7.318390905857086182e-02
1.123000000000000000e+03,4.382758215069770813e-02
1.685000000000000000e+03,3.876728191971778870e-02
2.247000000000000000e+03,4.127190634608268738e-02
2.809000000000000000e+03,6.947975605726242065e-02
3.371000000000000000e+03,4.384007677435874939e-02
3.933000000000000000e+03,5.421287938952445984e-02
4.495000000000000000e+03,2.565797232091426849e-02
5.057000000000000000e+03,3.653963329270482063e-03
5.619000000000000000e+03,6.690973043441772461e-02
6.181000000000000000e+03,3.671047091484069824e-02
6.743000000000000000e+03,6.322856992483139038e-02
7.305000000000000000e+03,5.063641443848609924e-02
7.867000000000000000e+03,2.754415757954120636e-02
8.429000000000000000e+03,3.027146495878696442e-02
8.991000000000000000e+03,3.754288330674171448e-02
9.553000000000000000e+03,6.897614151239395142e-02
1.011500000000000000e+04,2.638114616274833679e-03
1.067700000000000000e+04,5.349599197506904602e-02
1.123900000000000000e+04,3.875381872057914734e-02
1.180100000000000000e+04,1.346096768975257874e-02
1.236300000000000000e+04,1.339997444301843643e-02
1.292500000000000000e+04,3.637486323714256287e-02
1.348700000000000000e+04,3.965369239449501038e-02
1.404900000000000000e+04,5.631528422236442566e-02
1.461100000000000000e+04,1.013272255659103394e-02
1.517300000000000000e+04,3.993242606520652771e-02
1.573500000000000000e+04,4.061572998762130737e-02
1.629700000000000000e+04,2.732952684164047241e-02
1.685900000000000000e+04,1.188565324991941452e-02
1.742100000000000000e+04,2.944522164762020111e-02
1.798300000000000000e+04,3.856755793094635010e-02
1.854500000000000000e+04,2.403209544718265533e-02
1.910700000000000000e+04,7.498731836676597595e-03
1.966900000000000000e+04,2.980837784707546234e-02
