1.000000000000000000e+00,3.307540893554687500e+00
1.124000000000000000e+03,6.269707679748535156e-01
2.249000000000000000e+03,3.540990650653839111e-01
3.374000000000000000e+03,3.385143876075744629e-01
4.499000000000000000e+03,2.580392062664031982e-01
5.624000000000000000e+03,2.099325507879257202e-01
6.749000000000000000e+03,1.626611948013305664e-01
7.874000000000000000e+03,1.431056410074234009e-01
8.999000000000000000e+03,1.847818940877914429e-01
1.012400000000000000e+04,1.797353327274322510e-01
1.124900000000000000e+04,1.819873899221420288e-01
1.237400000000000000e+04,1.897306740283966064e-01
1.349900000000000000e+04,1.404774338006973267e-01
1.462400000000000000e+04,1.511333733797073364e-01
1.574900000000000000e+04,1.636269092559814453e-01
1.687400000000000000e+04,1.114148944616317749e-01
1.799900000000000000e+04,1.298556923866271973e-01
1.912400000000000000e+04,9.634326398372650146e-02
