7.817956805229187012e-01
6.043093800544738770e-01
5.385678410530090332e-01
5.348869562149047852e-01
5.388864874839782715e-01
5.372501015663146973e-01
5.346643924713134766e-01
5.317736268043518066e-01
5.303942561149597168e-01
5.303227901458740234e-01
5.295254588127136230e-01
5.289178490638732910e-01
5.282045006752014160e-01
5.269913673400878906e-01
5.253292918205261230e-01
5.249376296997070312e-01
5.237636566162109375e-01
5.227661728858947754e-01
5.211603641510009766e-01
5.186969637870788574e-01
5.159402489662170410e-01
5.141183733940124512e-01
5.126560926437377930e-01
5.110425949096679688e-01
5.086705088615417480e-01
5.068089365959167480e-01
5.059381723403930664e-01
5.054162144660949707e-01
5.046513080596923828e-01
5.045014619827270508e-01
5.044454336166381836e-01
5.046804547309875488e-01
5.046507120132446289e-01
5.046555399894714355e-01
5.046398639678955078e-01
5.049551129341125488e-01
