7.685081958770751953e-01
6.157936453819274902e-01
5.843157768249511719e-01
5.542446970939636230e-01
5.355609655380249023e-01
5.358561873435974121e-01
5.397773385047912598e-01
5.209450125694274902e-01
5.231645703315734863e-01
5.067275166511535645e-01
5.225314497947692871e-01
5.075470805168151855e-01
5.201050043106079102e-01
5.240015387535095215e-01
5.086292624473571777e-01
5.091039538383483887e-01
5.063141584396362305e-01
5.276658535003662109e-01
5.053512454032897949e-01
5.133902430534362793e-01
4.952469766139984131e-01
5.009169578552246094e-01
5.064529776573181152e-01
5.041403174400329590e-01
4.997238814830780029e-01
5.028455853462219238e-01
5.074865221977233887e-01
5.001454353332519531e-01
4.967442452907562256e-01
4.990514218807220459e-01
4.989970624446868896e-01
5.094546675682067871e-01
5.047819614410400391e-01
4.971820414066314697e-01
4.990079402923583984e-01
4.974769055843353271e-01
