1.000000000000000000e+00,3.574960231781005859e+00
5.610000000000000000e+02,8.158725500106811523e-01
1.123000000000000000e+03,7.604755759239196777e-01
1.685000000000000000e+03,6.794072389602661133e-01
2.247000000000000000e+03,6.064698696136474609e-01
2.809000000000000000e+03,5.525987148284912109e-01
3.371000000000000000e+03,5.390120744705200195e-01
3.933000000000000000e+03,4.304561913013458252e-01
4.495000000000000000e+03,4.231755435466766357e-01
5.057000000000000000e+03,3.950745761394500732e-01
5.619000000000000000e+03,3.848857283592224121e-01
6.181000000000000000e+03,3.159956932067871094e-01
6.743000000000000000e+03,3.585255146026611328e-01
7.305000000000000000e+03,3.159298300743103027e-01
7.867000000000000000e+03,3.231993913650512695e-01
8.429000000000000000e+03,3.288827240467071533e-01
8.991000000000000000e+03,3.121161460876464844e-01
9.553000000000000000e+03,2.989322841167449951e-01
1.011500000000000000e+04,2.801819741725921631e-01
1.067700000000000000e+04,2.180376499891281128e-01
1.123900000000000000e+04,2.582499980926513672e-01
1.180100000000000000e+04,2.740338742733001709e-01
1.236300000000000000e+04,2.730910778045654297e-01
1.292500000000000000e+04,2.858686745166778564e-01
1.348700000000000000e+04,2.564769387245178223e-01
1.404900000000000000e+04,2.296198904514312744e-01
1.461100000000000000e+04,2.464063614606857300e-01
