1.103360056877136230e+00
7.011714577674865723e-01
6.416450142860412598e-01
5.918859839439392090e-01
5.769152045249938965e-01
5.625701546669006348e-01
5.539131760597229004e-01
5.489420890808105469e-01
5.427880883216857910e-01
5.388982892036437988e-01
5.355381965637207031e-01
5.338940024375915527e-01
5.323103070259094238e-01
5.319284796714782715e-01
5.306424498558044434e-01
5.291337370872497559e-01
5.277822613716125488e-01
5.267603993415832520e-01
5.261455178260803223e-01
5.251947641372680664e-01
5.241448283195495605e-01
5.233734250068664551e-01
5.230543613433837891e-01
5.228298306465148926e-01
5.223234295845031738e-01
5.220720767974853516e-01
5.217546820640563965e-01
5.216993689537048340e-01
5.212219357490539551e-01
5.212381482124328613e-01
5.211997628211975098e-01
5.210312008857727051e-01
5.209816098213195801e-01
5.210682749748229980e-01
5.207430720329284668e-01
5.204537510871887207e-01
