1.106808781623840332e+00
7.102485299110412598e-01
6.465105414390563965e-01
6.126101016998291016e-01
5.907995104789733887e-01
5.808973312377929688e-01
5.695224404335021973e-01
5.519737601280212402e-01
5.716195702552795410e-01
5.247640609741210938e-01
5.502403974533081055e-01
5.457673668861389160e-01
5.478199124336242676e-01
5.594585537910461426e-01
5.346890091896057129e-01
5.589428544044494629e-01
5.416751503944396973e-01
5.343778729438781738e-01
5.346565842628479004e-01
5.452066063880920410e-01
5.431554913520812988e-01
5.395276546478271484e-01
5.535430312156677246e-01
5.430194139480590820e-01
5.447785258293151855e-01
5.464869737625122070e-01
5.523769855499267578e-01
5.179149508476257324e-01
5.370189547538757324e-01
5.336451530456542969e-01
5.317696928977966309e-01
5.481497645378112793e-01
5.253508090972900391e-01
5.423593521118164062e-01
5.383808016777038574e-01
5.359892249107360840e-01
