1.000000000000000000e+00,1.023770213127136230e+00
5.610000000000000000e+02,8.390881866216659546e-02
1.123000000000000000e+03,6.853971630334854126e-02
1.685000000000000000e+03,7.311839610338211060e-02
2.247000000000000000e+03,6.375205516815185547e-02
2.809000000000000000e+03,9.119807928800582886e-02
3.371000000000000000e+03,5.802218243479728699e-02
3.933000000000000000e+03,8.209186047315597534e-02
4.495000000000000000e+03,4.907071217894554138e-02
5.057000000000000000e+03,3.040532814338803291e-03
5.619000000000000000e+03,6.759946793317794800e-02
6.181000000000000000e+03,1.699889265000820160e-02
6.743000000000000000e+03,6.783951818943023682e-02
7.305000000000000000e+03,3.014854900538921356e-02
7.867000000000000000e+03,2.713807858526706696e-02
8.429000000000000000e+03,1.687869243323802948e-02
8.991000000000000000e+03,3.960328176617622375e-02
9.553000000000000000e+03,8.004418760538101196e-02
1.011500000000000000e+04,1.231070025824010372e-03
1.067700000000000000e+04,4.043397307395935059e-02
1.123900000000000000e+04,3.441622480750083923e-02
1.180100000000000000e+04,1.422985363751649857e-02
1.236300000000000000e+04,1.091416180133819580e-02
1.292500000000000000e+04,3.504138067364692688e-02
1.348700000000000000e+04,3.956708684563636780e-02
1.404900000000000000e+04,6.861566752195358276e-02
1.461100000000000000e+04,1.383384037762880325e-02
1.517300000000000000e+04,3.399923071265220642e-02
1.573500000000000000e+04,2.255128882825374603e-02
1.629700000000000000e+04,2.305981516838073730e-02
1.685900000000000000e+04,2.500471659004688263e-02
1.742100000000000000e+04,3.226536326110363007e-03
1.798300000000000000e+04,3.641291335225105286e-02
1.854500000000000000e+04,1.690316013991832733e-02
1.910700000000000000e+04,9.306170977652072906e-03
1.966900000000000000e+04,1.270584389567375183e-02
