8.556873202323913574e-01
6.455369591712951660e-01
6.094072461128234863e-01
5.927898883819580078e-01
5.769047141075134277e-01
5.631361007690429688e-01
5.483766794204711914e-01
5.353999137878417969e-01
5.263823866844177246e-01
5.206802487373352051e-01
5.176405310630798340e-01
5.153923630714416504e-01
5.132687687873840332e-01
5.122994780540466309e-01
5.097749829292297363e-01
5.089533925056457520e-01
5.082286000251770020e-01
5.074689984321594238e-01
5.072547793388366699e-01
5.070092678070068359e-01
5.068203806877136230e-01
5.069879889488220215e-01
5.077909827232360840e-01
5.082007646560668945e-01
5.087309479713439941e-01
5.084404349327087402e-01
5.082919001579284668e-01
5.087431073188781738e-01
5.084742307662963867e-01
5.077101588249206543e-01
5.074051022529602051e-01
5.082553029060363770e-01
5.080754160881042480e-01
5.081887841224670410e-01
5.078585743904113770e-01
5.078547596931457520e-01
