7.793280482292175293e-01
6.504979729652404785e-01
6.111665964126586914e-01
5.783139467239379883e-01
5.771880149841308594e-01
5.631099939346313477e-01
5.288064479827880859e-01
5.304582118988037109e-01
5.244161486625671387e-01
5.090392827987670898e-01
5.103402733802795410e-01
5.008537173271179199e-01
5.067310929298400879e-01
5.032773613929748535e-01
4.948215782642364502e-01
5.064034461975097656e-01
5.159606337547302246e-01
5.088092684745788574e-01
5.005341768264770508e-01
5.051879882812500000e-01
4.954448640346527100e-01
4.986276924610137939e-01
5.054531693458557129e-01
5.055190920829772949e-01
4.937385618686676025e-01
4.983298778533935547e-01
5.067076086997985840e-01
4.944202899932861328e-01
5.059682726860046387e-01
4.945883750915527344e-01
4.952379763126373291e-01
5.067626237869262695e-01
5.059821009635925293e-01
4.972177445888519287e-01
5.036179423332214355e-01
5.120816826820373535e-01
