1.000000000000000000e+00,6.549635887145996094e+00
5.610000000000000000e+02,8.703715205192565918e-01
1.123000000000000000e+03,7.249209284782409668e-01
1.685000000000000000e+03,6.520761251449584961e-01
2.247000000000000000e+03,6.154925823211669922e-01
2.809000000000000000e+03,5.598003268241882324e-01
3.371000000000000000e+03,4.310124218463897705e-01
3.933000000000000000e+03,3.828033208847045898e-01
4.495000000000000000e+03,3.586006760597229004e-01
5.057000000000000000e+03,2.566753327846527100e-01
5.619000000000000000e+03,2.775722742080688477e-01
6.181000000000000000e+03,1.794870197772979736e-01
6.743000000000000000e+03,2.585356831550598145e-01
7.305000000000000000e+03,1.796300709247589111e-01
7.867000000000000000e+03,2.170329242944717407e-01
8.429000000000000000e+03,2.006422430276870728e-01
8.991000000000000000e+03,1.952661573886871338e-01
9.553000000000000000e+03,1.473185420036315918e-01
1.011500000000000000e+04,1.703556478023529053e-01
1.067700000000000000e+04,9.330663084983825684e-02
1.123900000000000000e+04,1.266962140798568726e-01
1.180100000000000000e+04,1.662452667951583862e-01
1.236300000000000000e+04,1.448630094528198242e-01
1.292500000000000000e+04,1.378016024827957153e-01
1.348700000000000000e+04,1.185279563069343567e-01
1.404900000000000000e+04,9.187736362218856812e-02
1.461100000000000000e+04,1.305746287107467651e-01
