1.000000000000000000e+00,2.515824079513549805e+00
5.610000000000000000e+02,7.790517807006835938e-01
1.123000000000000000e+03,6.431954503059387207e-01
1.685000000000000000e+03,5.694870948791503906e-01
2.247000000000000000e+03,5.139403939247131348e-01
2.809000000000000000e+03,4.379357695579528809e-01
3.371000000000000000e+03,4.315664172172546387e-01
3.933000000000000000e+03,3.808814883232116699e-01
4.495000000000000000e+03,3.268634676933288574e-01
5.057000000000000000e+03,2.843897938728332520e-01
5.619000000000000000e+03,2.702810168266296387e-01
6.181000000000000000e+03,2.364668995141983032e-01
6.743000000000000000e+03,2.973659038543701172e-01
7.305000000000000000e+03,2.178010195493698120e-01
7.867000000000000000e+03,2.557366192340850830e-01
8.429000000000000000e+03,2.604046463966369629e-01
8.991000000000000000e+03,2.609064280986785889e-01
9.553000000000000000e+03,2.137037068605422974e-01
1.011500000000000000e+04,2.072830945253372192e-01
1.067700000000000000e+04,1.626807898283004761e-01
1.123900000000000000e+04,2.023823559284210205e-01
1.180100000000000000e+04,2.424036115407943726e-01
1.236300000000000000e+04,2.246112227439880371e-01
1.292500000000000000e+04,2.241103947162628174e-01
1.348700000000000000e+04,2.006457000970840454e-01
1.404900000000000000e+04,1.312068104743957520e-01
1.461100000000000000e+04,2.053850144147872925e-01
