1.000000000000000000e+00,7.709181308746337891e+00
5.610000000000000000e+02,8.180841803550720215e-01
1.123000000000000000e+03,7.701871395111083984e-01
1.685000000000000000e+03,6.905750036239624023e-01
2.247000000000000000e+03,6.429644823074340820e-01
2.809000000000000000e+03,6.075450181961059570e-01
3.371000000000000000e+03,5.511665940284729004e-01
3.933000000000000000e+03,4.606477618217468262e-01
4.495000000000000000e+03,4.410198032855987549e-01
5.057000000000000000e+03,3.981469571590423584e-01
5.619000000000000000e+03,3.947946131229400635e-01
6.181000000000000000e+03,3.250673413276672363e-01
6.743000000000000000e+03,3.428874909877777100e-01
7.305000000000000000e+03,2.996281683444976807e-01
7.867000000000000000e+03,2.947963476181030273e-01
8.429000000000000000e+03,2.942832112312316895e-01
8.991000000000000000e+03,3.057775199413299561e-01
9.553000000000000000e+03,2.665305435657501221e-01
1.011500000000000000e+04,2.424720227718353271e-01
1.067700000000000000e+04,1.826895773410797119e-01
1.123900000000000000e+04,2.045008093118667603e-01
1.180100000000000000e+04,2.156912684440612793e-01
1.236300000000000000e+04,2.116245329380035400e-01
1.292500000000000000e+04,2.282654345035552979e-01
1.348700000000000000e+04,1.766963452100753784e-01
1.404900000000000000e+04,1.538410931825637817e-01
1.461100000000000000e+04,2.085721492767333984e-01
