1.716008543968200684e+00
3.609848320484161377e-01
1.794412285089492798e-01
1.405303031206130981e-01
1.148273050785064697e-01
7.518122345209121704e-02
3.611045330762863159e-02
9.756293147802352905e-02
5.369993671774864197e-02
7.216265797615051270e-02
3.256676346063613892e-02
5.007630586624145508e-02
6.708366423845291138e-02
5.537649989128112793e-02
4.687727987766265869e-02
5.722364783287048340e-02
3.195968642830848694e-02
7.258041948080062866e-02
2.501086331903934479e-02
5.740782245993614197e-02
6.212195754051208496e-02
6.431891024112701416e-02
5.211350694298744202e-02
3.846446797251701355e-02
3.839945420622825623e-02
5.203928053379058838e-02
4.532479122281074524e-02
