1.000000000000000000e+00,9.307673573493957520e-01
5.610000000000000000e+02,7.008251547813415527e-02
1.123000000000000000e+03,5.536772683262825012e-02
1.685000000000000000e+03,4.617610201239585876e-02
2.247000000000000000e+03,2.727607451379299164e-02
2.809000000000000000e+03,4.724506661295890808e-02
3.371000000000000000e+03,1.910399645566940308e-02
3.933000000000000000e+03,6.018317863345146179e-02
4.495000000000000000e+03,3.700059279799461365e-02
5.057000000000000000e+03,3.439401509240269661e-03
5.619000000000000000e+03,5.530953407287597656e-02
6.181000000000000000e+03,4.024872556328773499e-02
6.743000000000000000e+03,3.903294354677200317e-02
7.305000000000000000e+03,3.489540889859199524e-02
7.867000000000000000e+03,1.923667825758457184e-02
8.429000000000000000e+03,1.103622559458017349e-02
8.991000000000000000e+03,1.535126939415931702e-02
9.553000000000000000e+03,3.329812735319137573e-02
1.011500000000000000e+04,1.105020637623965740e-03
1.067700000000000000e+04,1.582614704966545105e-02
1.123900000000000000e+04,1.975052244961261749e-02
1.180100000000000000e+04,3.344512952025979757e-04
1.236300000000000000e+04,1.033828500658273697e-02
1.292500000000000000e+04,2.536834776401519775e-02
1.348700000000000000e+04,1.769697107374668121e-02
1.404900000000000000e+04,3.728931769728660583e-02
1.461100000000000000e+04,2.046745829284191132e-02
1.517300000000000000e+04,2.170576341450214386e-02
1.573500000000000000e+04,8.465581573545932770e-03
1.629700000000000000e+04,9.646617807447910309e-03
1.685900000000000000e+04,3.441849956288933754e-03
1.742100000000000000e+04,1.392296608537435532e-02
1.798300000000000000e+04,2.202981151640415192e-02
1.854500000000000000e+04,1.112207028199918568e-04
1.910700000000000000e+04,3.747991519048810005e-03
1.966900000000000000e+04,2.403649501502513885e-03
