1.000000000000000000e+00,5.987633228302001953e+00
5.610000000000000000e+02,8.042906522750854492e-01
1.123000000000000000e+03,7.602010369300842285e-01
1.685000000000000000e+03,7.069701552391052246e-01
2.247000000000000000e+03,6.902853250503540039e-01
2.809000000000000000e+03,6.388398408889770508e-01
3.371000000000000000e+03,5.584521293640136719e-01
3.933000000000000000e+03,4.876994788646697998e-01
4.495000000000000000e+03,3.932055830955505371e-01
5.057000000000000000e+03,3.316023051738739014e-01
5.619000000000000000e+03,2.881787419319152832e-01
6.181000000000000000e+03,3.015554547309875488e-01
6.743000000000000000e+03,3.028676807880401611e-01
7.305000000000000000e+03,2.295107394456863403e-01
7.867000000000000000e+03,2.750560343265533447e-01
8.429000000000000000e+03,2.776817679405212402e-01
8.991000000000000000e+03,2.739427089691162109e-01
9.553000000000000000e+03,2.428819239139556885e-01
1.011500000000000000e+04,2.198395878076553345e-01
1.067700000000000000e+04,1.775067895650863647e-01
1.123900000000000000e+04,1.857683956623077393e-01
1.180100000000000000e+04,2.057691216468811035e-01
1.236300000000000000e+04,2.630046308040618896e-01
1.292500000000000000e+04,2.332606911659240723e-01
1.348700000000000000e+04,2.054258882999420166e-01
1.404900000000000000e+04,1.813802272081375122e-01
1.461100000000000000e+04,2.095351219177246094e-01
