1.000000000000000000e+00,1.174772739410400391e+00
5.610000000000000000e+02,1.499739885330200195e-01
1.123000000000000000e+03,6.257336586713790894e-02
1.685000000000000000e+03,3.926996886730194092e-02
2.247000000000000000e+03,4.621504247188568115e-02
2.809000000000000000e+03,6.236467137932777405e-02
3.371000000000000000e+03,3.204398602247238159e-02
3.933000000000000000e+03,5.919353663921356201e-02
4.495000000000000000e+03,1.296570990234613419e-02
5.057000000000000000e+03,6.372110918164253235e-03
5.619000000000000000e+03,2.290619350969791412e-02
6.181000000000000000e+03,1.814581640064716339e-02
6.743000000000000000e+03,2.450651861727237701e-02
7.305000000000000000e+03,1.732100360095500946e-02
7.867000000000000000e+03,2.107014320790767670e-02
8.429000000000000000e+03,1.186617463827133179e-02
8.991000000000000000e+03,2.615548111498355865e-02
9.553000000000000000e+03,3.230244293808937073e-02
1.011500000000000000e+04,1.141266475315205753e-04
1.067700000000000000e+04,1.436071004718542099e-02
1.123900000000000000e+04,2.673944272100925446e-02
1.180100000000000000e+04,1.512076053768396378e-02
1.236300000000000000e+04,7.143129478208720684e-04
1.292500000000000000e+04,1.844029314815998077e-02
1.348700000000000000e+04,6.966568995267152786e-03
1.404900000000000000e+04,4.413382709026336670e-02
1.461100000000000000e+04,1.210803911089897156e-02
1.517300000000000000e+04,1.782750152051448822e-02
1.573500000000000000e+04,9.011855348944664001e-03
1.629700000000000000e+04,5.754809244535863400e-04
1.685900000000000000e+04,1.701765507459640503e-02
1.742100000000000000e+04,8.333305828273296356e-03
1.798300000000000000e+04,5.320577416568994522e-03
1.854500000000000000e+04,4.755014553666114807e-03
1.910700000000000000e+04,1.053917128592729568e-02
1.966900000000000000e+04,1.728004193864762783e-03
