9.617128968238830566e-01
1.981311589479446411e-01
9.082112461328506470e-02
7.597873359918594360e-02
6.841967999935150146e-02
6.350979954004287720e-02
5.996198952198028564e-02
5.710634961724281311e-02
5.577066540718078613e-02
5.124093592166900635e-02
4.848769307136535645e-02
4.372953996062278748e-02
3.832752257585525513e-02
3.279760479927062988e-02
3.062892705202102661e-02
2.838153950870037079e-02
2.682349644601345062e-02
2.591333352029323578e-02
2.643942832946777344e-02
2.601824142038822174e-02
2.361445873975753784e-02
2.254053391516208649e-02
2.120472677052021027e-02
1.923285424709320068e-02
1.920414157211780548e-02
1.961491443216800690e-02
1.876064389944076538e-02
