1.001051545143127441e+00
6.571740508079528809e-01
6.300441622734069824e-01
5.979194045066833496e-01
5.809678435325622559e-01
5.664219856262207031e-01
5.560937523841857910e-01
5.508514046669006348e-01
5.465976595878601074e-01
5.405470728874206543e-01
5.380001068115234375e-01
5.368202924728393555e-01
5.366985201835632324e-01
5.372884869575500488e-01
5.375238656997680664e-01
5.359690189361572266e-01
5.352231860160827637e-01
5.349705815315246582e-01
5.347102284431457520e-01
5.343871116638183594e-01
5.342093110084533691e-01
5.343167781829833984e-01
5.342167019844055176e-01
5.340693593025207520e-01
5.343051552772521973e-01
5.344789624214172363e-01
5.346474647521972656e-01
5.348977446556091309e-01
5.348901748657226562e-01
5.349791646003723145e-01
5.351093411445617676e-01
5.354132056236267090e-01
5.354387164115905762e-01
5.354750156402587891e-01
5.354429483413696289e-01
5.353938937187194824e-01
