1.006001591682434082e+00
6.462263464927673340e-01
6.215266585350036621e-01
5.936068892478942871e-01
5.678724646568298340e-01
5.752580165863037109e-01
5.595820546150207520e-01
5.531076192855834961e-01
5.552622675895690918e-01
5.444457530975341797e-01
5.589857697486877441e-01
5.216595530509948730e-01
5.452284812927246094e-01
5.370261669158935547e-01
5.341451764106750488e-01
5.328623652458190918e-01
5.416997671127319336e-01
5.492565631866455078e-01
5.421499013900756836e-01
5.489757657051086426e-01
5.602222084999084473e-01
5.357370376586914062e-01
5.426313877105712891e-01
5.306180119514465332e-01
5.373219251632690430e-01
5.395981073379516602e-01
5.337573885917663574e-01
5.236939787864685059e-01
5.397466421127319336e-01
5.239928364753723145e-01
5.156329274177551270e-01
5.360269546508789062e-01
5.373204350471496582e-01
5.213943719863891602e-01
5.473105907440185547e-01
5.299887061119079590e-01
