8.551619648933410645e-01
6.324296593666076660e-01
5.715715289115905762e-01
5.552431941032409668e-01
5.437225699424743652e-01
5.364224910736083984e-01
5.315778255462646484e-01
5.284571051597595215e-01
5.260131955146789551e-01
5.217088460922241211e-01
5.156157612800598145e-01
5.143499970436096191e-01
5.125718116760253906e-01
5.108374953269958496e-01
5.092687010765075684e-01
5.082746148109436035e-01
5.072880387306213379e-01
5.071079134941101074e-01
5.067163705825805664e-01
5.071258544921875000e-01
5.085006356239318848e-01
5.093219876289367676e-01
5.093060135841369629e-01
5.090806484222412109e-01
5.089796185493469238e-01
5.084601640701293945e-01
5.076830983161926270e-01
5.073501467704772949e-01
5.072583556175231934e-01
5.073258280754089355e-01
5.070990920066833496e-01
5.065503716468811035e-01
5.057219862937927246e-01
5.055294036865234375e-01
5.055308938026428223e-01
5.056583881378173828e-01
