8.387289047241210938e-01
6.423923969268798828e-01
5.713108777999877930e-01
5.545807480812072754e-01
5.351516604423522949e-01
5.230470299720764160e-01
5.222464203834533691e-01
5.348139405250549316e-01
5.299211144447326660e-01
5.132362246513366699e-01
5.265417098999023438e-01
5.260484218597412109e-01
5.211886167526245117e-01
5.123716592788696289e-01
5.135537981986999512e-01
5.280511975288391113e-01
5.002104640007019043e-01
5.049397349357604980e-01
4.993702471256256104e-01
5.201322436332702637e-01
4.970725476741790771e-01
5.012677907943725586e-01
5.114583373069763184e-01
5.096789002418518066e-01
5.039384961128234863e-01
4.916097223758697510e-01
5.089680552482604980e-01
5.133261084556579590e-01
5.096298456192016602e-01
4.943411648273468018e-01
4.997235238552093506e-01
5.158632993698120117e-01
5.098477005958557129e-01
5.022622942924499512e-01
4.906878471374511719e-01
4.954589605331420898e-01
