1.130471229553222656e+00
6.828977465629577637e-01
6.628490686416625977e-01
6.550260186195373535e-01
6.400344371795654297e-01
6.218924522399902344e-01
6.050804853439331055e-01
5.986874699592590332e-01
5.950722098350524902e-01
5.933888554573059082e-01
5.915561318397521973e-01
5.880247950553894043e-01
5.837297439575195312e-01
5.779004693031311035e-01
5.747463107109069824e-01
5.759091973304748535e-01
5.765940546989440918e-01
5.777392387390136719e-01
5.778238177299499512e-01
5.757010579109191895e-01
5.757069587707519531e-01
5.760517120361328125e-01
5.764390826225280762e-01
5.765878558158874512e-01
5.765711069107055664e-01
5.756881833076477051e-01
5.748849511146545410e-01
5.749848484992980957e-01
5.754156112670898438e-01
5.767149329185485840e-01
5.772366523742675781e-01
5.769047141075134277e-01
5.757765173912048340e-01
5.754343867301940918e-01
5.749055147171020508e-01
5.744437575340270996e-01
