1.089458584785461426e+00
6.834571957588195801e-01
6.615051031112670898e-01
6.439093351364135742e-01
6.468865871429443359e-01
6.187036037445068359e-01
6.435666680335998535e-01
6.115317940711975098e-01
5.989400148391723633e-01
5.512966513633728027e-01
6.017178893089294434e-01
6.257966756820678711e-01
6.067580580711364746e-01
5.530988574028015137e-01
5.845116972923278809e-01
5.774207115173339844e-01
5.990123152732849121e-01
5.837325453758239746e-01
5.816615223884582520e-01
5.877826213836669922e-01
5.468772053718566895e-01
5.710532069206237793e-01
5.655125379562377930e-01
5.840983390808105469e-01
5.555549860000610352e-01
5.835172533988952637e-01
5.879554152488708496e-01
5.798820853233337402e-01
5.731497406959533691e-01
5.814556479454040527e-01
5.728808045387268066e-01
5.904591679573059082e-01
5.607923269271850586e-01
5.714697837829589844e-01
5.558643341064453125e-01
5.372927784919738770e-01
