1.000000000000000000e+00,9.736971855163574219e-01
5.610000000000000000e+02,9.079983085393905640e-02
1.123000000000000000e+03,5.020391941070556641e-02
1.685000000000000000e+03,3.852597251534461975e-02
2.247000000000000000e+03,3.634138777852058411e-02
2.809000000000000000e+03,5.640045925974845886e-02
3.371000000000000000e+03,4.660098627209663391e-02
3.933000000000000000e+03,5.299336835741996765e-02
4.495000000000000000e+03,2.830638736486434937e-02
5.057000000000000000e+03,3.079646965488791466e-03
5.619000000000000000e+03,3.306659683585166931e-02
6.181000000000000000e+03,1.902412064373493195e-02
6.743000000000000000e+03,3.703911602497100830e-02
7.305000000000000000e+03,2.084019221365451813e-02
7.867000000000000000e+03,2.856486104428768158e-02
8.429000000000000000e+03,1.773226633667945862e-02
8.991000000000000000e+03,3.005013614892959595e-02
9.553000000000000000e+03,6.054814532399177551e-02
1.011500000000000000e+04,5.762732122093439102e-03
1.067700000000000000e+04,2.533462084829807281e-02
1.123900000000000000e+04,2.117288857698440552e-02
1.180100000000000000e+04,1.271064509637653828e-03
1.236300000000000000e+04,2.216172963380813599e-02
1.292500000000000000e+04,1.756927743554115295e-02
1.348700000000000000e+04,1.093003060668706894e-02
1.404900000000000000e+04,3.784907609224319458e-02
1.461100000000000000e+04,2.028111740946769714e-02
1.517300000000000000e+04,1.912491396069526672e-02
1.573500000000000000e+04,1.893697120249271393e-02
1.629700000000000000e+04,1.907148770987987518e-02
1.685900000000000000e+04,2.162864804267883301e-02
1.742100000000000000e+04,3.203404694795608521e-02
1.798300000000000000e+04,1.287972275167703629e-02
1.854500000000000000e+04,2.195117995142936707e-04
1.910700000000000000e+04,2.824481343850493431e-03
1.966900000000000000e+04,1.105909701436758041e-02
