3.848571777343750000e+00
8.837593197822570801e-01
7.890276312828063965e-01
6.941028237342834473e-01
6.101501584053039551e-01
5.118834376335144043e-01
4.127017557621002197e-01
3.646611273288726807e-01
2.977612912654876709e-01
2.593880593776702881e-01
2.339888811111450195e-01
2.096387147903442383e-01
1.885706186294555664e-01
1.714222282171249390e-01
1.587154865264892578e-01
1.516780406236648560e-01
1.436166316270828247e-01
1.398382037878036499e-01
1.384213715791702271e-01
1.348295360803604126e-01
1.377405077219009399e-01
1.345430314540863037e-01
1.318589299917221069e-01
1.286881715059280396e-01
1.302145868539810181e-01
1.299383789300918579e-01
1.309929639101028442e-01
1.266800910234451294e-01
1.257677525281906128e-01
1.285015493631362915e-01
1.275051385164260864e-01
1.237818226218223572e-01
1.246243938803672791e-01
1.247893050312995911e-01
1.271108835935592651e-01
1.260861158370971680e-01
