3.988766431808471680e+00
8.868271708488464355e-01
7.984139323234558105e-01
6.630663871765136719e-01
6.359819769859313965e-01
5.021267533302307129e-01
4.585439860820770264e-01
3.287310898303985596e-01
2.959527075290679932e-01
2.763318717479705811e-01
2.460354119539260864e-01
1.541575938463211060e-01
1.925139874219894409e-01
1.797996908426284790e-01
1.591901034116744995e-01
1.502694785594940186e-01
1.136116907000541687e-01
1.657896190881729126e-01
1.578388363122940063e-01
1.607806831598281860e-01
1.190494224429130554e-01
1.434562653303146362e-01
1.199690327048301697e-01
1.263405233621597290e-01
9.307170659303665161e-02
1.666534245014190674e-01
1.262621134519577026e-01
1.560128182172775269e-01
1.234870925545692444e-01
1.249318048357963562e-01
1.128724440932273865e-01
1.218202635645866394e-01
8.951354026794433594e-02
1.409186571836471558e-01
1.031452715396881104e-01
1.165506914258003235e-01
