1.000000000000000000e+00,3.736911773681640625e+00
1.124000000000000000e+03,6.585745811462402344e-01
2.249000000000000000e+03,3.214047551155090332e-01
3.374000000000000000e+03,2.648530900478363037e-01
4.499000000000000000e+03,1.496014744043350220e-01
5.624000000000000000e+03,1.210669875144958496e-01
6.749000000000000000e+03,9.595286846160888672e-02
7.874000000000000000e+03,6.782358139753341675e-02
8.999000000000000000e+03,1.306352764368057251e-01
1.012400000000000000e+04,1.252624392509460449e-01
1.124900000000000000e+04,1.200867295265197754e-01
1.237400000000000000e+04,1.017019003629684448e-01
1.349900000000000000e+04,9.845570474863052368e-02
1.462400000000000000e+04,9.703314304351806641e-02
1.574900000000000000e+04,1.349352300167083740e-01
1.687400000000000000e+04,1.199709922075271606e-01
1.799900000000000000e+04,1.285075098276138306e-01
1.912400000000000000e+04,8.875381946563720703e-02
