1.000000000000000000e+00,4.145233154296875000e+00
5.610000000000000000e+02,8.030166625976562500e-01
1.123000000000000000e+03,7.150727510452270508e-01
1.685000000000000000e+03,6.512774229049682617e-01
2.247000000000000000e+03,5.812665224075317383e-01
2.809000000000000000e+03,5.279127359390258789e-01
3.371000000000000000e+03,4.477258622646331787e-01
3.933000000000000000e+03,4.388972818851470947e-01
4.495000000000000000e+03,3.638350367546081543e-01
5.057000000000000000e+03,3.293769061565399170e-01
5.619000000000000000e+03,3.303246796131134033e-01
6.181000000000000000e+03,2.794544994831085205e-01
6.743000000000000000e+03,3.078024387359619141e-01
7.305000000000000000e+03,2.803271114826202393e-01
7.867000000000000000e+03,2.625575959682464600e-01
8.429000000000000000e+03,2.844766676425933838e-01
8.991000000000000000e+03,2.931089401245117188e-01
9.553000000000000000e+03,2.473022192716598511e-01
1.011500000000000000e+04,2.104307115077972412e-01
1.067700000000000000e+04,1.936411857604980469e-01
1.123900000000000000e+04,1.821922212839126587e-01
1.180100000000000000e+04,2.378035187721252441e-01
1.236300000000000000e+04,2.314919829368591309e-01
1.292500000000000000e+04,1.814989745616912842e-01
1.348700000000000000e+04,1.667873412370681763e-01
1.404900000000000000e+04,1.412746012210845947e-01
1.461100000000000000e+04,1.707887947559356689e-01
