1.000000000000000000e+00,9.856164455413818359e-01
5.610000000000000000e+02,3.038602769374847412e-01
1.123000000000000000e+03,1.709231138229370117e-01
1.685000000000000000e+03,1.753817796707153320e-01
2.247000000000000000e+03,1.226885691285133362e-01
2.809000000000000000e+03,1.557845473289489746e-01
3.371000000000000000e+03,2.037404328584671021e-01
3.933000000000000000e+03,1.395682692527770996e-01
4.495000000000000000e+03,4.833867028355598450e-02
5.057000000000000000e+03,1.127193868160247803e-01
5.619000000000000000e+03,2.495517730712890625e-01
6.181000000000000000e+03,6.925934553146362305e-02
6.743000000000000000e+03,1.296099871397018433e-01
7.305000000000000000e+03,1.076541021466255188e-01
7.867000000000000000e+03,1.360187381505966187e-01
8.429000000000000000e+03,1.095483973622322083e-01
8.991000000000000000e+03,1.400369852781295776e-01
9.553000000000000000e+03,9.389214962720870972e-02
1.011500000000000000e+04,7.487850636243820190e-02
1.067700000000000000e+04,8.239833265542984009e-02
1.123900000000000000e+04,1.158445104956626892e-01
1.180100000000000000e+04,1.087594628334045410e-01
1.236300000000000000e+04,8.705111593008041382e-02
1.292500000000000000e+04,1.376363784074783325e-01
1.348700000000000000e+04,8.169394731521606445e-02
1.404900000000000000e+04,1.563397943973541260e-01
1.461100000000000000e+04,1.626494526863098145e-01
