1.000000000000000000e+00,9.473510384559631348e-01
5.610000000000000000e+02,7.889960706233978271e-02
1.123000000000000000e+03,4.606145620346069336e-02
1.685000000000000000e+03,3.719210997223854065e-02
2.247000000000000000e+03,5.315249785780906677e-02
2.809000000000000000e+03,7.386065274477005005e-02
3.371000000000000000e+03,5.369624868035316467e-02
3.933000000000000000e+03,5.660400912165641785e-02
4.495000000000000000e+03,3.158038854598999023e-02
5.057000000000000000e+03,5.350071471184492111e-03
5.619000000000000000e+03,8.051876723766326904e-02
6.181000000000000000e+03,4.505782201886177063e-02
6.743000000000000000e+03,4.294870793819427490e-02
7.305000000000000000e+03,4.003201425075531006e-02
7.867000000000000000e+03,2.506455220282077789e-02
8.429000000000000000e+03,2.968931943178176880e-02
8.991000000000000000e+03,5.186411738395690918e-02
9.553000000000000000e+03,7.295244932174682617e-02
1.011500000000000000e+04,3.137728432193398476e-03
1.067700000000000000e+04,4.475020244717597961e-02
1.123900000000000000e+04,4.720469936728477478e-02
1.180100000000000000e+04,3.978714346885681152e-03
1.236300000000000000e+04,1.030475366860628128e-02
1.292500000000000000e+04,4.257434606552124023e-02
1.348700000000000000e+04,7.285884767770767212e-02
1.404900000000000000e+04,4.453488066792488098e-02
1.461100000000000000e+04,7.842465303838253021e-03
1.517300000000000000e+04,5.504486337304115295e-02
1.573500000000000000e+04,1.676922850310802460e-02
1.629700000000000000e+04,2.231532521545886993e-02
1.685900000000000000e+04,2.359525673091411591e-02
1.742100000000000000e+04,2.684071101248264313e-02
1.798300000000000000e+04,3.223308548331260681e-02
1.854500000000000000e+04,2.457656711339950562e-02
1.910700000000000000e+04,2.650466747581958771e-02
1.966900000000000000e+04,3.124887822195887566e-03
