1.000000000000000000e+00,9.942149519920349121e-01
5.610000000000000000e+02,1.299123317003250122e-01
1.123000000000000000e+03,4.634894803166389465e-02
1.685000000000000000e+03,6.025059148669242859e-02
2.247000000000000000e+03,6.010800227522850037e-02
2.809000000000000000e+03,8.878371864557266235e-02
3.371000000000000000e+03,4.977268353104591370e-02
3.933000000000000000e+03,8.565825223922729492e-02
4.495000000000000000e+03,4.410904645919799805e-02
5.057000000000000000e+03,6.808670703321695328e-03
5.619000000000000000e+03,8.030008524656295776e-02
6.181000000000000000e+03,4.515448585152626038e-02
6.743000000000000000e+03,8.000121265649795532e-02
7.305000000000000000e+03,6.509765237569808960e-02
7.867000000000000000e+03,3.800265118479728699e-02
8.429000000000000000e+03,2.384671755135059357e-02
8.991000000000000000e+03,6.181693449616432190e-02
9.553000000000000000e+03,5.124967172741889954e-02
1.011500000000000000e+04,1.258019707165658474e-03
1.067700000000000000e+04,7.575062662363052368e-02
1.123900000000000000e+04,4.105981066823005676e-02
1.180100000000000000e+04,2.729870378971099854e-02
1.236300000000000000e+04,2.304106950759887695e-03
1.292500000000000000e+04,2.977812290191650391e-02
1.348700000000000000e+04,5.147283896803855896e-02
1.404900000000000000e+04,7.248125225305557251e-02
1.461100000000000000e+04,7.568113971501588821e-03
1.517300000000000000e+04,3.022925555706024170e-02
1.573500000000000000e+04,2.815100550651550293e-02
1.629700000000000000e+04,2.837398089468479156e-02
1.685900000000000000e+04,2.192141115665435791e-02
1.742100000000000000e+04,2.121695317327976227e-02
1.798300000000000000e+04,3.118886612355709076e-02
1.854500000000000000e+04,3.497345000505447388e-02
1.910700000000000000e+04,3.420929610729217529e-02
1.966900000000000000e+04,7.441103458404541016e-03
