1.000000000000000000e+00,1.569687008857727051e+00
5.610000000000000000e+02,7.285206913948059082e-01
1.123000000000000000e+03,6.414831876754760742e-01
1.685000000000000000e+03,5.740802884101867676e-01
2.247000000000000000e+03,5.106496214866638184e-01
2.809000000000000000e+03,4.468360543251037598e-01
3.371000000000000000e+03,4.180098772048950195e-01
3.933000000000000000e+03,3.907032012939453125e-01
4.495000000000000000e+03,3.444246649742126465e-01
5.057000000000000000e+03,3.578004837036132812e-01
5.619000000000000000e+03,3.452713489532470703e-01
6.181000000000000000e+03,2.967985272407531738e-01
6.743000000000000000e+03,3.074124753475189209e-01
7.305000000000000000e+03,2.445709854364395142e-01
7.867000000000000000e+03,2.179934382438659668e-01
8.429000000000000000e+03,2.209780812263488770e-01
8.991000000000000000e+03,2.437757551670074463e-01
9.553000000000000000e+03,2.566522955894470215e-01
1.011500000000000000e+04,2.468289136886596680e-01
1.067700000000000000e+04,2.048177570104598999e-01
1.123900000000000000e+04,2.080662846565246582e-01
1.180100000000000000e+04,2.199954092502593994e-01
1.236300000000000000e+04,2.201063036918640137e-01
1.292500000000000000e+04,1.971141099929809570e-01
1.348700000000000000e+04,1.711872816085815430e-01
1.404900000000000000e+04,1.829692721366882324e-01
1.461100000000000000e+04,2.068284898996353149e-01
