1.000000000000000000e+00,1.013259530067443848e+00
5.610000000000000000e+02,2.595750093460083008e-01
1.123000000000000000e+03,8.584352582693099976e-02
1.685000000000000000e+03,7.791903614997863770e-02
2.247000000000000000e+03,5.487354472279548645e-02
2.809000000000000000e+03,9.768575429916381836e-02
3.371000000000000000e+03,5.570165812969207764e-02
3.933000000000000000e+03,9.136120229959487915e-02
4.495000000000000000e+03,6.521016359329223633e-02
5.057000000000000000e+03,6.747683975845575333e-03
5.619000000000000000e+03,7.476276904344558716e-02
6.181000000000000000e+03,6.021313741803169250e-02
6.743000000000000000e+03,7.002716511487960815e-02
7.305000000000000000e+03,7.575383037328720093e-02
7.867000000000000000e+03,3.337299823760986328e-02
8.429000000000000000e+03,4.634404554963111877e-02
8.991000000000000000e+03,6.675698608160018921e-02
9.553000000000000000e+03,1.084414422512054443e-01
1.011500000000000000e+04,1.080054556950926781e-03
1.067700000000000000e+04,7.537339627742767334e-02
1.123900000000000000e+04,6.596352159976959229e-02
1.180100000000000000e+04,1.789660565555095673e-02
1.236300000000000000e+04,2.057315595448017120e-02
1.292500000000000000e+04,7.506401091814041138e-02
1.348700000000000000e+04,6.255087256431579590e-02
1.404900000000000000e+04,1.265303939580917358e-01
1.461100000000000000e+04,2.634328417479991913e-02
1.517300000000000000e+04,5.473738536238670349e-02
1.573500000000000000e+04,3.766806051135063171e-02
1.629700000000000000e+04,4.311180487275123596e-02
1.685900000000000000e+04,6.196895241737365723e-02
1.742100000000000000e+04,4.550386965274810791e-02
1.798300000000000000e+04,4.382792487740516663e-02
1.854500000000000000e+04,4.028958827257156372e-02
1.910700000000000000e+04,3.122802823781967163e-03
1.966900000000000000e+04,4.704049602150917053e-02
