1.000000000000000000e+00,9.890416264533996582e-01
5.610000000000000000e+02,8.695494383573532104e-02
1.123000000000000000e+03,5.904427543282508850e-02
1.685000000000000000e+03,4.175387695431709290e-02
2.247000000000000000e+03,5.959561467170715332e-02
2.809000000000000000e+03,5.977967754006385803e-02
3.371000000000000000e+03,5.498454347252845764e-02
3.933000000000000000e+03,8.470597118139266968e-02
4.495000000000000000e+03,5.287529528141021729e-02
5.057000000000000000e+03,9.256684221327304840e-03
5.619000000000000000e+03,7.212807983160018921e-02
6.181000000000000000e+03,3.852888196706771851e-02
6.743000000000000000e+03,7.196572422981262207e-02
7.305000000000000000e+03,5.378324165940284729e-02
7.867000000000000000e+03,4.458692297339439392e-02
8.429000000000000000e+03,3.136940300464630127e-02
8.991000000000000000e+03,4.840696230530738831e-02
9.553000000000000000e+03,8.380693197250366211e-02
1.011500000000000000e+04,2.347966423258185387e-03
1.067700000000000000e+04,4.138628020882606506e-02
1.123900000000000000e+04,6.989116221666336060e-02
1.180100000000000000e+04,3.092984110116958618e-02
1.236300000000000000e+04,1.319171208888292313e-02
1.292500000000000000e+04,3.511516749858856201e-02
1.348700000000000000e+04,5.529659613966941833e-02
1.404900000000000000e+04,8.042481541633605957e-02
1.461100000000000000e+04,5.759913474321365356e-03
1.517300000000000000e+04,3.786469623446464539e-02
1.573500000000000000e+04,3.866801783442497253e-02
1.629700000000000000e+04,3.969562053680419922e-02
1.685900000000000000e+04,2.411971241235733032e-02
1.742100000000000000e+04,3.430448099970817566e-02
1.798300000000000000e+04,4.576794430613517761e-02
1.854500000000000000e+04,2.477017976343631744e-02
1.910700000000000000e+04,1.534438598901033401e-02
1.966900000000000000e+04,3.682715073227882385e-02
