1.000000000000000000e+00,4.595596313476562500e+00
5.610000000000000000e+02,8.012307882308959961e-01
1.123000000000000000e+03,7.200278043746948242e-01
1.685000000000000000e+03,6.789903640747070312e-01
2.247000000000000000e+03,6.011465191841125488e-01
2.809000000000000000e+03,5.501219034194946289e-01
3.371000000000000000e+03,4.565172791481018066e-01
3.933000000000000000e+03,4.935072064399719238e-01
4.495000000000000000e+03,4.185262024402618408e-01
5.057000000000000000e+03,3.581933975219726562e-01
5.619000000000000000e+03,3.194864392280578613e-01
6.181000000000000000e+03,3.074787259101867676e-01
6.743000000000000000e+03,3.168207406997680664e-01
7.305000000000000000e+03,2.594233155250549316e-01
7.867000000000000000e+03,3.037968873977661133e-01
8.429000000000000000e+03,2.783201932907104492e-01
8.991000000000000000e+03,2.442558854818344116e-01
9.553000000000000000e+03,2.017406374216079712e-01
1.011500000000000000e+04,2.439209520816802979e-01
1.067700000000000000e+04,1.778841614723205566e-01
1.123900000000000000e+04,1.694983839988708496e-01
1.180100000000000000e+04,1.889925301074981689e-01
1.236300000000000000e+04,1.813261955976486206e-01
1.292500000000000000e+04,1.502159684896469116e-01
1.348700000000000000e+04,1.808627545833587646e-01
1.404900000000000000e+04,1.287997961044311523e-01
1.461100000000000000e+04,1.498456597328186035e-01
