1.000000000000000000e+00,3.249277591705322266e+00
5.610000000000000000e+02,8.396063446998596191e-01
1.123000000000000000e+03,7.214815616607666016e-01
1.685000000000000000e+03,6.286429762840270996e-01
2.247000000000000000e+03,6.234165430068969727e-01
2.809000000000000000e+03,5.212271809577941895e-01
3.371000000000000000e+03,4.836441278457641602e-01
3.933000000000000000e+03,4.443721175193786621e-01
4.495000000000000000e+03,3.819043934345245361e-01
5.057000000000000000e+03,3.445355594158172607e-01
5.619000000000000000e+03,3.232346177101135254e-01
6.181000000000000000e+03,3.211132586002349854e-01
6.743000000000000000e+03,3.062612414360046387e-01
7.305000000000000000e+03,2.341233640909194946e-01
7.867000000000000000e+03,2.451036274433135986e-01
8.429000000000000000e+03,2.658966183662414551e-01
8.991000000000000000e+03,2.406465262174606323e-01
9.553000000000000000e+03,1.990258693695068359e-01
1.011500000000000000e+04,2.023515105247497559e-01
1.067700000000000000e+04,1.696223318576812744e-01
1.123900000000000000e+04,1.995283365249633789e-01
1.180100000000000000e+04,2.098889052867889404e-01
1.236300000000000000e+04,2.273555248975753784e-01
1.292500000000000000e+04,1.906790584325790405e-01
1.348700000000000000e+04,1.588697135448455811e-01
1.404900000000000000e+04,1.471646130084991455e-01
1.461100000000000000e+04,1.632828563451766968e-01
