1.000000000000000000e+00,2.069813251495361328e+00
5.610000000000000000e+02,7.472574114799499512e-01
1.123000000000000000e+03,6.772893071174621582e-01
1.685000000000000000e+03,6.017801165580749512e-01
2.247000000000000000e+03,5.211296081542968750e-01
2.809000000000000000e+03,4.443125724792480469e-01
3.371000000000000000e+03,4.452824890613555908e-01
3.933000000000000000e+03,3.748440444469451904e-01
4.495000000000000000e+03,3.264421820640563965e-01
5.057000000000000000e+03,2.981526851654052734e-01
5.619000000000000000e+03,2.939547002315521240e-01
6.181000000000000000e+03,2.532324790954589844e-01
6.743000000000000000e+03,2.592110633850097656e-01
7.305000000000000000e+03,2.406872957944869995e-01
7.867000000000000000e+03,2.145446240901947021e-01
8.429000000000000000e+03,2.275610566139221191e-01
8.991000000000000000e+03,1.865637004375457764e-01
9.553000000000000000e+03,2.068444490432739258e-01
1.011500000000000000e+04,2.067191898822784424e-01
1.067700000000000000e+04,1.812000274658203125e-01
1.123900000000000000e+04,1.576699763536453247e-01
1.180100000000000000e+04,2.044745981693267822e-01
1.236300000000000000e+04,1.641742289066314697e-01
1.292500000000000000e+04,1.936272382736206055e-01
1.348700000000000000e+04,1.397811472415924072e-01
1.404900000000000000e+04,1.075978279113769531e-01
1.461100000000000000e+04,1.348698288202285767e-01
