1.000000000000000000e+00,1.458711266517639160e+00
5.610000000000000000e+02,7.080717682838439941e-01
1.123000000000000000e+03,5.877455472946166992e-01
1.685000000000000000e+03,4.712154865264892578e-01
2.247000000000000000e+03,3.948533236980438232e-01
2.809000000000000000e+03,3.425702452659606934e-01
3.371000000000000000e+03,3.376241922378540039e-01
3.933000000000000000e+03,3.078348934650421143e-01
4.495000000000000000e+03,2.871922850608825684e-01
5.057000000000000000e+03,2.352165430784225464e-01
5.619000000000000000e+03,2.708525359630584717e-01
6.181000000000000000e+03,1.784240007400512695e-01
6.743000000000000000e+03,2.355537563562393188e-01
7.305000000000000000e+03,1.514930427074432373e-01
7.867000000000000000e+03,1.952071785926818848e-01
8.429000000000000000e+03,1.846247613430023193e-01
8.991000000000000000e+03,1.879172325134277344e-01
9.553000000000000000e+03,1.475519388914108276e-01
1.011500000000000000e+04,2.149698734283447266e-01
1.067700000000000000e+04,1.286547333002090454e-01
1.123900000000000000e+04,1.244723051786422729e-01
1.180100000000000000e+04,1.904355585575103760e-01
1.236300000000000000e+04,1.492986083030700684e-01
1.292500000000000000e+04,1.349505335092544556e-01
1.348700000000000000e+04,8.842080086469650269e-02
1.404900000000000000e+04,1.285497695207595825e-01
1.461100000000000000e+04,1.699869334697723389e-01
