1.000000000000000000e+00,1.236390948295593262e+00
5.610000000000000000e+02,6.877717375755310059e-01
1.123000000000000000e+03,5.499190092086791992e-01
1.685000000000000000e+03,4.097731411457061768e-01
2.247000000000000000e+03,3.644596338272094727e-01
2.809000000000000000e+03,2.987674474716186523e-01
3.371000000000000000e+03,2.915325164794921875e-01
3.933000000000000000e+03,2.598153948783874512e-01
4.495000000000000000e+03,2.168711870908737183e-01
5.057000000000000000e+03,2.216051071882247925e-01
5.619000000000000000e+03,2.528503537178039551e-01
6.181000000000000000e+03,1.480599194765090942e-01
6.743000000000000000e+03,2.143577933311462402e-01
7.305000000000000000e+03,1.318634003400802612e-01
7.867000000000000000e+03,1.583200693130493164e-01
8.429000000000000000e+03,1.660790741443634033e-01
8.991000000000000000e+03,1.509132385253906250e-01
9.553000000000000000e+03,1.645395010709762573e-01
1.011500000000000000e+04,1.476668417453765869e-01
1.067700000000000000e+04,1.195402890443801880e-01
1.123900000000000000e+04,1.098016053438186646e-01
1.180100000000000000e+04,1.617082655429840088e-01
1.236300000000000000e+04,1.218668073415756226e-01
1.292500000000000000e+04,1.643808782100677490e-01
1.348700000000000000e+04,9.603883326053619385e-02
1.404900000000000000e+04,8.188806474208831787e-02
1.461100000000000000e+04,1.302442103624343872e-01
