1.000000000000000000e+00,3.428888559341430664e+00
5.610000000000000000e+02,8.043013215065002441e-01
1.123000000000000000e+03,7.364866733551025391e-01
1.685000000000000000e+03,6.536155939102172852e-01
2.247000000000000000e+03,5.743678808212280273e-01
2.809000000000000000e+03,4.449108242988586426e-01
3.371000000000000000e+03,4.000300168991088867e-01
3.933000000000000000e+03,3.542329370975494385e-01
4.495000000000000000e+03,3.164966404438018799e-01
5.057000000000000000e+03,3.123170435428619385e-01
5.619000000000000000e+03,2.493669688701629639e-01
6.181000000000000000e+03,2.395246177911758423e-01
6.743000000000000000e+03,2.665726244449615479e-01
7.305000000000000000e+03,2.175223529338836670e-01
7.867000000000000000e+03,2.059873938560485840e-01
8.429000000000000000e+03,2.621296048164367676e-01
8.991000000000000000e+03,2.317663729190826416e-01
9.553000000000000000e+03,1.834082901477813721e-01
1.011500000000000000e+04,2.511332333087921143e-01
1.067700000000000000e+04,1.690555959939956665e-01
1.123900000000000000e+04,1.479542255401611328e-01
1.180100000000000000e+04,2.164245992898941040e-01
1.236300000000000000e+04,1.810456067323684692e-01
1.292500000000000000e+04,1.716880500316619873e-01
1.348700000000000000e+04,1.301630139350891113e-01
1.404900000000000000e+04,1.337187290191650391e-01
1.461100000000000000e+04,1.655680686235427856e-01
