1.000000000000000000e+00,1.005036711692810059e+00
5.610000000000000000e+02,9.550821781158447266e-02
1.123000000000000000e+03,6.361918896436691284e-02
1.685000000000000000e+03,6.849066913127899170e-02
2.247000000000000000e+03,5.136951804161071777e-02
2.809000000000000000e+03,7.130856812000274658e-02
3.371000000000000000e+03,5.735341086983680725e-02
3.933000000000000000e+03,6.538366526365280151e-02
4.495000000000000000e+03,6.069498881697654724e-02
5.057000000000000000e+03,5.332132335752248764e-03
5.619000000000000000e+03,8.222996443510055542e-02
6.181000000000000000e+03,5.577065423130989075e-02
6.743000000000000000e+03,8.524460345506668091e-02
7.305000000000000000e+03,7.009487599134445190e-02
7.867000000000000000e+03,3.215501084923744202e-02
8.429000000000000000e+03,4.708926007151603699e-02
8.991000000000000000e+03,6.567806750535964966e-02
9.553000000000000000e+03,9.327369928359985352e-02
1.011500000000000000e+04,1.154071930795907974e-02
1.067700000000000000e+04,5.264629051089286804e-02
1.123900000000000000e+04,6.889737397432327271e-02
1.180100000000000000e+04,1.645405031740665436e-02
1.236300000000000000e+04,3.477778658270835876e-02
1.292500000000000000e+04,5.639846622943878174e-02
1.348700000000000000e+04,5.984649434685707092e-02
1.404900000000000000e+04,9.482469409704208374e-02
1.461100000000000000e+04,3.070130385458469391e-02
1.517300000000000000e+04,4.720506072044372559e-02
1.573500000000000000e+04,5.972134694457054138e-02
1.629700000000000000e+04,1.801588200032711029e-02
1.685900000000000000e+04,2.233929745852947235e-02
1.742100000000000000e+04,1.754908822476863861e-02
1.798300000000000000e+04,2.889904193580150604e-02
1.854500000000000000e+04,1.739246584475040436e-02
1.910700000000000000e+04,1.874831691384315491e-02
1.966900000000000000e+04,1.839912869036197662e-02
