1.000000000000000000e+00,9.934087395668029785e-01
5.610000000000000000e+02,1.034730970859527588e-01
1.123000000000000000e+03,6.782072037458419800e-02
1.685000000000000000e+03,5.177439749240875244e-02
2.247000000000000000e+03,4.088814184069633484e-02
2.809000000000000000e+03,5.970434844493865967e-02
3.371000000000000000e+03,4.895944893360137939e-02
3.933000000000000000e+03,5.621503293514251709e-02
4.495000000000000000e+03,2.467508800327777863e-02
5.057000000000000000e+03,5.404066294431686401e-03
5.619000000000000000e+03,2.127525396645069122e-02
6.181000000000000000e+03,3.633783385157585144e-02
6.743000000000000000e+03,1.268171425908803940e-02
7.305000000000000000e+03,3.256434947252273560e-02
7.867000000000000000e+03,1.097996905446052551e-02
8.429000000000000000e+03,1.090820506215095520e-02
8.991000000000000000e+03,1.061661541461944580e-02
9.553000000000000000e+03,3.419411554932594299e-02
1.011500000000000000e+04,9.455843974137678742e-05
1.067700000000000000e+04,2.540964074432849884e-02
1.123900000000000000e+04,2.267446555197238922e-02
1.180100000000000000e+04,1.571169123053550720e-03
1.236300000000000000e+04,3.519118996337056160e-03
1.292500000000000000e+04,1.819374039769172668e-02
1.348700000000000000e+04,1.614023558795452118e-02
1.404900000000000000e+04,2.212803624570369720e-02
1.461100000000000000e+04,6.428676191717386246e-03
1.517300000000000000e+04,1.525321602821350098e-02
1.573500000000000000e+04,4.622494088835082948e-05
1.629700000000000000e+04,5.366515251807868481e-04
1.685900000000000000e+04,7.220037281513214111e-03
1.742100000000000000e+04,1.275316905230283737e-02
1.798300000000000000e+04,3.956723026931285858e-03
1.854500000000000000e+04,9.947939543053507805e-05
1.910700000000000000e+04,2.583779161795973778e-03
1.966900000000000000e+04,7.514457684010267258e-04
