2.535702705383300781e+00
7.208322286605834961e-01
6.200473308563232422e-01
5.474166274070739746e-01
4.938346445560455322e-01
4.405491650104522705e-01
3.905510604381561279e-01
3.607572615146636963e-01
3.349292874336242676e-01
3.108451068401336670e-01
2.860624194145202637e-01
2.605698406696319580e-01
2.395768165588378906e-01
2.178172916173934937e-01
1.917026787996292114e-01
1.682068407535552979e-01
1.547068953514099121e-01
1.408944576978683472e-01
1.320339292287826538e-01
1.268320381641387939e-01
1.192667484283447266e-01
1.116040796041488647e-01
1.068167313933372498e-01
