2.659497261047363281e+00
7.254669666290283203e-01
6.238331794738769531e-01
5.822783112525939941e-01
4.925243258476257324e-01
4.176593720912933350e-01
3.587174713611602783e-01
3.569864034652709961e-01
2.736080288887023926e-01
3.129250109195709229e-01
2.796594500541687012e-01
2.368988394737243652e-01
2.528522014617919922e-01
2.177077382802963257e-01
2.147358357906341553e-01
1.832983195781707764e-01
1.805153787136077881e-01
1.882103532552719116e-01
1.566402912139892578e-01
1.582801342010498047e-01
1.467155516147613525e-01
1.233205944299697876e-01
1.219435185194015503e-01
