1.842251896858215332e+00
6.563954949378967285e-01
6.271414160728454590e-01
6.005528569221496582e-01
5.829668641090393066e-01
5.712379813194274902e-01
5.624698996543884277e-01
5.554068088531494141e-01
5.517941713333129883e-01
5.509373545646667480e-01
5.502513051033020020e-01
5.487354397773742676e-01
5.465473532676696777e-01
5.434971451759338379e-01
5.381571650505065918e-01
5.323975682258605957e-01
5.280038714408874512e-01
5.233910679817199707e-01
5.207111239433288574e-01
5.178673267364501953e-01
5.163872241973876953e-01
5.143840312957763672e-01
5.130235552787780762e-01
5.120910406112670898e-01
5.113670229911804199e-01
5.109982490539550781e-01
5.106700062751770020e-01
5.103644132614135742e-01
5.104224681854248047e-01
5.104070901870727539e-01
5.095866918563842773e-01
5.091684460639953613e-01
5.088301301002502441e-01
5.083117485046386719e-01
5.082282423973083496e-01
5.079891681671142578e-01
