1.835525155067443848e+00
6.282718777656555176e-01
6.019031405448913574e-01
6.001690030097961426e-01
5.966475009918212891e-01
5.792966485023498535e-01
5.831170678138732910e-01
5.650131106376647949e-01
5.796315670013427734e-01
5.515415668487548828e-01
5.600993037223815918e-01
5.401230454444885254e-01
5.398343801498413086e-01
5.431354641914367676e-01
5.182527899742126465e-01
5.519886016845703125e-01
5.277397036552429199e-01
5.375850796699523926e-01
5.315387845039367676e-01
5.350794196128845215e-01
5.293343663215637207e-01
5.211718678474426270e-01
5.305054187774658203e-01
5.388927459716796875e-01
5.290499925613403320e-01
5.310007929801940918e-01
5.130774378776550293e-01
5.140817165374755859e-01
5.169236063957214355e-01
5.193532109260559082e-01
5.237979888916015625e-01
5.239385962486267090e-01
5.195019245147705078e-01
5.038483142852783203e-01
5.196530818939208984e-01
5.174687504768371582e-01
