1.000000000000000000e+00,9.997046589851379395e-01
5.610000000000000000e+02,8.739131689071655273e-02
1.123000000000000000e+03,4.026139155030250549e-02
1.685000000000000000e+03,4.560090228915214539e-02
2.247000000000000000e+03,5.392594635486602783e-02
2.809000000000000000e+03,5.903425812721252441e-02
3.371000000000000000e+03,5.200279876589775085e-02
3.933000000000000000e+03,5.930897966027259827e-02
4.495000000000000000e+03,3.025520592927932739e-02
5.057000000000000000e+03,5.212420597672462463e-03
5.619000000000000000e+03,6.797485053539276123e-02
6.181000000000000000e+03,1.812781952321529388e-02
6.743000000000000000e+03,4.051457718014717102e-02
7.305000000000000000e+03,4.396047815680503845e-02
7.867000000000000000e+03,1.716598495841026306e-02
8.429000000000000000e+03,1.998337917029857635e-02
8.991000000000000000e+03,3.671940788626670837e-02
9.553000000000000000e+03,7.354241609573364258e-02
1.011500000000000000e+04,5.777211859822273254e-03
1.067700000000000000e+04,2.353714965283870697e-02
1.123900000000000000e+04,4.555918648838996887e-02
1.180100000000000000e+04,8.154039271175861359e-03
1.236300000000000000e+04,7.401451002806425095e-03
1.292500000000000000e+04,3.447161242365837097e-02
1.348700000000000000e+04,4.033288732171058655e-02
1.404900000000000000e+04,9.251794964075088501e-02
1.461100000000000000e+04,9.506626985967159271e-03
1.517300000000000000e+04,4.787306115031242371e-02
1.573500000000000000e+04,2.208497934043407440e-02
1.629700000000000000e+04,2.620619349181652069e-02
1.685900000000000000e+04,5.479815881699323654e-03
1.742100000000000000e+04,3.540283767506480217e-03
1.798300000000000000e+04,3.382032364606857300e-02
1.854500000000000000e+04,3.321994328871369362e-03
1.910700000000000000e+04,4.520933609455823898e-03
1.966900000000000000e+04,8.480566553771495819e-03
