1.000000000000000000e+00,8.480973243713378906e-01
5.610000000000000000e+02,9.443407505750656128e-02
1.123000000000000000e+03,6.146362423896789551e-02
1.685000000000000000e+03,5.025849118828773499e-02
2.247000000000000000e+03,3.840399906039237976e-02
2.809000000000000000e+03,6.714355945587158203e-02
3.371000000000000000e+03,3.722062334418296814e-02
3.933000000000000000e+03,6.114726886153221130e-02
4.495000000000000000e+03,2.861361205577850342e-02
5.057000000000000000e+03,8.986741304397583008e-03
5.619000000000000000e+03,5.410702154040336609e-02
6.181000000000000000e+03,1.683500409126281738e-02
6.743000000000000000e+03,4.302465915679931641e-02
7.305000000000000000e+03,2.572435140609741211e-02
7.867000000000000000e+03,1.115997508168220520e-02
8.429000000000000000e+03,1.877207681536674500e-02
8.991000000000000000e+03,2.959344349801540375e-02
9.553000000000000000e+03,4.542520642280578613e-02
1.011500000000000000e+04,8.160401484929025173e-04
1.067700000000000000e+04,2.870682394132018089e-03
1.123900000000000000e+04,5.218333378434181213e-02
1.180100000000000000e+04,7.873506285250186920e-03
1.236300000000000000e+04,1.945304567925632000e-03
1.292500000000000000e+04,3.323142603039741516e-02
1.348700000000000000e+04,4.203771054744720459e-02
1.404900000000000000e+04,5.581940338015556335e-02
1.461100000000000000e+04,3.767064772546291351e-03
1.517300000000000000e+04,3.460851311683654785e-02
1.573500000000000000e+04,2.338260179385542870e-03
1.629700000000000000e+04,9.919198928400874138e-04
1.685900000000000000e+04,6.726383697241544724e-03
1.742100000000000000e+04,3.895102767273783684e-03
1.798300000000000000e+04,2.897524833679199219e-02
1.854500000000000000e+04,7.677334942854940891e-04
1.910700000000000000e+04,2.095632068812847137e-02
1.966900000000000000e+04,1.203858479857444763e-02
