2.017567426446476020e-02,2.331600804609479383e-03,1.434042718756245449e-03,1.213820350039895857e+00,1.224391045314405346e+00,1.213820350039895857e+00,1.229492134796601022e+00,1.377071159622573759e-01,1.219390326212305808e+00,2.782897716351726558e-01,1.219390326212305808e+00,1.219390326212305808e+00,1.213820350039895857e+00,0.000000000000000000e+00,1.507677962978050346e+00,1.219390326212305808e+00
2.259681357827503234e-02,1.594200553226983175e-01,2.923130620911251754e-02,2.666684000039822422e+00,2.378432212615734898e+00,2.666684000039822422e+00,2.267403675461537205e+00,1.580326999828685075e-02,2.857146023059613071e+00,3.356812762358458713e-01,2.857146023059613071e+00,2.857146023059613071e+00,2.666684000039822422e+00,1.109813310467870906e-01,2.479085396262235008e+00,2.857146023059613071e+00
3.634950624546036124e-01,5.799008085159584880e-02,7.556726009352132678e-02,1.118107001777389087e+00,1.209230821128585376e+00,1.118107001777389087e+00,1.641744400854804553e+00,1.254982211394235492e-01,8.842620279756374657e-01,1.152428979403339326e-01,8.842620279756374657e-01,8.842620279756374657e-01,1.118107001777389087e+00,1.103835087269544601e-02,1.905824165340163745e+00,8.842620279756374657e-01
3.455519340059254318e-02,0.000000000000000000e+00,0.000000000000000000e+00,9.935157336949487217e-01,1.385893383157963399e+00,9.935157336949487217e-01,9.805664714149315841e-01,0.000000000000000000e+00,1.408391597775334958e+00,1.009787541552213952e-01,1.408391597775334958e+00,1.408391597775334958e+00,9.935157336949487217e-01,0.000000000000000000e+00,9.798872906903852709e-01,1.408391597775334958e+00
2.199578861182089895e-01,0.000000000000000000e+00,0.000000000000000000e+00,1.058909720104566077e+00,1.049376073082385119e+00,1.058909720104566077e+00,1.056038490285573062e+00,0.000000000000000000e+00,1.050002615149423946e+00,1.804068640558398329e-02,1.050002615149423946e+00,1.050002615149423946e+00,1.058909720104566077e+00,0.000000000000000000e+00,1.066355592047329992e+00,1.050002615149423946e+00
0.000000000000000000e+00,0.000000000000000000e+00,0.000000000000000000e+00,0.000000000000000000e+00,0.000000000000000000e+00,0.000000000000000000e+00,0.000000000000000000e+00,5.466441623866558075e-03,0.000000000000000000e+00,0.000000000000000000e+00,0.000000000000000000e+00,0.000000000000000000e+00,0.000000000000000000e+00,0.000000000000000000e+00,0.000000000000000000e+00,0.000000000000000000e+00
4.037062010029330850e-01,8.292191684595309198e-01,3.373428530176170170e-01,9.563412316492758691e-02,2.667730418907012790e-01,9.563412316492758691e-02,3.572024133754894137e-01,9.132522404543124139e-01,1.904218109266366810e-01,5.784818580723367631e-01,1.904218109266366810e-01,1.904218109266366810e-01,9.563412316492758691e-02,3.101426552457269281e-01,4.197846961906179786e-01,1.904218109266366810e-01
2.356679685544804670e-01,0.000000000000000000e+00,0.000000000000000000e+00,1.204420342281082412e+00,4.344754054945951793e-01,1.204420342281082412e+00,4.174786031726398505e-01,0.000000000000000000e+00,1.207404669938114239e+00,1.102928566979244351e-01,1.207404669938114239e+00,1.207404669938114239e+00,1.204420342281082412e+00,5.311577358079375699e-01,1.163894639455975266e+00,1.207404669938114239e+00
5.278651871776673943e-01,2.540911627875175327e-02,4.152969035203568637e-03,1.546743552273255773e+00,1.545845313652534969e+00,1.546743552273255773e+00,1.539669932171818800e+00,4.215064676827751100e-03,1.544276448388700373e+00,2.432379379388294183e-01,1.544276448388700373e+00,1.544276448388700373e+00,1.546743552273255773e+00,0.000000000000000000e+00,1.545744184943032451e+00,1.544276448388700373e+00
1.614009951590560377e-01,3.249698827276006341e-01,1.214144383557140827e-01,1.724879646790213883e+00,1.627758676302619278e+00,1.724879646790213883e+00,1.892613219213671982e+00,1.273327767848968506e-01,1.350953692686744034e+00,4.184359363862313330e-01,1.350953692686744034e+00,1.350953692686744034e+00,1.724879646790213883e+00,7.292076293379068375e-02,1.632113238913007081e+00,1.350953692686744034e+00
1.965245765590225346e+00,1.876317740141530521e+00,1.736728888892685063e+00,2.351428388574277051e+00,2.410146745809470303e+00,2.351428388574277051e+00,2.341520401605521329e+00,1.722531320949201472e+00,2.466943017163430341e+00,1.991812712236423977e+00,2.466943017163430341e+00,2.466943017163430341e+00,2.351428388574277051e+00,1.744205057577346452e+00,2.343344009437714703e+00,2.466943017163430341e+00
9.141788780107162893e-02,9.461180801736190915e-03,5.775402975268661976e-02,1.305354084179271013e+00,1.325884851452428848e+00,1.305354084179271013e+00,1.295916744333226234e+00,0.000000000000000000e+00,1.321508451655972749e+00,7.115723072492983192e-01,1.321508451655972749e+00,1.321508451655972749e+00,1.305354084179271013e+00,0.000000000000000000e+00,1.231278127263067290e+00,1.321508451655972749e+00
1.376394813065417111e+00,3.923770093824714422e-01,2.292969662230461836e-01,4.116761547047644854e-01,3.956821851897984743e-01,4.116761547047644854e-01,4.285067406017333269e-01,7.518479480349924415e-01,2.682789913378655910e-01,6.439254091528709978e-01,2.682789913378655910e-01,2.682789913378655910e-01,4.116761547047644854e-01,5.396413372363895178e-01,5.667320344946347177e-01,2.682789913378655910e-01
1.553675791947171092e-01,3.087640602752799168e-01,3.458138869755202904e-01,8.982534871029201895e-01,7.826809898542705923e-01,8.982534871029201895e-01,7.775892630743328482e-01,8.749493845971301198e-02,5.703374892036663368e-01,0.000000000000000000e+00,5.703374892036663368e-01,5.703374892036663368e-01,8.982534871029201895e-01,3.015090059489011765e-02,5.805305704998318106e-01,5.703374892036663368e-01
4.949248637421987951e-01,1.972506194724701345e-01,1.862244842923246324e-01,3.839885960798710585e+00,3.839422922115772963e+00,3.839885960798710585e+00,3.847251366358250380e+00,9.614506055368110538e-02,4.125703554134815931e+00,4.636105477693490684e-01,4.125703554134815931e+00,4.125703554134815931e+00,3.839885960798710585e+00,4.568692442262545228e-02,3.870420421939343214e+00,4.125703554134815931e+00
7.115119727386627346e-01,6.010539116396103054e-01,3.253649540129117668e-01,1.471244565589586273e+00,1.414247665001312271e+00,1.471244565589586273e+00,1.351864523632684723e+00,5.735568394011352211e-01,1.454386379016796127e+00,7.373469466401729733e-01,1.454386379016796127e+00,1.454386379016796127e+00,1.471244565589586273e+00,3.673635157174430788e-01,1.616450961126247421e+00,1.454386379016796127e+00
1.007628146908245981e+00,1.353503222024301067e+00,1.602215125691145658e+00,9.768269992782734334e-01,7.090126521943602711e-01,9.768269992782734334e-01,9.639364051981829107e-01,9.645032762782648206e-01,5.820624826883431524e-01,7.693508273514453322e-01,5.820624826883431524e-01,5.820624826883431524e-01,9.768269992782734334e-01,1.130647931247949600e+00,8.499856944545172155e-01,5.820624826883431524e-01
5.503628073784057051e-01,7.952787104295566678e-02,9.228687181894201785e-02,3.359400002809707075e-01,5.362342117878142744e-01,3.359400002809707075e-01,7.570712386223021895e-01,2.419505542638944462e-01,4.044547943922225386e-01,8.069811879249755293e-01,4.044547943922225386e-01,4.044547943922225386e-01,3.359400002809707075e-01,6.536496110493317246e-02,9.080449907633010298e-01,4.044547943922225386e-01
3.795501056483772118e-01,0.000000000000000000e+00,2.346534680000331718e-01,1.092158856841706438e+00,9.763540214844397269e-01,1.092158856841706438e+00,9.811730099027045071e-01,0.000000000000000000e+00,1.086447723235323792e+00,1.477785376955580432e-01,1.086447723235323792e+00,1.086447723235323792e+00,1.092158856841706438e+00,1.461110699528944679e-02,1.056311217216716614e+00,1.086447723235323792e+00
4.364405436208471656e-01,4.813680214574560523e-01,2.224864868912845850e-02,1.340665299096144736e+00,1.247343917959369719e+00,1.340665299096144736e+00,1.169436465599574149e+00,4.430139053147286177e-02,1.331150596612133086e+00,8.269312662305310369e-01,1.331150596612133086e+00,1.331150596612133086e+00,1.340665299096144736e+00,2.539054937660694122e-01,1.371904248022474349e+00,1.331150596612133086e+00
1.556834078510291874e-01,2.139680297113955021e-02,1.091522944625467062e-02,1.111449353949865326e+00,1.033552442298969254e+00,1.111449353949865326e+00,9.865663653181400150e-01,3.780014321091584861e-02,1.085936818824848160e+00,5.076102737803012133e-03,1.085936818824848160e+00,1.085936818824848160e+00,1.111449353949865326e+00,5.723423548624850810e-02,7.545887054584454745e-01,1.085936818824848160e+00
0.000000000000000000e+00,0.000000000000000000e+00,1.061600804805493681e-01,3.910743163733059191e-01,4.111769604214714491e-01,3.910743163733059191e-01,2.544097973493990139e+00,0.000000000000000000e+00,4.061907482400783920e-01,1.387966802576556802e-02,4.061907482400783920e-01,4.061907482400783920e-01,3.910743163733059191e-01,0.000000000000000000e+00,4.090197241466739797e-01,4.061907482400783920e-01
2.947120675526093692e-02,9.512653764977585524e-02,0.000000000000000000e+00,1.070505136114661582e+00,1.079232951682570274e+00,1.070505136114661582e+00,1.080959103419445455e+00,1.528075989772332832e-01,1.069425414534634911e+00,6.323575966234784573e-02,1.069425414534634911e+00,1.069425414534634911e+00,1.070505136114661582e+00,0.000000000000000000e+00,1.215005569847562583e+00,1.069425414534634911e+00
1.084310723817907274e-01,1.853481333819217980e-01,9.040075523080304265e-02,4.848844596999697387e-01,9.474142977851442993e-01,4.848844596999697387e-01,5.475742110866121948e-01,2.296406979439780116e-02,6.598969587939791381e-01,9.213344386662356555e-01,6.598969587939791381e-01,6.598969587939791381e-01,4.848844596999697387e-01,6.743875390384346247e-03,4.551436288165859878e-01,6.598969587939791381e-01
0.000000000000000000e+00,1.891441960033262148e-01,0.000000000000000000e+00,3.328693500952795148e-02,6.810806982684880495e-03,3.328693500952795148e-02,0.000000000000000000e+00,9.989131125621497631e-02,5.200146586867049336e-02,3.055453192791901529e-02,5.200146586867049336e-02,5.200146586867049336e-02,3.328693500952795148e-02,1.011047384236007929e-01,3.295307263033464551e-02,5.200146586867049336e-02
7.330035051563754678e-01,3.747132224089000374e-01,1.079591276997234672e+00,1.070056951546575874e+00,1.108544769638683647e+00,1.070056951546575874e+00,1.104005615168716758e+00,5.127142374694813043e-01,1.154847009980585426e+00,5.955489167245104909e-01,1.154847009980585426e+00,1.154847009980585426e+00,1.070056951546575874e+00,7.181894007371738553e-01,1.175190939509775490e+00,1.154847009980585426e+00
1.455350180913228542e-02,5.817828208091668785e-01,7.342375972657464445e-01,1.331644066623994149e+00,1.301771161161013879e+00,1.331644066623994149e+00,1.289958030087291263e+00,2.976209466578438878e-02,1.354470454403781332e+00,3.253103813040070236e-02,1.354470454403781332e+00,1.354470454403781332e+00,1.331644066623994149e+00,1.261132280342280865e-02,1.398924420602270402e+00,1.354470454403781332e+00
8.354614195486647077e-01,1.775547732977429405e-01,4.876768502072081901e-01,1.649308342028234620e+00,1.338127293631259818e+00,1.649308342028234620e+00,1.631221846684638876e+00,1.108917086094152182e-02,1.336028862286184449e+00,6.050734412929159589e-01,1.336028862286184449e+00,1.336028862286184449e+00,1.649308342028234620e+00,3.462064469422330149e-01,1.247690546799276490e+00,1.336028862286184449e+00
8.423399645835161209e-03,9.694228880107402802e-03,0.000000000000000000e+00,2.026959351846016943e+00,1.133236579247750342e+00,2.026959351846016943e+00,2.016845114179886878e+00,0.000000000000000000e+00,1.342625550576485693e+00,4.428162472322583199e-03,1.342625550576485693e+00,1.342625550576485693e+00,2.026959351846016943e+00,2.719525643624365330e-02,3.526928469073027372e-01,1.342625550576485693e+00
5.676992592780152336e-01,2.368058630527229980e-01,3.762351309705991298e-02,1.341638255711586680e+00,1.329204734378436115e+00,1.341638255711586680e+00,1.330602169291523751e+00,2.313986478402512148e-01,1.338432403012120631e+00,1.471371408115373924e-01,1.338432403012120631e+00,1.338432403012120631e+00,1.341638255711586680e+00,0.000000000000000000e+00,1.357820239405555185e+00,1.338432403012120631e+00
9.300657047424465418e-01,3.914796556782675907e-01,4.036455306195421144e-01,1.870242707082070410e+00,1.878752279677428305e+00,1.870242707082070410e+00,1.718269236036576331e+00,3.427940870606107637e-01,1.932394038536585867e+00,1.267768802354112267e+00,1.932394038536585867e+00,1.932394038536585867e+00,1.870242707082070410e+00,5.116591144324047491e-01,1.849510777392424643e+00,1.932394038536585867e+00
5.917944243556121364e-01,1.127843307389412075e+00,1.053176400484517217e+00,6.051449513324769214e-01,7.686561379232443869e-01,6.051449513324769214e-01,5.991276622080476955e-01,1.546674624085426331e+00,6.870573550113476813e-01,9.748297471087425947e-01,6.870573550113476813e-01,6.870573550113476813e-01,6.051449513324769214e-01,1.113225264241918921e+00,8.384286477812565863e-01,6.870573550113476813e-01
9.929445438592665596e-02,4.792810032404304366e-01,2.402028343203710392e-02,1.110466384157007269e+00,1.111938550197919540e+00,1.110466384157007269e+00,1.115015773687446199e+00,8.466735744150355458e-03,1.105774995931824378e+00,5.507694004290897283e-01,1.105774995931824378e+00,1.105774995931824378e+00,1.110466384157007269e+00,0.000000000000000000e+00,7.846412634853550117e-01,1.105774995931824378e+00
7.047727180179208517e-01,5.105246994935441762e-01,8.412414940539747477e-01,5.529704956279601902e-01,5.863852510083233938e-01,5.529704956279601902e-01,5.949182809854391962e-01,2.859922436764463782e-01,5.551791915058856830e-01,1.993962834239937365e-01,5.551791915058856830e-01,5.551791915058856830e-01,5.529704956279601902e-01,2.924146286677569151e-01,3.376300359377637506e-01,5.551791915058856830e-01
5.224122968502342701e-02,4.799854115117341280e-01,3.375417517963796854e-01,1.308029117353726178e-01,0.000000000000000000e+00,1.308029117353726178e-01,1.465928247489500791e-01,0.000000000000000000e+00,0.000000000000000000e+00,1.769365044310688972e-02,0.000000000000000000e+00,0.000000000000000000e+00,1.308029117353726178e-01,4.028156981803476810e-02,1.778352791734505445e-01,0.000000000000000000e+00
2.895569769898429513e-01,2.458563950203824788e-01,4.408182017505168915e-02,5.214082308812066913e-01,7.163310133619233966e-01,5.214082308812066913e-01,2.129009989148471504e-01,3.727078946540132165e-01,7.970738121075555682e-01,5.900219528703019023e-01,7.970738121075555682e-01,7.970738121075555682e-01,5.214082308812066913e-01,1.490573734045028687e-01,5.961038105888292193e-01,7.970738121075555682e-01
1.322183554293587804e-03,1.009234420853317715e-01,1.022381608854630031e-01,1.002512264360120753e+00,1.269485699704091530e+00,1.002512264360120753e+00,1.003818712491920451e+00,0.000000000000000000e+00,1.284348189421507413e+00,5.424381384145817719e-01,1.284348189421507413e+00,1.284348189421507413e+00,1.002512264360120753e+00,0.000000000000000000e+00,9.911750105711689685e-01,1.284348189421507413e+00
3.240506435395218432e-02,1.334986330766696483e-01,5.306195781740825623e-01,6.631986812863033265e-01,1.368094863108126447e+00,6.631986812863033265e-01,5.971006171021144837e-01,2.208256934827659279e-01,1.038215281179873273e+00,4.739366096619050950e-01,1.038215281179873273e+00,1.038215281179873273e+00,6.631986812863033265e-01,4.575542910606600344e-02,6.897940949711482972e-01,1.038215281179873273e+00
4.318273413809947670e-02,1.875446645135525614e-01,0.000000000000000000e+00,5.018380774417892098e-01,6.652439042227342725e-01,5.018380774417892098e-01,7.818529057549312711e-01,1.039240029058419168e+00,5.892604427644982934e-01,1.108885101391933858e+00,5.892604427644982934e-01,5.892604427644982934e-01,5.018380774417892098e-01,4.982331971405074000e-03,1.548815741523867473e+00,5.892604427644982934e-01
6.231521722947945818e-01,1.002458674702211283e+00,6.328554615465691313e-01,1.361493499469361268e+00,1.830792398643097840e+00,1.361493499469361268e+00,1.783125133704743348e+00,1.077658516805968247e+00,1.633840651702485047e+00,1.248893761992803775e+00,1.633840651702485047e+00,1.633840651702485047e+00,1.361493499469361268e+00,5.080247247678926215e-01,1.226975740384659730e+00,1.633840651702485047e+00
