1.000069379806518555e+00
6.666666269302368164e-01
6.666666269302368164e-01
6.666666269302368164e-01
6.666666865348815918e-01
6.666666269302368164e-01
6.666666865348815918e-01
6.666666865348815918e-01
6.666666865348815918e-01
6.666666865348815918e-01
6.666666269302368164e-01
6.666666865348815918e-01
6.666666269302368164e-01
6.666666269302368164e-01
6.666666269302368164e-01
6.666666269302368164e-01
6.666666269302368164e-01
6.666666865348815918e-01
6.666666865348815918e-01
6.666666269302368164e-01
6.666669249534606934e-01
6.666667461395263672e-01
6.666666269302368164e-01
6.666666865348815918e-01
6.666666269302368164e-01
6.666666865348815918e-01
6.666685938835144043e-01
6.666666865348815918e-01
6.666666865348815918e-01
6.666667461395263672e-01
6.666666269302368164e-01
6.666666865348815918e-01
6.666667461395263672e-01
6.666665673255920410e-01
6.666666865348815918e-01
6.666666865348815918e-01
