1.000000000000000000e+00,5.410781860351562500e+00
5.610000000000000000e+02,7.961866855621337891e-01
1.123000000000000000e+03,6.984429955482482910e-01
1.685000000000000000e+03,6.162137389183044434e-01
2.247000000000000000e+03,5.224515199661254883e-01
2.809000000000000000e+03,5.191573500633239746e-01
3.371000000000000000e+03,4.863529801368713379e-01
3.933000000000000000e+03,3.899897933006286621e-01
4.495000000000000000e+03,3.990061283111572266e-01
5.057000000000000000e+03,3.070985376834869385e-01
5.619000000000000000e+03,3.291805684566497803e-01
6.181000000000000000e+03,2.785344421863555908e-01
6.743000000000000000e+03,3.123453855514526367e-01
7.305000000000000000e+03,2.582403719425201416e-01
7.867000000000000000e+03,2.668474316596984863e-01
8.429000000000000000e+03,2.289656102657318115e-01
8.991000000000000000e+03,2.518729865550994873e-01
9.553000000000000000e+03,2.212365269660949707e-01
1.011500000000000000e+04,2.103033214807510376e-01
1.067700000000000000e+04,1.549073457717895508e-01
1.123900000000000000e+04,1.600845754146575928e-01
1.180100000000000000e+04,1.938852965831756592e-01
1.236300000000000000e+04,1.718336641788482666e-01
1.292500000000000000e+04,1.190414875745773315e-01
1.348700000000000000e+04,1.524906158447265625e-01
1.404900000000000000e+04,1.115489751100540161e-01
1.461100000000000000e+04,1.514205783605575562e-01
