1.000000000000000000e+00,3.192687511444091797e+00
1.124000000000000000e+03,6.273272633552551270e-01
2.249000000000000000e+03,3.334889709949493408e-01
3.374000000000000000e+03,2.682723999023437500e-01
4.499000000000000000e+03,1.753631383180618286e-01
5.624000000000000000e+03,1.373118162155151367e-01
6.749000000000000000e+03,1.138692200183868408e-01
7.874000000000000000e+03,1.204881966114044189e-01
8.999000000000000000e+03,1.241860911250114441e-01
1.012400000000000000e+04,1.245564892888069153e-01
1.124900000000000000e+04,1.712758839130401611e-01
1.237400000000000000e+04,1.430112719535827637e-01
1.349900000000000000e+04,1.350143849849700928e-01
1.462400000000000000e+04,1.011387184262275696e-01
1.574900000000000000e+04,1.584729999303817749e-01
1.687400000000000000e+04,8.166500926017761230e-02
1.799900000000000000e+04,1.261190026998519897e-01
1.912400000000000000e+04,8.307707309722900391e-02
