1.000000000000000000e+00,7.201326370239257812e+00
1.124000000000000000e+03,6.510975956916809082e-01
2.249000000000000000e+03,4.569501876831054688e-01
3.374000000000000000e+03,3.606965541839599609e-01
4.499000000000000000e+03,2.262389212846755981e-01
5.624000000000000000e+03,1.938464343547821045e-01
6.749000000000000000e+03,1.424663960933685303e-01
7.874000000000000000e+03,1.115328297019004822e-01
8.999000000000000000e+03,1.315780729055404663e-01
1.012400000000000000e+04,1.015130579471588135e-01
1.124900000000000000e+04,1.795338839292526245e-01
1.237400000000000000e+04,1.419506072998046875e-01
1.349900000000000000e+04,1.039810478687286377e-01
1.462400000000000000e+04,1.101181954145431519e-01
1.574900000000000000e+04,1.249167770147323608e-01
1.687400000000000000e+04,7.849949598312377930e-02
1.799900000000000000e+04,1.122526749968528748e-01
1.912400000000000000e+04,8.920347690582275391e-02
