1.000000000000000000e+00,9.991680979728698730e-01
5.610000000000000000e+02,1.188969314098358154e-01
1.123000000000000000e+03,7.458170503377914429e-02
1.685000000000000000e+03,5.765481293201446533e-02
2.247000000000000000e+03,5.726256966590881348e-02
2.809000000000000000e+03,8.472052961587905884e-02
3.371000000000000000e+03,4.081613570451736450e-02
3.933000000000000000e+03,7.968989014625549316e-02
4.495000000000000000e+03,5.205728486180305481e-02
5.057000000000000000e+03,1.006281469017267227e-02
5.619000000000000000e+03,7.305217534303665161e-02
6.181000000000000000e+03,4.694072902202606201e-02
6.743000000000000000e+03,9.148189425468444824e-02
7.305000000000000000e+03,7.333770394325256348e-02
7.867000000000000000e+03,4.212023690342903137e-02
8.429000000000000000e+03,4.545089974999427795e-02
8.991000000000000000e+03,6.342227011919021606e-02
9.553000000000000000e+03,1.111619472503662109e-01
1.011500000000000000e+04,2.285665366798639297e-03
1.067700000000000000e+04,5.836206302046775818e-02
1.123900000000000000e+04,6.594076007604598999e-02
1.180100000000000000e+04,2.594022266566753387e-02
1.236300000000000000e+04,9.361607022583484650e-03
1.292500000000000000e+04,5.701144412159919739e-02
1.348700000000000000e+04,6.970299780368804932e-02
1.404900000000000000e+04,8.151213824748992920e-02
1.461100000000000000e+04,5.377905908972024918e-03
1.517300000000000000e+04,5.999723449349403381e-02
1.573500000000000000e+04,4.595592245459556580e-02
1.629700000000000000e+04,3.440634906291961670e-02
1.685900000000000000e+04,1.525619160383939743e-02
1.742100000000000000e+04,1.222464907914400101e-02
1.798300000000000000e+04,2.551959641277790070e-02
1.854500000000000000e+04,2.887806296348571777e-02
1.910700000000000000e+04,1.026499643921852112e-02
1.966900000000000000e+04,1.345709059387445450e-02
