9.530901908874511719e-01
6.633813381195068359e-01
6.063575148582458496e-01
5.777049064636230469e-01
5.508323907852172852e-01
5.363407135009765625e-01
5.262793302536010742e-01
5.192787647247314453e-01
5.149778127670288086e-01
5.112621188163757324e-01
5.088402628898620605e-01
5.086311697959899902e-01
5.078293681144714355e-01
5.074300169944763184e-01
5.075774788856506348e-01
5.082138180732727051e-01
5.073751807212829590e-01
5.081722736358642578e-01
5.080356597900390625e-01
5.068695545196533203e-01
5.057455301284790039e-01
5.051584839820861816e-01
5.046947002410888672e-01
5.044870376586914062e-01
5.039141178131103516e-01
5.036372542381286621e-01
5.032894015312194824e-01
5.036776065826416016e-01
5.035318732261657715e-01
5.036189556121826172e-01
5.031809210777282715e-01
5.035389065742492676e-01
5.036270618438720703e-01
5.033769607543945312e-01
5.034663081169128418e-01
5.039414167404174805e-01
