9.503600001335144043e-01
6.863968372344970703e-01
6.000404953956604004e-01
6.064602732658386230e-01
5.752211809158325195e-01
5.439574122428894043e-01
5.272967219352722168e-01
5.262932181358337402e-01
5.510099530220031738e-01
5.200639367103576660e-01
5.438629984855651855e-01
4.892891943454742432e-01
5.122436285018920898e-01
5.174285769462585449e-01
4.984463453292846680e-01
5.116840600967407227e-01
5.003743767738342285e-01
5.041520595550537109e-01
4.970018565654754639e-01
5.106191039085388184e-01
5.023387670516967773e-01
4.939019680023193359e-01
5.032775402069091797e-01
4.998323619365692139e-01
5.040052533149719238e-01
4.927227795124053955e-01
5.096765160560607910e-01
4.898140430450439453e-01
5.049394965171813965e-01
4.892851412296295166e-01
4.952701032161712646e-01
5.116692185401916504e-01
5.069130063056945801e-01
5.042144060134887695e-01
5.033326148986816406e-01
4.922932088375091553e-01
