1.000000000000000000e+00,9.983325004577636719e-01
5.610000000000000000e+02,8.656033128499984741e-02
1.123000000000000000e+03,5.578702688217163086e-02
1.685000000000000000e+03,7.064129412174224854e-02
2.247000000000000000e+03,5.945150926709175110e-02
2.809000000000000000e+03,9.626129269599914551e-02
3.371000000000000000e+03,6.134083494544029236e-02
3.933000000000000000e+03,8.051180094480514526e-02
4.495000000000000000e+03,4.606391489505767822e-02
5.057000000000000000e+03,6.198121700435876846e-03
5.619000000000000000e+03,7.942903786897659302e-02
6.181000000000000000e+03,3.743863850831985474e-02
6.743000000000000000e+03,2.827537991106510162e-02
7.305000000000000000e+03,7.384655624628067017e-02
7.867000000000000000e+03,3.291495516896247864e-02
8.429000000000000000e+03,4.054677858948707581e-02
8.991000000000000000e+03,4.453958943486213684e-02
9.553000000000000000e+03,6.867912411689758301e-02
1.011500000000000000e+04,8.626637049019336700e-03
1.067700000000000000e+04,1.925371959805488586e-02
1.123900000000000000e+04,4.867623746395111084e-02
1.180100000000000000e+04,1.678040064871311188e-02
1.236300000000000000e+04,7.139264140278100967e-03
1.292500000000000000e+04,5.420071259140968323e-02
1.348700000000000000e+04,3.970542922616004944e-02
1.404900000000000000e+04,5.618183314800262451e-02
1.461100000000000000e+04,6.909489631652832031e-03
1.517300000000000000e+04,3.513095900416374207e-02
1.573500000000000000e+04,1.960381120443344116e-02
1.629700000000000000e+04,1.053119916468858719e-02
1.685900000000000000e+04,1.415210869163274765e-02
1.742100000000000000e+04,1.280145719647407532e-02
1.798300000000000000e+04,1.821733266115188599e-02
1.854500000000000000e+04,7.254412397742271423e-03
1.910700000000000000e+04,5.446302820928394794e-04
1.966900000000000000e+04,1.415719161741435528e-03
