1.000000000000000000e+00,5.488960742950439453e+00
5.610000000000000000e+02,7.867549061775207520e-01
1.123000000000000000e+03,7.143886089324951172e-01
1.685000000000000000e+03,6.656845808029174805e-01
2.247000000000000000e+03,6.195955276489257812e-01
2.809000000000000000e+03,5.834287405014038086e-01
3.371000000000000000e+03,5.622642040252685547e-01
3.933000000000000000e+03,5.080107450485229492e-01
4.495000000000000000e+03,3.887363374233245850e-01
5.057000000000000000e+03,3.777337670326232910e-01
5.619000000000000000e+03,3.197201192378997803e-01
6.181000000000000000e+03,2.603448629379272461e-01
6.743000000000000000e+03,2.983813583850860596e-01
7.305000000000000000e+03,2.749479413032531738e-01
7.867000000000000000e+03,2.435760647058486938e-01
8.429000000000000000e+03,2.451899647712707520e-01
8.991000000000000000e+03,2.646424174308776855e-01
9.553000000000000000e+03,2.050634622573852539e-01
1.011500000000000000e+04,2.189618498086929321e-01
1.067700000000000000e+04,1.612021028995513916e-01
1.123900000000000000e+04,2.160870581865310669e-01
1.180100000000000000e+04,2.442646920680999756e-01
1.236300000000000000e+04,1.875832527875900269e-01
1.292500000000000000e+04,2.028325498104095459e-01
1.348700000000000000e+04,1.570968925952911377e-01
1.404900000000000000e+04,1.357670277357101440e-01
1.461100000000000000e+04,1.992908120155334473e-01
