1.000000000000000000e+00,9.672754406929016113e-01
5.610000000000000000e+02,3.068989813327789307e-01
1.123000000000000000e+03,1.666981726884841919e-01
1.685000000000000000e+03,8.925905823707580566e-02
2.247000000000000000e+03,5.228170379996299744e-02
2.809000000000000000e+03,7.591351866722106934e-02
3.371000000000000000e+03,8.132033050060272217e-02
3.933000000000000000e+03,6.078134477138519287e-02
4.495000000000000000e+03,7.584638893604278564e-02
5.057000000000000000e+03,1.110356952995061874e-02
5.619000000000000000e+03,9.386815875768661499e-02
6.181000000000000000e+03,5.235384777188301086e-02
6.743000000000000000e+03,8.466558903455734253e-02
7.305000000000000000e+03,7.294639945030212402e-02
7.867000000000000000e+03,3.558937087655067444e-02
8.429000000000000000e+03,2.473205886781215668e-02
8.991000000000000000e+03,5.580039322376251221e-02
9.553000000000000000e+03,1.047138869762420654e-01
1.011500000000000000e+04,1.358753908425569534e-02
1.067700000000000000e+04,5.675123631954193115e-02
1.123900000000000000e+04,9.593152999877929688e-02
1.180100000000000000e+04,1.926644146442413330e-02
1.236300000000000000e+04,9.503136388957500458e-03
1.292500000000000000e+04,6.576500087976455688e-02
1.348700000000000000e+04,6.156476214528083801e-02
1.404900000000000000e+04,1.375347077846527100e-01
1.461100000000000000e+04,2.255528420209884644e-02
1.517300000000000000e+04,8.192923665046691895e-02
1.573500000000000000e+04,4.035825282335281372e-02
1.629700000000000000e+04,5.494724586606025696e-02
1.685900000000000000e+04,4.749913141131401062e-02
1.742100000000000000e+04,4.214958846569061279e-02
1.798300000000000000e+04,2.327018044888973236e-02
1.854500000000000000e+04,4.614524170756340027e-02
1.910700000000000000e+04,2.913212217390537262e-02
1.966900000000000000e+04,5.420811846852302551e-02
