1.063322663307189941e+00
6.548223495483398438e-01
5.890033841133117676e-01
5.562419295310974121e-01
5.460819602012634277e-01
5.379943251609802246e-01
5.286576747894287109e-01
5.235463976860046387e-01
5.200547575950622559e-01
5.167816281318664551e-01
5.136229395866394043e-01
5.105324983596801758e-01
5.086770653724670410e-01
5.060946345329284668e-01
5.050135254859924316e-01
5.042316913604736328e-01
5.038208365440368652e-01
5.035452842712402344e-01
5.034620165824890137e-01
5.032497048377990723e-01
5.030360817909240723e-01
5.023359060287475586e-01
5.017614364624023438e-01
5.017246603965759277e-01
5.014637708663940430e-01
5.010969638824462891e-01
5.011679530143737793e-01
5.010361671447753906e-01
5.008112192153930664e-01
5.010932087898254395e-01
4.997611939907073975e-01
5.001121163368225098e-01
4.989648163318634033e-01
4.991421401500701904e-01
4.989711940288543701e-01
4.995626509189605713e-01
