1.057574391365051270e+00
6.622632145881652832e-01
6.077595353126525879e-01
5.730796456336975098e-01
5.470613837242126465e-01
5.589286684989929199e-01
5.331411957740783691e-01
5.242919921875000000e-01
5.323414206504821777e-01
5.131805539131164551e-01
5.144698619842529297e-01
5.038318037986755371e-01
5.246632695198059082e-01
5.104659199714660645e-01
5.094298124313354492e-01
5.065888166427612305e-01
5.056965947151184082e-01
5.038459897041320801e-01
5.029652714729309082e-01
5.097386240959167480e-01
5.007768273353576660e-01
5.002562403678894043e-01
5.079209208488464355e-01
4.970338344573974609e-01
4.988166391849517822e-01
4.980247318744659424e-01
5.177761912345886230e-01
4.977579116821289062e-01
5.063128471374511719e-01
4.976772964000701904e-01
4.959936439990997314e-01
5.058229565620422363e-01
5.057546496391296387e-01
4.995373487472534180e-01
4.998640716075897217e-01
5.032061934471130371e-01
