1.000000000000000000e+00,5.249827384948730469e+00
5.610000000000000000e+02,8.619109988212585449e-01
1.123000000000000000e+03,7.218508124351501465e-01
1.685000000000000000e+03,6.210582256317138672e-01
2.247000000000000000e+03,6.039334535598754883e-01
2.809000000000000000e+03,5.233623385429382324e-01
3.371000000000000000e+03,4.810195267200469971e-01
3.933000000000000000e+03,4.422680735588073730e-01
4.495000000000000000e+03,3.757728636264801025e-01
5.057000000000000000e+03,3.756670653820037842e-01
5.619000000000000000e+03,3.328711092472076416e-01
6.181000000000000000e+03,2.425478398799896240e-01
6.743000000000000000e+03,2.686220109462738037e-01
7.305000000000000000e+03,2.381040304899215698e-01
7.867000000000000000e+03,2.598451673984527588e-01
8.429000000000000000e+03,2.343683987855911255e-01
8.991000000000000000e+03,2.197404503822326660e-01
9.553000000000000000e+03,2.208902835845947266e-01
1.011500000000000000e+04,1.860167086124420166e-01
1.067700000000000000e+04,1.482779234647750854e-01
1.123900000000000000e+04,1.561663895845413208e-01
1.180100000000000000e+04,1.708695888519287109e-01
1.236300000000000000e+04,1.556297242641448975e-01
1.292500000000000000e+04,1.455273330211639404e-01
1.348700000000000000e+04,1.401588320732116699e-01
1.404900000000000000e+04,1.241017654538154602e-01
1.461100000000000000e+04,1.389941573143005371e-01
