1.000000000000000000e+00,4.820268154144287109e+00
5.610000000000000000e+02,8.253867626190185547e-01
1.123000000000000000e+03,7.303447723388671875e-01
1.685000000000000000e+03,6.597756743431091309e-01
2.247000000000000000e+03,5.803105235099792480e-01
2.809000000000000000e+03,4.908023178577423096e-01
3.371000000000000000e+03,4.062944352626800537e-01
3.933000000000000000e+03,3.379864394664764404e-01
4.495000000000000000e+03,3.223844468593597412e-01
5.057000000000000000e+03,3.131512403488159180e-01
5.619000000000000000e+03,2.988040149211883545e-01
6.181000000000000000e+03,2.265831530094146729e-01
6.743000000000000000e+03,2.767934799194335938e-01
7.305000000000000000e+03,2.255260348320007324e-01
7.867000000000000000e+03,2.503811419010162354e-01
8.429000000000000000e+03,2.557717561721801758e-01
8.991000000000000000e+03,2.097742855548858643e-01
9.553000000000000000e+03,1.745573729276657104e-01
1.011500000000000000e+04,2.240429967641830444e-01
1.067700000000000000e+04,1.769088953733444214e-01
1.123900000000000000e+04,1.491272747516632080e-01
1.180100000000000000e+04,1.741278916597366333e-01
1.236300000000000000e+04,1.564404070377349854e-01
1.292500000000000000e+04,1.610498279333114624e-01
1.348700000000000000e+04,1.222798973321914673e-01
1.404900000000000000e+04,1.181193590164184570e-01
1.461100000000000000e+04,1.272703111171722412e-01
