1.000000000000000000e+00,1.026721835136413574e+00
5.610000000000000000e+02,1.260378360748291016e-01
1.123000000000000000e+03,6.024366989731788635e-02
1.685000000000000000e+03,4.363810643553733826e-02
2.247000000000000000e+03,3.098437935113906860e-02
2.809000000000000000e+03,3.560074046254158020e-02
3.371000000000000000e+03,2.553412877023220062e-02
3.933000000000000000e+03,4.316962137818336487e-02
4.495000000000000000e+03,9.795499965548515320e-03
5.057000000000000000e+03,5.318177863955497742e-03
5.619000000000000000e+03,1.680654473602771759e-02
6.181000000000000000e+03,2.048471570014953613e-02
6.743000000000000000e+03,1.820841617882251740e-02
7.305000000000000000e+03,1.595539785921573639e-02
7.867000000000000000e+03,6.269997451454401016e-03
8.429000000000000000e+03,2.889457531273365021e-02
8.991000000000000000e+03,1.991037465631961823e-02
9.553000000000000000e+03,3.087395615875720978e-02
1.011500000000000000e+04,9.250072180293500423e-04
1.067700000000000000e+04,4.188748821616172791e-02
1.123900000000000000e+04,3.737422451376914978e-02
1.180100000000000000e+04,1.849129912443459034e-03
1.236300000000000000e+04,6.036901613697409630e-04
1.292500000000000000e+04,1.803629100322723389e-02
1.348700000000000000e+04,1.099062990397214890e-02
1.404900000000000000e+04,4.342930391430854797e-02
1.461100000000000000e+04,1.125021837651729584e-03
1.517300000000000000e+04,3.012195043265819550e-02
1.573500000000000000e+04,2.090926514938473701e-03
1.629700000000000000e+04,1.409637462347745895e-02
1.685900000000000000e+04,7.411363068968057632e-03
1.742100000000000000e+04,9.263749234378337860e-03
1.798300000000000000e+04,1.666221395134925842e-02
1.854500000000000000e+04,8.241425384767353535e-04
1.910700000000000000e+04,1.101549714803695679e-02
1.966900000000000000e+04,2.244968526065349579e-02
