9.896414875984191895e-01
6.468438506126403809e-01
5.897497534751892090e-01
5.649497509002685547e-01
5.564292073249816895e-01
5.505585074424743652e-01
5.480527281761169434e-01
5.477449297904968262e-01
5.463111996650695801e-01
5.450652241706848145e-01
5.430908203125000000e-01
5.413354635238647461e-01
5.381971597671508789e-01
5.370152592658996582e-01
5.354690551757812500e-01
5.338508486747741699e-01
5.318895578384399414e-01
5.297738909721374512e-01
5.279626250267028809e-01
5.269052386283874512e-01
5.261939167976379395e-01
5.252769589424133301e-01
5.240723490715026855e-01
5.232734084129333496e-01
5.232424139976501465e-01
5.230346322059631348e-01
5.233230590820312500e-01
5.229673981666564941e-01
5.221851468086242676e-01
5.216453671455383301e-01
5.216562151908874512e-01
5.216962695121765137e-01
5.217950940132141113e-01
5.218342542648315430e-01
5.220512747764587402e-01
5.226456522941589355e-01
