9.983014464378356934e-01
6.458361148834228516e-01
5.959269404411315918e-01
5.568704009056091309e-01
5.725847482681274414e-01
5.571038126945495605e-01
5.673987865447998047e-01
5.675197243690490723e-01
5.741649270057678223e-01
5.383674502372741699e-01
5.518093705177307129e-01
5.445808172225952148e-01
5.619028210639953613e-01
5.445670485496520996e-01
5.379038453102111816e-01
5.349159836769104004e-01
5.289978384971618652e-01
5.417127013206481934e-01
5.178329348564147949e-01
5.243808627128601074e-01
5.231959819793701172e-01
5.252909064292907715e-01
5.274603962898254395e-01
5.328698158264160156e-01
5.298250913619995117e-01
5.198249220848083496e-01
5.407247543334960938e-01
5.058611035346984863e-01
5.277575850486755371e-01
5.106748938560485840e-01
5.256252884864807129e-01
5.303098559379577637e-01
5.247389078140258789e-01
5.099882483482360840e-01
5.252068638801574707e-01
5.201049447059631348e-01
