1.000000000000000000e+00,9.339838027954101562e-01
5.610000000000000000e+02,1.002123728394508362e-01
1.123000000000000000e+03,5.617432668805122375e-02
1.685000000000000000e+03,5.226798728108406067e-02
2.247000000000000000e+03,5.035411939024925232e-02
2.809000000000000000e+03,7.773024588823318481e-02
3.371000000000000000e+03,4.346011206507682800e-02
3.933000000000000000e+03,8.925200253725051880e-02
4.495000000000000000e+03,4.961496591567993164e-02
5.057000000000000000e+03,8.221563883125782013e-03
5.619000000000000000e+03,5.177788808941841125e-02
6.181000000000000000e+03,3.034652769565582275e-02
6.743000000000000000e+03,5.685202404856681824e-02
7.305000000000000000e+03,6.244857981801033020e-02
7.867000000000000000e+03,1.901216432452201843e-02
8.429000000000000000e+03,2.162753790616989136e-02
8.991000000000000000e+03,4.275809600949287415e-02
9.553000000000000000e+03,7.801219075918197632e-02
1.011500000000000000e+04,3.757278202101588249e-03
1.067700000000000000e+04,3.784778341650962830e-02
1.123900000000000000e+04,3.162217512726783752e-02
1.180100000000000000e+04,1.149843633174896240e-02
1.236300000000000000e+04,1.743161701597273350e-03
1.292500000000000000e+04,1.568729616701602936e-02
1.348700000000000000e+04,1.588748209178447723e-02
1.404900000000000000e+04,6.756306439638137817e-02
1.461100000000000000e+04,3.574089845642447472e-03
1.517300000000000000e+04,5.180962011218070984e-02
1.573500000000000000e+04,1.871495135128498077e-02
1.629700000000000000e+04,2.162920869886875153e-02
1.685900000000000000e+04,1.386113092303276062e-02
1.742100000000000000e+04,3.098984993994235992e-02
1.798300000000000000e+04,2.387023158371448517e-02
1.854500000000000000e+04,9.898895397782325745e-03
1.910700000000000000e+04,2.703448198735713959e-02
1.966900000000000000e+04,7.176977233029901981e-04
