Step, Loss
1, 0.9869
1124, 0.0641
2249, 0.0662
3374, 0.0822
4499, 0.0739
5624, 0.1133
6749, 0.0905
7874, 0.0468
8999, 0.0340
10124, 0.0470
11249, 0.0257
12374, 0.0744
13499, 0.0413
14624, 0.0630
15749, 0.0126
16874, 0.0456
17999, 0.0755
19124, 0.0288
20249, 0.0386
21374, 0.0277
22499, 0.0123
23624, 0.0171
24749, 0.0619
25874, 0.0046
26999, 0.0236
28124, 0.0096
29249, 0.0455
30374, 0.0220
31499, 0.0251
32624, 0.0010
33749, 0.0204
34874, 0.0004
35999, 0.0296
37124, 0.0248
38249, 0.0054
39374, 0.0105
40499, 0.0219
41624, 0.0210
42749, 0.0159
43874, 0.0420
44999, 0.0220
46124, 0.0447
47249, 0.0299
48374, 0.0279
49499, 0.0002
