1.704767346382141113e+00
3.120547235012054443e-01
1.659312397241592407e-01
1.034474447369575500e-01
8.001352101564407349e-02
6.974338740110397339e-02
6.499904394149780273e-02
6.342309713363647461e-02
6.215420737862586975e-02
6.095510348677635193e-02
6.037540361285209656e-02
5.963377282023429871e-02
5.816426500678062439e-02
5.536422133445739746e-02
5.047789588570594788e-02
4.733926430344581604e-02
4.535551741719245911e-02
4.370790347456932068e-02
4.262469336390495300e-02
4.155171662569046021e-02
4.032829403877258301e-02
3.872376680374145508e-02
3.760637715458869934e-02
3.807916492223739624e-02
3.709386289119720459e-02
3.471727296710014343e-02
3.412690013647079468e-02
