1.000000000000000000e+00,1.333915114402770996e+00
1.124000000000000000e+03,4.418987929821014404e-01
2.249000000000000000e+03,2.740535736083984375e-01
3.374000000000000000e+03,2.453348189592361450e-01
4.499000000000000000e+03,1.918845474720001221e-01
5.624000000000000000e+03,2.134300470352172852e-01
6.749000000000000000e+03,1.185689419507980347e-01
7.874000000000000000e+03,1.316874623298645020e-01
8.999000000000000000e+03,1.312906742095947266e-01
1.012400000000000000e+04,1.171707138419151306e-01
1.124900000000000000e+04,1.687946319580078125e-01
1.237400000000000000e+04,1.335820257663726807e-01
1.349900000000000000e+04,8.265005052089691162e-02
1.462400000000000000e+04,1.214133650064468384e-01
1.574900000000000000e+04,1.170066967606544495e-01
1.687400000000000000e+04,5.703081935644149780e-02
1.799900000000000000e+04,1.134294271469116211e-01
1.912400000000000000e+04,6.347155570983886719e-02
