1.000000000000000000e+00,8.237850666046142578e-01
5.610000000000000000e+02,7.815311104059219360e-02
1.123000000000000000e+03,5.433418974280357361e-02
1.685000000000000000e+03,4.890849068760871887e-02
2.247000000000000000e+03,3.436828404664993286e-02
2.809000000000000000e+03,5.244712904095649719e-02
3.371000000000000000e+03,5.587115883827209473e-02
3.933000000000000000e+03,5.983144044876098633e-02
4.495000000000000000e+03,1.841175742447376251e-02
5.057000000000000000e+03,1.158995833247900009e-02
5.619000000000000000e+03,2.585265785455703735e-02
6.181000000000000000e+03,3.197290375828742981e-02
6.743000000000000000e+03,4.432618245482444763e-02
7.305000000000000000e+03,2.486185915768146515e-02
7.867000000000000000e+03,1.337677589617669582e-03
8.429000000000000000e+03,1.120028551667928696e-02
8.991000000000000000e+03,1.855610869824886322e-02
9.553000000000000000e+03,5.503740906715393066e-02
1.011500000000000000e+04,3.276542527601122856e-03
1.067700000000000000e+04,2.542824856936931610e-02
1.123900000000000000e+04,1.987711898982524872e-02
1.180100000000000000e+04,6.239720823941752315e-05
1.236300000000000000e+04,9.677400230430066586e-04
1.292500000000000000e+04,3.093749471008777618e-02
1.348700000000000000e+04,1.057779043912887573e-02
1.404900000000000000e+04,3.503803163766860962e-02
1.461100000000000000e+04,3.203711472451686859e-03
1.517300000000000000e+04,1.522585283964872360e-02
1.573500000000000000e+04,6.529259961098432541e-03
1.629700000000000000e+04,1.846122927963733673e-02
1.685900000000000000e+04,6.889514625072479248e-03
1.742100000000000000e+04,5.417654756456613541e-03
1.798300000000000000e+04,1.041949447244405746e-02
1.854500000000000000e+04,7.338023860938847065e-04
1.910700000000000000e+04,8.912929333746433258e-03
1.966900000000000000e+04,7.806836947565898299e-05
