1.000000000000000000e+00,3.708735227584838867e+00
5.610000000000000000e+02,8.174125552177429199e-01
1.123000000000000000e+03,7.615557312965393066e-01
1.685000000000000000e+03,6.727086305618286133e-01
2.247000000000000000e+03,6.267938017845153809e-01
2.809000000000000000e+03,5.524808764457702637e-01
3.371000000000000000e+03,5.336268544197082520e-01
3.933000000000000000e+03,4.932393729686737061e-01
4.495000000000000000e+03,4.190597534179687500e-01
5.057000000000000000e+03,3.880266547203063965e-01
5.619000000000000000e+03,3.900757133960723877e-01
6.181000000000000000e+03,3.038173615932464600e-01
6.743000000000000000e+03,3.758581578731536865e-01
7.305000000000000000e+03,3.087594807147979736e-01
7.867000000000000000e+03,3.082197308540344238e-01
8.429000000000000000e+03,2.711462676525115967e-01
8.991000000000000000e+03,2.802003026008605957e-01
9.553000000000000000e+03,3.036043047904968262e-01
1.011500000000000000e+04,2.038952112197875977e-01
1.067700000000000000e+04,1.609465479850769043e-01
1.123900000000000000e+04,1.789009869098663330e-01
1.180100000000000000e+04,2.148432582616806030e-01
1.236300000000000000e+04,2.097555845975875854e-01
1.292500000000000000e+04,1.949488073587417603e-01
1.348700000000000000e+04,1.528862267732620239e-01
1.404900000000000000e+04,1.455283164978027344e-01
1.461100000000000000e+04,1.593311876058578491e-01
