1.021041393280029297e+00
9.997542500495910645e-01
2.739206850528717041e-01
2.509293854236602783e-01
2.306517213582992554e-01
2.077259421348571777e-01
1.907690763473510742e-01
1.839386969804763794e-01
1.821086555719375610e-01
1.811344623565673828e-01
1.793948560953140259e-01
1.774049252271652222e-01
1.758053749799728394e-01
1.742710620164871216e-01
1.727161854505538940e-01
1.714343577623367310e-01
1.705840677022933960e-01
1.692887991666793823e-01
1.683348566293716431e-01
1.673086285591125488e-01
1.668158620595932007e-01
1.659727543592453003e-01
1.651353389024734497e-01
1.643664985895156860e-01
1.636370122432708740e-01
1.631411761045455933e-01
1.628204584121704102e-01
