1.000000000000000000e+00,2.739879131317138672e+00
5.610000000000000000e+02,7.475504875183105469e-01
1.123000000000000000e+03,6.573366522789001465e-01
1.685000000000000000e+03,5.250086784362792969e-01
2.247000000000000000e+03,4.659886658191680908e-01
2.809000000000000000e+03,3.988488614559173584e-01
3.371000000000000000e+03,3.766197562217712402e-01
3.933000000000000000e+03,3.380567431449890137e-01
4.495000000000000000e+03,3.297080397605895996e-01
5.057000000000000000e+03,3.188815116882324219e-01
5.619000000000000000e+03,3.012838363647460938e-01
6.181000000000000000e+03,2.695187330245971680e-01
6.743000000000000000e+03,2.401745915412902832e-01
7.305000000000000000e+03,2.429327666759490967e-01
7.867000000000000000e+03,2.264663428068161011e-01
8.429000000000000000e+03,2.459051311016082764e-01
8.991000000000000000e+03,2.232395410537719727e-01
9.553000000000000000e+03,2.245872914791107178e-01
1.011500000000000000e+04,1.690599173307418823e-01
1.067700000000000000e+04,2.006963640451431274e-01
1.123900000000000000e+04,1.509313881397247314e-01
1.180100000000000000e+04,2.061898559331893921e-01
1.236300000000000000e+04,2.039068043231964111e-01
1.292500000000000000e+04,1.754031181335449219e-01
1.348700000000000000e+04,1.445704102516174316e-01
1.404900000000000000e+04,1.516384035348892212e-01
1.461100000000000000e+04,1.801771670579910278e-01
