1.000000000000000000e+00,1.179868817329406738e+00
5.610000000000000000e+02,1.526737660169601440e-01
1.123000000000000000e+03,5.282403901219367981e-02
1.685000000000000000e+03,4.994129016995429993e-02
2.247000000000000000e+03,4.134526848793029785e-02
2.809000000000000000e+03,7.188731431961059570e-02
3.371000000000000000e+03,4.054944589734077454e-02
3.933000000000000000e+03,6.068553030490875244e-02
4.495000000000000000e+03,3.484014794230461121e-02
5.057000000000000000e+03,1.176782604306936264e-02
5.619000000000000000e+03,6.720775365829467773e-02
6.181000000000000000e+03,2.552611194550991058e-02
6.743000000000000000e+03,4.789831861853599548e-02
7.305000000000000000e+03,4.780075326561927795e-02
7.867000000000000000e+03,1.233177911490201950e-02
8.429000000000000000e+03,2.032236568629741669e-02
8.991000000000000000e+03,5.052726343274116516e-02
9.553000000000000000e+03,5.812205001711845398e-02
1.011500000000000000e+04,4.179741255939006805e-03
1.067700000000000000e+04,3.773353248834609985e-02
1.123900000000000000e+04,2.681540697813034058e-02
1.180100000000000000e+04,6.062647793442010880e-03
1.236300000000000000e+04,4.672468174248933792e-03
1.292500000000000000e+04,2.908243983983993530e-02
1.348700000000000000e+04,2.504126913845539093e-02
1.404900000000000000e+04,6.085526943206787109e-02
1.461100000000000000e+04,1.700677163898944855e-02
1.517300000000000000e+04,2.768879383802413940e-02
1.573500000000000000e+04,9.226858615875244141e-03
1.629700000000000000e+04,4.583333153277635574e-03
1.685900000000000000e+04,5.365048069506883621e-03
1.742100000000000000e+04,9.330401662737131119e-04
1.798300000000000000e+04,1.917585171759128571e-02
1.854500000000000000e+04,1.530393143184483051e-03
1.910700000000000000e+04,3.118384629487991333e-03
1.966900000000000000e+04,5.579048884101212025e-04
