1.000000000000000000e+00,6.102723121643066406e+00
5.610000000000000000e+02,8.392217159271240234e-01
1.123000000000000000e+03,7.622511386871337891e-01
1.685000000000000000e+03,6.484298706054687500e-01
2.247000000000000000e+03,5.631396174430847168e-01
2.809000000000000000e+03,4.931389689445495605e-01
3.371000000000000000e+03,4.682641327381134033e-01
3.933000000000000000e+03,4.004838764667510986e-01
4.495000000000000000e+03,3.508327007293701172e-01
5.057000000000000000e+03,3.307297229766845703e-01
5.619000000000000000e+03,3.542345762252807617e-01
6.181000000000000000e+03,2.827465236186981201e-01
6.743000000000000000e+03,2.937825918197631836e-01
7.305000000000000000e+03,2.783388495445251465e-01
7.867000000000000000e+03,2.610409259796142578e-01
8.429000000000000000e+03,2.574539780616760254e-01
8.991000000000000000e+03,2.652867138385772705e-01
9.553000000000000000e+03,2.159188389778137207e-01
1.011500000000000000e+04,2.345679700374603271e-01
1.067700000000000000e+04,1.807559728622436523e-01
1.123900000000000000e+04,1.767503768205642700e-01
1.180100000000000000e+04,2.171119004487991333e-01
1.236300000000000000e+04,2.118621468544006348e-01
1.292500000000000000e+04,1.761487722396850586e-01
1.348700000000000000e+04,1.774679124355316162e-01
1.404900000000000000e+04,1.342890262603759766e-01
1.461100000000000000e+04,1.777136325836181641e-01
