1.000000000000000000e+00,2.565617322921752930e+00
1.124000000000000000e+03,6.108341813087463379e-01
2.249000000000000000e+03,3.923930227756500244e-01
3.374000000000000000e+03,3.944719135761260986e-01
4.499000000000000000e+03,3.156253099441528320e-01
5.624000000000000000e+03,3.254651129245758057e-01
6.749000000000000000e+03,2.578601837158203125e-01
7.874000000000000000e+03,2.432437539100646973e-01
8.999000000000000000e+03,2.200592309236526489e-01
1.012400000000000000e+04,2.108886688947677612e-01
1.124900000000000000e+04,2.353626787662506104e-01
1.237400000000000000e+04,2.170642167329788208e-01
1.349900000000000000e+04,1.768373250961303711e-01
1.462400000000000000e+04,2.013695836067199707e-01
1.574900000000000000e+04,1.991644203662872314e-01
1.687400000000000000e+04,1.421851962804794312e-01
1.799900000000000000e+04,2.256158888339996338e-01
1.912400000000000000e+04,1.747875511646270752e-01
