1.000000000000000000e+00,1.556446194648742676e+00
5.610000000000000000e+02,7.301198244094848633e-01
1.123000000000000000e+03,6.365863084793090820e-01
1.685000000000000000e+03,4.296467900276184082e-01
2.247000000000000000e+03,4.394743144512176514e-01
2.809000000000000000e+03,3.486771583557128906e-01
3.371000000000000000e+03,3.130008876323699951e-01
3.933000000000000000e+03,3.168351054191589355e-01
4.495000000000000000e+03,2.730325162410736084e-01
5.057000000000000000e+03,2.543535530567169189e-01
5.619000000000000000e+03,3.518111407756805420e-01
6.181000000000000000e+03,2.694666683673858643e-01
6.743000000000000000e+03,2.538267970085144043e-01
7.305000000000000000e+03,1.986455470323562622e-01
7.867000000000000000e+03,2.312418371438980103e-01
8.429000000000000000e+03,2.392028719186782837e-01
8.991000000000000000e+03,2.171211689710617065e-01
9.553000000000000000e+03,2.168220579624176025e-01
1.011500000000000000e+04,2.111376672983169556e-01
1.067700000000000000e+04,1.487854868173599243e-01
1.123900000000000000e+04,2.116664946079254150e-01
1.180100000000000000e+04,2.171607166528701782e-01
1.236300000000000000e+04,1.932349205017089844e-01
1.292500000000000000e+04,1.823309659957885742e-01
1.348700000000000000e+04,1.338898837566375732e-01
1.404900000000000000e+04,1.163968592882156372e-01
1.461100000000000000e+04,1.886954009532928467e-01
