1.000000000000000000e+00,3.126830101013183594e+00
5.610000000000000000e+02,7.459651231765747070e-01
1.123000000000000000e+03,6.965933442115783691e-01
1.685000000000000000e+03,6.498840451240539551e-01
2.247000000000000000e+03,5.442101359367370605e-01
2.809000000000000000e+03,5.131392478942871094e-01
3.371000000000000000e+03,4.267868399620056152e-01
3.933000000000000000e+03,3.865049481391906738e-01
4.495000000000000000e+03,3.546371757984161377e-01
5.057000000000000000e+03,3.473967909812927246e-01
5.619000000000000000e+03,2.879435420036315918e-01
6.181000000000000000e+03,2.480813115835189819e-01
6.743000000000000000e+03,2.262832224369049072e-01
7.305000000000000000e+03,2.018240988254547119e-01
7.867000000000000000e+03,2.090066969394683838e-01
8.429000000000000000e+03,2.185731381177902222e-01
8.991000000000000000e+03,2.206329107284545898e-01
9.553000000000000000e+03,1.768686473369598389e-01
1.011500000000000000e+04,1.766852438449859619e-01
1.067700000000000000e+04,1.426525115966796875e-01
1.123900000000000000e+04,1.373124718666076660e-01
1.180100000000000000e+04,1.787866652011871338e-01
1.236300000000000000e+04,1.425709277391433716e-01
1.292500000000000000e+04,1.321640759706497192e-01
1.348700000000000000e+04,1.113365739583969116e-01
1.404900000000000000e+04,1.282580047845840454e-01
1.461100000000000000e+04,1.096421703696250916e-01
