1.000000000000000000e+00,1.657236337661743164e+00
5.610000000000000000e+02,7.418845891952514648e-01
1.123000000000000000e+03,6.333966851234436035e-01
1.685000000000000000e+03,4.913282096385955811e-01
2.247000000000000000e+03,4.021876454353332520e-01
2.809000000000000000e+03,3.572644889354705811e-01
3.371000000000000000e+03,3.511036038398742676e-01
3.933000000000000000e+03,2.832006812095642090e-01
4.495000000000000000e+03,2.724498212337493896e-01
5.057000000000000000e+03,2.219837307929992676e-01
5.619000000000000000e+03,2.332144230604171753e-01
6.181000000000000000e+03,1.997594237327575684e-01
6.743000000000000000e+03,2.420230805873870850e-01
7.305000000000000000e+03,1.979808509349822998e-01
7.867000000000000000e+03,2.263184934854507446e-01
8.429000000000000000e+03,2.051364183425903320e-01
8.991000000000000000e+03,2.450617849826812744e-01
9.553000000000000000e+03,1.573587656021118164e-01
1.011500000000000000e+04,2.132412046194076538e-01
1.067700000000000000e+04,1.397886872291564941e-01
1.123900000000000000e+04,1.411344110965728760e-01
1.180100000000000000e+04,1.797502338886260986e-01
1.236300000000000000e+04,1.733117103576660156e-01
1.292500000000000000e+04,1.391826272010803223e-01
1.348700000000000000e+04,1.312070339918136597e-01
1.404900000000000000e+04,9.845837205648422241e-02
1.461100000000000000e+04,1.535821557044982910e-01
