1.000000000000000000e+00,1.515474796295166016e+00
5.610000000000000000e+02,3.074993193149566650e-01
1.123000000000000000e+03,1.165065988898277283e-01
1.685000000000000000e+03,7.679926604032516479e-02
2.247000000000000000e+03,7.310620695352554321e-02
2.809000000000000000e+03,8.244240283966064453e-02
3.371000000000000000e+03,5.952031537890434265e-02
3.933000000000000000e+03,7.511117309331893921e-02
4.495000000000000000e+03,6.117367371916770935e-02
5.057000000000000000e+03,7.672118488699197769e-03
5.619000000000000000e+03,9.008833765983581543e-02
6.181000000000000000e+03,5.411661043763160706e-02
6.743000000000000000e+03,7.582087069749832153e-02
7.305000000000000000e+03,6.920936703681945801e-02
7.867000000000000000e+03,3.918942436575889587e-02
8.429000000000000000e+03,6.275768578052520752e-02
8.991000000000000000e+03,7.718759030103683472e-02
9.553000000000000000e+03,7.721886038780212402e-02
1.011500000000000000e+04,3.487447276711463928e-03
1.067700000000000000e+04,6.231646612286567688e-02
1.123900000000000000e+04,8.013744652271270752e-02
1.180100000000000000e+04,2.066515013575553894e-02
1.236300000000000000e+04,6.894414778798818588e-03
1.292500000000000000e+04,6.391770392656326294e-02
1.348700000000000000e+04,6.850656121969223022e-02
1.404900000000000000e+04,8.921196311712265015e-02
1.461100000000000000e+04,1.126950886100530624e-02
1.517300000000000000e+04,4.737802967429161072e-02
1.573500000000000000e+04,4.405923187732696533e-02
1.629700000000000000e+04,2.134569920599460602e-02
1.685900000000000000e+04,2.752225846052169800e-02
1.742100000000000000e+04,3.877592459321022034e-02
1.798300000000000000e+04,3.186552599072456360e-02
1.854500000000000000e+04,4.108153656125068665e-02
1.910700000000000000e+04,1.258394960314035416e-02
1.966900000000000000e+04,2.430923096835613251e-02
