1.094248294830322266e+00
6.660278439521789551e-01
6.358783245086669922e-01
5.685976147651672363e-01
5.414651036262512207e-01
5.253186225891113281e-01
5.123134255409240723e-01
5.052095055580139160e-01
5.011717677116394043e-01
5.006046891212463379e-01
5.007740259170532227e-01
5.008404850959777832e-01
5.004718303680419922e-01
5.001129508018493652e-01
4.999087154865264893e-01
4.996286332607269287e-01
4.994395673274993896e-01
4.991919994354248047e-01
4.988991916179656982e-01
4.987924993038177490e-01
4.987260997295379639e-01
4.987117052078247070e-01
4.984870851039886475e-01
4.983578026294708252e-01
4.984782636165618896e-01
4.984874725341796875e-01
4.984993934631347656e-01
4.986182153224945068e-01
4.984919130802154541e-01
4.984667003154754639e-01
4.983739852905273438e-01
4.983104765415191650e-01
4.983353614807128906e-01
4.982866346836090088e-01
4.983000457286834717e-01
4.982624948024749756e-01
