1.075016617774963379e+00
6.814182400703430176e-01
6.458829045295715332e-01
5.866097211837768555e-01
5.399215817451477051e-01
5.366975665092468262e-01
5.103639960289001465e-01
5.102900862693786621e-01
5.145028233528137207e-01
5.042070746421813965e-01
5.064954161643981934e-01
5.021501183509826660e-01
5.119224786758422852e-01
5.020077824592590332e-01
4.974481165409088135e-01
5.051884651184082031e-01
5.063715577125549316e-01
5.045239925384521484e-01
4.945966303348541260e-01
5.073831677436828613e-01
4.993714988231658936e-01
5.023760199546813965e-01
5.122249126434326172e-01
5.037080049514770508e-01
4.998601377010345459e-01
4.952792227268218994e-01
5.069409012794494629e-01
4.891293942928314209e-01
4.995481967926025391e-01
4.980002343654632568e-01
5.025205612182617188e-01
5.012898445129394531e-01
5.030806064605712891e-01
5.026135444641113281e-01
5.011907219886779785e-01
4.998930990695953369e-01
