1.000000000000000000e+00,4.470910549163818359e+00
5.610000000000000000e+02,7.960853576660156250e-01
1.123000000000000000e+03,6.961858272552490234e-01
1.685000000000000000e+03,6.258448958396911621e-01
2.247000000000000000e+03,5.645900368690490723e-01
2.809000000000000000e+03,5.035694241523742676e-01
3.371000000000000000e+03,4.478150606155395508e-01
3.933000000000000000e+03,4.113501608371734619e-01
4.495000000000000000e+03,3.639073371887207031e-01
5.057000000000000000e+03,3.610744178295135498e-01
5.619000000000000000e+03,3.473346829414367676e-01
6.181000000000000000e+03,3.266339004039764404e-01
6.743000000000000000e+03,3.135760128498077393e-01
7.305000000000000000e+03,2.701331973075866699e-01
7.867000000000000000e+03,2.401175647974014282e-01
8.429000000000000000e+03,2.910879552364349365e-01
8.991000000000000000e+03,2.647289931774139404e-01
9.553000000000000000e+03,2.109114080667495728e-01
1.011500000000000000e+04,1.832897067070007324e-01
1.067700000000000000e+04,1.600918024778366089e-01
1.123900000000000000e+04,1.645662337541580200e-01
1.180100000000000000e+04,1.655763089656829834e-01
1.236300000000000000e+04,1.864276230335235596e-01
1.292500000000000000e+04,1.611268967390060425e-01
1.348700000000000000e+04,1.415511965751647949e-01
1.404900000000000000e+04,1.313736140727996826e-01
1.461100000000000000e+04,1.309932023286819458e-01
