1.000000000000000000e+00,8.971926569938659668e-01
5.610000000000000000e+02,1.479825675487518311e-01
1.123000000000000000e+03,6.568787246942520142e-02
1.685000000000000000e+03,6.062467768788337708e-02
2.247000000000000000e+03,4.942546412348747253e-02
2.809000000000000000e+03,7.489430159330368042e-02
3.371000000000000000e+03,3.956524282693862915e-02
3.933000000000000000e+03,7.301766425371170044e-02
4.495000000000000000e+03,5.012550577521324158e-02
5.057000000000000000e+03,1.592699438333511353e-02
5.619000000000000000e+03,6.094148755073547363e-02
6.181000000000000000e+03,2.623419277369976044e-02
6.743000000000000000e+03,4.858832433819770813e-02
7.305000000000000000e+03,3.529198840260505676e-02
7.867000000000000000e+03,2.088674344122409821e-02
8.429000000000000000e+03,1.716361753642559052e-02
8.991000000000000000e+03,4.291045665740966797e-02
9.553000000000000000e+03,7.116446644067764282e-02
1.011500000000000000e+04,4.560824949294328690e-03
1.067700000000000000e+04,4.292345046997070312e-02
1.123900000000000000e+04,7.008691877126693726e-02
1.180100000000000000e+04,1.090625207871198654e-02
1.236300000000000000e+04,1.205374207347631454e-02
1.292500000000000000e+04,3.276822715997695923e-02
1.348700000000000000e+04,5.873863771557807922e-02
1.404900000000000000e+04,6.786263734102249146e-02
1.461100000000000000e+04,4.503487143665552139e-03
1.517300000000000000e+04,3.975722938776016235e-02
1.573500000000000000e+04,1.944613084197044373e-02
1.629700000000000000e+04,2.884807437658309937e-02
1.685900000000000000e+04,2.924960851669311523e-02
1.742100000000000000e+04,3.137129545211791992e-02
1.798300000000000000e+04,1.944719068706035614e-02
1.854500000000000000e+04,2.106149308383464813e-02
1.910700000000000000e+04,1.294947694987058640e-02
1.966900000000000000e+04,2.909888885915279388e-02
