1.000000000000000000e+00
4.490000000000000000e+02
8.990000000000000000e+02
1.349000000000000000e+03
1.799000000000000000e+03
2.249000000000000000e+03
2.699000000000000000e+03
3.149000000000000000e+03
3.599000000000000000e+03
4.049000000000000000e+03
4.499000000000000000e+03
4.949000000000000000e+03
5.399000000000000000e+03
5.849000000000000000e+03
6.299000000000000000e+03
6.749000000000000000e+03
7.199000000000000000e+03
7.649000000000000000e+03
8.099000000000000000e+03
8.549000000000000000e+03
8.999000000000000000e+03
9.449000000000000000e+03
9.899000000000000000e+03
