1.000000000000000000e+00,6.121153831481933594e+00
5.610000000000000000e+02,9.093792438507080078e-01
1.123000000000000000e+03,7.277045249938964844e-01
1.685000000000000000e+03,6.717295050621032715e-01
2.247000000000000000e+03,6.138812899589538574e-01
2.809000000000000000e+03,5.720945596694946289e-01
3.371000000000000000e+03,5.039442777633666992e-01
3.933000000000000000e+03,4.606924951076507568e-01
4.495000000000000000e+03,4.218721985816955566e-01
5.057000000000000000e+03,3.479383587837219238e-01
5.619000000000000000e+03,3.857278823852539062e-01
6.181000000000000000e+03,2.845539450645446777e-01
6.743000000000000000e+03,2.596933841705322266e-01
7.305000000000000000e+03,2.675609588623046875e-01
7.867000000000000000e+03,2.555124163627624512e-01
8.429000000000000000e+03,2.526954710483551025e-01
8.991000000000000000e+03,2.285776287317276001e-01
9.553000000000000000e+03,1.909927725791931152e-01
1.011500000000000000e+04,1.819576919078826904e-01
1.067700000000000000e+04,1.350990980863571167e-01
1.123900000000000000e+04,1.636820286512374878e-01
1.180100000000000000e+04,1.847399175167083740e-01
1.236300000000000000e+04,1.677581369876861572e-01
1.292500000000000000e+04,1.721311956644058228e-01
1.348700000000000000e+04,1.488216370344161987e-01
1.404900000000000000e+04,1.031035333871841431e-01
1.461100000000000000e+04,1.356912106275558472e-01
