9.241111874580383301e-01
3.495382070541381836e-01
2.490731477737426758e-01
1.615150123834609985e-01
1.220835447311401367e-01
8.901491761207580566e-02
5.442075431346893311e-02
1.028356775641441345e-01
9.838206321001052856e-02
8.978965133428573608e-02
5.842368304729461670e-02
6.115816161036491394e-02
6.743750721216201782e-02
5.846213921904563904e-02
4.328174516558647156e-02
7.084550708532333374e-02
4.724483564496040344e-02
1.032595112919807434e-01
4.682202637195587158e-02
1.084374412894248962e-01
7.089975476264953613e-02
1.056234017014503479e-01
7.846605032682418823e-02
7.620302587747573853e-02
6.394649296998977661e-02
9.187171608209609985e-02
7.750514894723892212e-02
