2.596568800072418526e-03,0.000000000000000000e+00,4.030817399325314909e-03,1.207051899655198213e+00,9.873960010227165185e-01,9.873960010227165185e-01,9.834071820005192421e-01,3.412765836401376873e-03,1.207051899655198213e+00,3.440459711055154912e-02,1.213173207033833023e+00,1.220011182500456925e+00,9.873960010227165185e-01,1.256473977264249697e-03,9.873960010227165185e-01,1.207051899655198213e+00
8.681708273943513632e-01,8.875594969140365720e-02,1.535380558489123359e-01,2.645942477043718100e+00,2.650829241145402193e+00,2.650829241145402193e+00,2.460367218125611544e+00,3.171967117377789691e-01,2.645942477043718100e+00,2.804177020589122549e-01,2.534913939889520407e+00,2.725375962909311056e+00,2.650829241145402193e+00,1.567570408369647339e-01,2.650829241145402193e+00,2.645942477043718100e+00
2.809026298637036234e-01,3.816707191581372172e-01,2.747733404685277492e-01,1.267216777952853590e+00,9.700227738940156996e-01,9.700227738940156996e-01,1.205047106894198805e+00,6.357133017445448786e-02,1.267216777952853590e+00,3.880590090120676905e-01,1.699730357679072767e+00,1.464706024678889662e+00,9.700227738940156996e-01,4.510778585972730070e-02,9.700227738940156996e-01,1.267216777952853590e+00
6.452317491348367184e-01,3.560583336002309807e-01,1.022948716854443774e-02,8.655015143376658671e-01,8.756307698131422512e-01,8.756307698131422512e-01,5.538720959120837506e-01,1.395344213015050627e-01,8.655015143376658671e-01,3.742418839028687216e-01,5.491931128999567591e-01,8.694259130206773989e-01,8.756307698131422512e-01,0.000000000000000000e+00,8.756307698131422512e-01,8.655015143376658671e-01
2.608960526013106573e-01,0.000000000000000000e+00,2.167139459052123129e-01,1.206750739860581234e+00,1.207063136949727777e+00,1.207063136949727777e+00,1.215766711720789317e+00,0.000000000000000000e+00,1.206750739860581234e+00,7.480334446881897748e-02,1.213413157063769177e+00,1.204709582292707637e+00,1.207063136949727777e+00,0.000000000000000000e+00,1.207063136949727777e+00,1.206750739860581234e+00
1.466039129736600444e-01,6.743430047936271876e-02,0.000000000000000000e+00,0.000000000000000000e+00,0.000000000000000000e+00,0.000000000000000000e+00,0.000000000000000000e+00,0.000000000000000000e+00,0.000000000000000000e+00,1.258877664804458618e-02,0.000000000000000000e+00,0.000000000000000000e+00,0.000000000000000000e+00,0.000000000000000000e+00,0.000000000000000000e+00,0.000000000000000000e+00
6.259469299402553588e-01,8.043082275253254920e-01,8.961143730266485363e-01,2.555839703418314457e-01,1.140751482162158936e-01,1.140751482162158936e-01,4.569360139430500567e-02,1.180575769190909341e+00,2.555839703418314457e-01,7.700557146745268255e-01,3.410232449241448194e-01,4.717291154956910759e-01,1.140751482162158936e-01,6.602740574453491718e-01,1.140751482162158936e-01,2.555839703418314457e-01
3.420085188117809594e-01,1.009022578946314752e-01,8.474557485897094011e-03,9.325542063488683198e-01,9.614795076086011250e-01,9.614795076086011250e-01,9.580360526197182480e-01,0.000000000000000000e+00,9.325542063488683198e-01,0.000000000000000000e+00,9.110879760737589095e-01,9.126949217352375854e-01,9.614795076086011250e-01,3.799202784575754777e-01,9.614795076086011250e-01,9.325542063488683198e-01
5.094089488284225808e-01,1.926936790714535164e-01,1.476410158102225978e-02,1.321292960450591636e+00,1.315360091526599717e+00,1.315360091526599717e+00,1.317827195411155117e+00,0.000000000000000000e+00,1.321292960450591636e+00,6.087091363460785942e-01,1.315117578969875467e+00,1.312650475085320068e+00,1.315360091526599717e+00,5.142386206443916308e-01,1.315360091526599717e+00,1.321292960450591636e+00
7.434654806274920702e-02,8.999440318439155817e-02,2.969651143066585064e-01,1.261491798912175000e+00,1.302453552489168942e+00,1.302453552489168942e+00,1.676379506592638791e+00,3.051830024924129248e-02,1.261491798912175000e+00,4.041619460331276059e-01,1.526346341823227704e+00,1.152420387719757855e+00,1.302453552489168942e+00,8.754070254508405924e-02,1.302453552489168942e+00,1.261491798912175000e+00
1.993428121990291402e+00,1.801384174235863611e+00,1.895588164887158200e+00,2.586816093855304644e+00,2.517776980035705492e+00,2.517776980035705492e+00,2.402262351446552202e+00,1.948912833555368707e+00,2.586816093855304644e+00,1.637256412504939362e+00,2.518189749651355669e+00,2.633704378240508959e+00,2.517776980035705492e+00,1.710089565225644037e+00,2.517776980035705492e+00,2.586816093855304644e+00
7.002526150317862630e-01,3.198012111533898860e-02,1.557902287459000945e-04,1.189407323341583833e+00,1.231988497864222154e+00,1.231988497864222154e+00,1.215834130387520418e+00,5.839353585324715823e-01,1.189407323341583833e+00,3.894712717738002539e-04,1.161250580422347412e+00,1.176395299931755289e+00,1.231988497864222154e+00,0.000000000000000000e+00,1.231988497864222154e+00,1.189407323341583833e+00
6.064834818243980408e-01,1.117569699883460999e+00,6.694096624851226807e-01,4.526951199513860047e-01,4.547350133070722222e-01,4.547350133070722222e-01,6.313629858195781708e-01,5.469345226883888245e-01,4.526951199513860047e-01,7.596454466693103313e-03,4.866510011197533458e-01,3.353507146530319005e-01,4.547350133070722222e-01,5.052327215671539307e-01,4.547350133070722222e-01,4.526951199513860047e-01
8.160381976631470025e-02,3.373530223616398871e-01,3.120487647829577327e-01,7.245320891961455345e-01,8.551164145610528067e-01,8.551164145610528067e-01,1.183053242697496898e+00,1.136336338531691581e-01,7.245320891961455345e-01,3.684747389343101531e-02,7.197585953399538994e-01,4.663999194162897766e-01,8.551164145610528067e-01,3.332639677100814879e-01,8.551164145610528067e-01,7.245320891961455345e-01
5.289014008303638548e-01,1.787379086599685252e-01,4.591080295504070818e-01,4.228222264093346894e+00,4.029160810750909150e+00,4.029160810750909150e+00,3.743343217414803803e+00,3.092163103283382952e-01,4.228222264093346894e+00,1.932347880792804062e-01,4.236050708335824311e+00,4.521868301671929657e+00,4.029160810750909150e+00,3.063574666739441454e-01,4.029160810750909150e+00,4.228222264093346894e+00
1.094824927306035534e+00,7.879017315863166004e-01,8.928567286639008671e-01,1.830128046130994335e+00,1.735465864097932354e+00,1.735465864097932354e+00,1.752324050670722499e+00,6.518083460687194020e-01,1.830128046130994335e+00,6.439011640904936939e-01,1.767744904762366787e+00,1.750886718189576641e+00,1.735465864097932354e+00,7.057987958251032978e-01,1.735465864097932354e+00,1.830128046130994335e+00
8.964516320265829563e-01,1.771584640140645206e+00,1.548285433585988358e+00,6.857412237150128931e-01,9.401630984211806208e-01,9.401630984211806208e-01,1.362136538082268089e+00,1.248386020713951439e+00,6.857412237150128931e-01,2.083033751579932868e+00,8.987855663290247321e-01,5.569307192636188120e-01,9.401630984211806208e-01,1.573130943710566498e+00,9.401630984211806208e-01,6.857412237150128931e-01
1.051350829875445925e+00,4.696225772931938991e-01,3.498538868734613061e-02,5.658219519391423091e-01,3.249433699384098873e-01,3.249433699384098873e-01,2.578493944893125445e-01,6.544859360292321071e-01,5.658219519391423091e-01,4.934818220644956455e-01,7.866589787736302242e-01,8.551737728848820552e-01,3.249433699384098873e-01,8.239294809754937887e-03,3.249433699384098873e-01,5.658219519391423091e-01
1.006726177729433402e-02,0.000000000000000000e+00,0.000000000000000000e+00,8.929680786968674511e-01,8.946040454611647874e-01,8.946040454611647874e-01,9.011498855434183497e-01,3.269505756179569289e-02,8.929680786968674511e-01,1.114154056995175779e-02,9.002796243912598584e-01,8.940445918633486144e-01,8.946040454611647874e-01,6.903253000928089023e-03,8.946040454611647874e-01,8.929680786968674511e-01
1.403831824602093548e+00,1.222212866414338350e-01,4.397167357965372503e-01,1.439726475800853223e+00,1.457787638704758137e+00,1.457787638704758137e+00,1.467302341188769788e+00,5.368265061988495290e-01,1.439726475800853223e+00,6.804982665926218033e-02,1.361819023441057652e+00,1.352304320957046002e+00,1.457787638704758137e+00,7.804751768708229065e-02,1.457787638704758137e+00,1.439726475800853223e+00
1.184560714464168996e-01,1.008257068460807204e-01,1.100332312635146081e-01,1.133597293606726453e+00,1.162860100826947019e+00,1.162860100826947019e+00,1.188372635951964185e+00,0.000000000000000000e+00,1.133597293606726453e+00,6.674982299155090004e-01,1.086611216625897214e+00,1.061098681500880048e+00,1.162860100826947019e+00,2.589021716557908803e-01,1.162860100826947019e+00,1.133597293606726453e+00
1.040457327448166325e+00,0.000000000000000000e+00,1.229016372235491872e-01,7.605559795274530188e-01,7.418095637922306196e-01,7.418095637922306196e-01,7.290187368280385272e-01,8.405158006989950081e-01,7.605559795274530188e-01,3.924750320074963383e-01,2.385359603013057495e+00,2.403964442233700538e+00,7.418095637922306196e-01,0.000000000000000000e+00,7.418095637922306196e-01,7.605559795274530188e-01
0.000000000000000000e+00,0.000000000000000000e+00,9.533443203017668566e-01,1.137092543520338950e+00,1.037101788640939048e+00,1.037101788640939048e+00,1.038181510220965720e+00,0.000000000000000000e+00,1.137092543520338950e+00,0.000000000000000000e+00,1.139394079169505858e+00,1.137234636009452515e+00,1.037101788640939048e+00,6.353560187926632352e-02,1.037101788640939048e+00,1.137092543520338950e+00
0.000000000000000000e+00,1.059901458211243153e-02,1.496779046719893813e-01,7.125355218304321170e-01,6.938794747693464160e-01,6.938794747693464160e-01,5.188669756753370166e-01,8.901278523262590170e-02,7.125355218304321170e-01,2.222965905675664544e-01,3.126954351319000125e-01,4.877079342259094119e-01,6.938794747693464160e-01,1.469973853090777993e-03,6.938794747693464160e-01,7.125355218304321170e-01
7.349666672380408272e-01,3.678294185374397784e-02,1.074124590231804177e-01,1.654867607867345214e-01,1.034369057015283033e-01,1.034369057015283033e-01,8.422440457798074931e-02,2.225485333619872108e-01,1.654867607867345214e-01,1.232466186775127426e-01,1.049724386975867674e-01,1.353561662836000323e-01,1.034369057015283033e-01,1.969096304965205491e-01,1.034369057015283033e-01,1.654867607867345214e-01
1.179342870484106243e+00,7.330676447891164571e-01,5.147922691248822957e-01,1.448279798845760524e+00,1.279316739062778652e+00,1.279316739062778652e+00,1.194526680628769100e+00,7.361296133894938976e-01,1.448279798845760524e+00,7.988906326063442975e-01,1.443740644375793636e+00,1.528530702809803188e+00,1.279316739062778652e+00,5.799706501711625606e-01,1.279316739062778652e+00,1.448279798845760524e+00
3.502488007143256254e-01,2.234861800388898700e-03,6.647187741546076722e-01,1.533167011286423076e+00,1.410645695468701888e+00,1.410645695468701888e+00,1.394044686174311209e+00,6.962838022445794195e-03,1.533167011286423076e+00,9.974350875563686714e-02,1.505817587669298518e+00,1.539019606258079875e+00,1.410645695468701888e+00,3.583727185468887910e-02,1.410645695468701888e+00,1.533167011286423076e+00
9.901287463435437530e-03,3.492928252671845257e-01,7.156292646250221878e-01,1.122071388555923477e+00,1.450202408625045791e+00,1.450202408625045791e+00,1.763481888367095962e+00,1.905715366956428625e-01,1.122071388555923477e+00,2.131934251301572658e-01,1.415165941609302536e+00,1.101886461867252365e+00,1.450202408625045791e+00,4.181929030455648899e-01,1.450202408625045791e+00,1.122071388555923477e+00
6.007800606312230229e-02,9.037703817011788487e-02,4.256594675825908780e-02,1.028085592144634575e+00,1.683526161068584770e+00,1.683526161068584770e+00,2.367859962338116020e+00,3.863244556123390794e-02,1.028085592144634575e+00,1.568737282068468630e-01,1.911694127076771110e+00,1.227360325807239860e+00,1.683526161068584770e+00,7.571567063569091260e-01,1.683526161068584770e+00,1.028085592144634575e+00
0.000000000000000000e+00,3.987496338668279350e-01,1.492976385052315891e-01,1.143665524126845412e+00,1.144229378769523464e+00,1.144229378769523464e+00,1.147435231468989514e+00,1.538143686775583774e-02,1.143665524126845412e+00,0.000000000000000000e+00,1.145062959039933048e+00,1.141857106340466999e+00,1.144229378769523464e+00,7.822220446396386251e-01,1.144229378769523464e+00,1.143665524126845412e+00
8.437464796006679535e-01,6.281389718642458320e-01,8.217865457991138101e-01,1.903208207339048386e+00,1.980906385928392410e+00,1.980906385928392410e+00,1.918755054473876953e+00,8.081924287835136056e-01,1.903208207339048386e+00,5.516231505462201312e-01,1.742725163698196411e+00,1.804876495152711868e+00,1.980906385928392410e+00,5.195103449077578261e-01,1.980906385928392410e+00,1.903208207339048386e+00
1.602915984360151924e+00,9.618051103316247463e-01,1.243467607593629509e+00,9.178688314714236185e-01,8.507216826983494684e-01,8.507216826983494684e-01,7.574043751665158197e-01,1.160959183936938643e+00,9.178688314714236185e-01,2.528816941077820957e+00,7.290415007591946051e-01,8.223588082910282537e-01,8.507216826983494684e-01,1.461166508262977004e+00,8.507216826983494684e-01,9.178688314714236185e-01
7.976665226124168839e-03,0.000000000000000000e+00,6.215538938768077060e-01,1.212607952771577402e+00,1.211765295249279006e+00,1.211765295249279006e+00,1.216456683474461897e+00,5.376063871217411361e-01,1.212607952771577402e+00,2.509338505387859186e-02,1.215685176261104061e+00,1.210993788035921170e+00,1.211765295249279006e+00,2.553559393954856205e-01,1.211765295249279006e+00,1.212607952771577402e+00
4.625599382852669805e-01,2.005187515169382095e-01,1.128899453033227473e+00,6.218951009068405256e-01,6.624484492785995826e-01,6.624484492785995826e-01,6.602397534006740898e-01,7.843927408830495551e-01,6.218951009068405256e-01,5.676974153029732406e-01,6.304281308839563280e-01,6.326368267618818209e-01,6.624484492785995826e-01,5.723852063820231706e-01,6.624484492785995826e-01,6.218951009068405256e-01
0.000000000000000000e+00,1.355002472409978509e-01,2.285825969884172082e-01,0.000000000000000000e+00,0.000000000000000000e+00,0.000000000000000000e+00,7.822792706429027021e-02,0.000000000000000000e+00,0.000000000000000000e+00,3.072151786182075739e-02,1.984399071079678833e-02,0.000000000000000000e+00,0.000000000000000000e+00,0.000000000000000000e+00,0.000000000000000000e+00,0.000000000000000000e+00
3.297408838407136500e-01,1.138151694904081523e-01,7.227585495566017926e-01,1.000566240691114217e+00,8.754821534384973347e-01,8.754821534384973347e-01,5.998165722121484578e-01,9.008122919476591051e-02,1.000566240691114217e+00,3.522671033279038966e-01,4.883272613515146077e-01,7.639928425778634846e-01,8.754821534384973347e-01,1.138225077302195132e-01,8.754821534384973347e-01,1.000566240691114217e+00
1.360757808215566911e-01,1.468201575335115194e-03,2.284793868093402125e-01,1.264835100093478104e+00,1.266190450760404929e+00,1.266190450760404929e+00,1.052946667961805360e+00,1.110554788538138382e-01,1.264835100093478104e+00,4.181317301117815077e-03,1.063570741582225310e+00,1.293135644074936863e+00,1.266190450760404929e+00,3.046622790861874819e-03,1.266190450760404929e+00,1.264835100093478104e+00
9.874250993016175926e-02,3.288748805061914027e-01,5.513199079432524741e-01,1.324188648781273514e+00,1.117086886486504227e+00,1.117086886486504227e+00,7.420702865929342806e-01,3.043509720009751618e-01,1.324188648781273514e+00,5.965332929627038538e-01,5.605280730524100363e-01,9.282110026688314974e-01,1.117086886486504227e+00,7.138686554390005767e-02,1.117086886486504227e+00,1.324188648781273514e+00
4.387043475289829075e-01,4.452503391075879335e-02,7.073075941298156977e-02,1.220213814522139728e+00,3.372190673253498971e-01,3.372190673253498971e-01,2.895341407856903970e-01,1.681095118983648717e-01,1.220213814522139728e+00,7.233110602828674018e-02,1.389826907659880817e+00,1.516986711765639484e+00,3.372190673253498971e-01,1.591019303887151182e-01,3.372190673253498971e-01,1.220213814522139728e+00
6.418596847506705672e-01,4.352619770506862551e-01,6.812704518379177898e-01,1.782064258615719154e+00,1.479913204471813515e+00,1.479913204471813515e+00,1.207566052238689736e+00,9.750521369569469243e-01,1.782064258615719154e+00,7.937501489650458097e-01,1.734396993677364662e+00,2.006744145910488442e+00,1.479913204471813515e+00,1.202940082206623629e+00,1.479913204471813515e+00,1.782064258615719154e+00
