-1.199038699269294739e-02
-1.023552715778350830e-01
1.885302662849426270e-01
-6.552653312683105469e-01
-9.058201313018798828e-02
2.276386618614196777e-01
7.722610235214233398e-01
-3.241869509220123291e-01
5.707553774118423462e-02
-4.231194555759429932e-01
-2.398684918880462646e-01
-1.564963459968566895e-01
-3.837587833404541016e-01
4.443159997463226318e-01
7.945541292428970337e-02
6.256446987390518188e-02
-2.833213210105895996e-01
-1.391991227865219116e-01
-3.414134085178375244e-01
-3.515147566795349121e-01
1.543467789888381958e-01
4.115382581949234009e-02
1.534286420792341232e-02
-4.160778969526290894e-02
2.141672745347023010e-02
1.031060144305229187e-01
-3.225726783275604248e-01
2.091460675001144409e-01
-5.924655795097351074e-01
-3.189473450183868408e-01
6.274779140949249268e-02
-4.415949285030364990e-01
5.532172322273254395e-01
3.165656924247741699e-01
-2.923019230365753174e-02
-7.881540805101394653e-03
2.676987648010253906e-01
3.229132294654846191e-02
6.243308186531066895e-01
9.034906327724456787e-02
