1.000000000000000000e+00,5.125809669494628906e+00
5.610000000000000000e+02,7.902914285659790039e-01
1.123000000000000000e+03,7.560442090034484863e-01
1.685000000000000000e+03,7.107415795326232910e-01
2.247000000000000000e+03,6.740905046463012695e-01
2.809000000000000000e+03,6.107804775238037109e-01
3.371000000000000000e+03,4.791116714477539062e-01
3.933000000000000000e+03,4.873615801334381104e-01
4.495000000000000000e+03,4.115010797977447510e-01
5.057000000000000000e+03,3.621780574321746826e-01
5.619000000000000000e+03,3.586618304252624512e-01
6.181000000000000000e+03,3.462598323822021484e-01
6.743000000000000000e+03,2.970992326736450195e-01
7.305000000000000000e+03,2.625853717327117920e-01
7.867000000000000000e+03,2.740136384963989258e-01
8.429000000000000000e+03,2.709943652153015137e-01
8.991000000000000000e+03,2.929995954036712646e-01
9.553000000000000000e+03,2.590407431125640869e-01
1.011500000000000000e+04,1.981943994760513306e-01
1.067700000000000000e+04,1.648780107498168945e-01
1.123900000000000000e+04,1.841466426849365234e-01
1.180100000000000000e+04,2.015762329101562500e-01
1.236300000000000000e+04,2.032922804355621338e-01
1.292500000000000000e+04,2.342988997697830200e-01
1.348700000000000000e+04,1.590375453233718872e-01
1.404900000000000000e+04,1.255736649036407471e-01
1.461100000000000000e+04,1.959108710289001465e-01
