1.000000000000000000e+00,4.396832942962646484e+00
5.610000000000000000e+02,8.019758462905883789e-01
1.123000000000000000e+03,7.555097937583923340e-01
1.685000000000000000e+03,6.735388636589050293e-01
2.247000000000000000e+03,6.245288252830505371e-01
2.809000000000000000e+03,5.755577087402343750e-01
3.371000000000000000e+03,5.028453469276428223e-01
3.933000000000000000e+03,4.697259068489074707e-01
4.495000000000000000e+03,3.854169249534606934e-01
5.057000000000000000e+03,3.635321855545043945e-01
5.619000000000000000e+03,3.729689419269561768e-01
6.181000000000000000e+03,3.336683809757232666e-01
6.743000000000000000e+03,3.678713142871856689e-01
7.305000000000000000e+03,3.247628211975097656e-01
7.867000000000000000e+03,3.142523765563964844e-01
8.429000000000000000e+03,3.427151441574096680e-01
8.991000000000000000e+03,3.446376621723175049e-01
9.553000000000000000e+03,3.104772865772247314e-01
1.011500000000000000e+04,2.931627631187438965e-01
1.067700000000000000e+04,2.425376176834106445e-01
1.123900000000000000e+04,2.572251558303833008e-01
1.180100000000000000e+04,2.912818789482116699e-01
1.236300000000000000e+04,3.157414495944976807e-01
1.292500000000000000e+04,2.912198305130004883e-01
1.348700000000000000e+04,2.992247641086578369e-01
1.404900000000000000e+04,2.550490796566009521e-01
1.461100000000000000e+04,2.812442779541015625e-01
