1.000000000000000000e+00,4.251546859741210938e+00
5.610000000000000000e+02,8.151002526283264160e-01
1.123000000000000000e+03,7.597517371177673340e-01
1.685000000000000000e+03,6.542398929595947266e-01
2.247000000000000000e+03,5.582896471023559570e-01
2.809000000000000000e+03,4.893365800380706787e-01
3.371000000000000000e+03,4.538660049438476562e-01
3.933000000000000000e+03,4.160274267196655273e-01
4.495000000000000000e+03,3.548443317413330078e-01
5.057000000000000000e+03,3.276911079883575439e-01
5.619000000000000000e+03,3.029444515705108643e-01
6.181000000000000000e+03,2.559016644954681396e-01
6.743000000000000000e+03,3.159319162368774414e-01
7.305000000000000000e+03,2.387973517179489136e-01
7.867000000000000000e+03,2.619122564792633057e-01
8.429000000000000000e+03,2.822632193565368652e-01
8.991000000000000000e+03,2.854328155517578125e-01
9.553000000000000000e+03,2.535642385482788086e-01
1.011500000000000000e+04,2.298341989517211914e-01
1.067700000000000000e+04,1.565440595149993896e-01
1.123900000000000000e+04,1.897613108158111572e-01
1.180100000000000000e+04,2.168638557195663452e-01
1.236300000000000000e+04,2.078844904899597168e-01
1.292500000000000000e+04,1.931008249521255493e-01
1.348700000000000000e+04,1.565674245357513428e-01
1.404900000000000000e+04,1.148518621921539307e-01
1.461100000000000000e+04,1.783367544412612915e-01
