1.000000000000000000e+00,9.229136109352111816e-01
5.610000000000000000e+02,2.561559975147247314e-01
1.123000000000000000e+03,2.526918947696685791e-01
1.685000000000000000e+03,2.276538759469985962e-01
2.247000000000000000e+03,1.793731898069381714e-01
2.809000000000000000e+03,2.009146213531494141e-01
3.371000000000000000e+03,2.069204300642013550e-01
3.933000000000000000e+03,2.033774256706237793e-01
4.495000000000000000e+03,1.989132165908813477e-01
5.057000000000000000e+03,1.595375984907150269e-01
5.619000000000000000e+03,1.772146075963973999e-01
6.181000000000000000e+03,1.440560519695281982e-01
6.743000000000000000e+03,1.489403992891311646e-01
7.305000000000000000e+03,1.502885818481445312e-01
7.867000000000000000e+03,1.124723330140113831e-01
8.429000000000000000e+03,1.509604454040527344e-01
8.991000000000000000e+03,1.314080953598022461e-01
9.553000000000000000e+03,1.446168273687362671e-01
1.011500000000000000e+04,1.036190465092658997e-01
1.067700000000000000e+04,1.224861517548561096e-01
1.123900000000000000e+04,1.457822471857070923e-01
1.180100000000000000e+04,9.713882207870483398e-02
1.236300000000000000e+04,1.118161305785179138e-01
1.292500000000000000e+04,1.333327889442443848e-01
1.348700000000000000e+04,1.284757703542709351e-01
1.404900000000000000e+04,1.398029476404190063e-01
1.461100000000000000e+04,1.170475184917449951e-01
1.517300000000000000e+04,1.114326491951942444e-01
1.573500000000000000e+04,1.004865169525146484e-01
1.629700000000000000e+04,1.013613268733024597e-01
1.685900000000000000e+04,9.639976173639297485e-02
1.742100000000000000e+04,1.035616993904113770e-01
1.798300000000000000e+04,1.198402270674705505e-01
1.854500000000000000e+04,1.079332157969474792e-01
1.910700000000000000e+04,8.726754784584045410e-02
1.966900000000000000e+04,1.239259615540504456e-01
