1.000000000000000000e+00,4.527513027191162109e+00
5.610000000000000000e+02,8.091031312942504883e-01
1.123000000000000000e+03,7.535049915313720703e-01
1.685000000000000000e+03,6.643838286399841309e-01
2.247000000000000000e+03,5.858575105667114258e-01
2.809000000000000000e+03,5.089675784111022949e-01
3.371000000000000000e+03,4.385604262351989746e-01
3.933000000000000000e+03,4.018386304378509521e-01
4.495000000000000000e+03,3.742723166942596436e-01
5.057000000000000000e+03,3.709334731101989746e-01
5.619000000000000000e+03,3.331750333309173584e-01
6.181000000000000000e+03,3.140332102775573730e-01
6.743000000000000000e+03,3.227427899837493896e-01
7.305000000000000000e+03,2.892095744609832764e-01
7.867000000000000000e+03,3.073495328426361084e-01
8.429000000000000000e+03,3.193966448307037354e-01
8.991000000000000000e+03,3.590834140777587891e-01
9.553000000000000000e+03,3.133180737495422363e-01
1.011500000000000000e+04,3.024387955665588379e-01
1.067700000000000000e+04,2.389326244592666626e-01
1.123900000000000000e+04,2.580105066299438477e-01
1.180100000000000000e+04,2.804149687290191650e-01
1.236300000000000000e+04,2.973940968513488770e-01
1.292500000000000000e+04,2.648543119430541992e-01
1.348700000000000000e+04,2.500869929790496826e-01
1.404900000000000000e+04,2.379248142242431641e-01
1.461100000000000000e+04,2.902302742004394531e-01
