1.000000000000000000e+00,2.382604122161865234e+00
5.610000000000000000e+02,7.375869154930114746e-01
1.123000000000000000e+03,6.528298258781433105e-01
1.685000000000000000e+03,5.312213897705078125e-01
2.247000000000000000e+03,4.983678162097930908e-01
2.809000000000000000e+03,3.885716497898101807e-01
3.371000000000000000e+03,3.720700442790985107e-01
3.933000000000000000e+03,3.592745065689086914e-01
4.495000000000000000e+03,3.030787110328674316e-01
5.057000000000000000e+03,2.930696606636047363e-01
5.619000000000000000e+03,2.883072197437286377e-01
6.181000000000000000e+03,2.482063174247741699e-01
6.743000000000000000e+03,2.138785570859909058e-01
7.305000000000000000e+03,2.068015187978744507e-01
7.867000000000000000e+03,2.225961536169052124e-01
8.429000000000000000e+03,2.575573623180389404e-01
8.991000000000000000e+03,2.190046757459640503e-01
9.553000000000000000e+03,2.097881138324737549e-01
1.011500000000000000e+04,1.993416249752044678e-01
1.067700000000000000e+04,1.516519337892532349e-01
1.123900000000000000e+04,1.556188315153121948e-01
1.180100000000000000e+04,2.284778952598571777e-01
1.236300000000000000e+04,1.785582005977630615e-01
1.292500000000000000e+04,1.469363570213317871e-01
1.348700000000000000e+04,1.535799056291580200e-01
1.404900000000000000e+04,9.644399583339691162e-02
1.461100000000000000e+04,1.551273763179779053e-01
