9.980991482734680176e-01
6.702294945716857910e-01
6.451731920242309570e-01
5.852866172790527344e-01
5.718932747840881348e-01
5.680236816406250000e-01
5.647160410881042480e-01
5.618582367897033691e-01
5.559234619140625000e-01
5.504848361015319824e-01
5.459846854209899902e-01
5.415281653404235840e-01
5.393282175064086914e-01
5.374754071235656738e-01
5.368683934211730957e-01
5.353112816810607910e-01
5.324166417121887207e-01
5.278206467628479004e-01
5.248500704765319824e-01
5.157530903816223145e-01
5.117051005363464355e-01
5.099185705184936523e-01
5.084308981895446777e-01
5.076443552970886230e-01
5.073439478874206543e-01
5.070769190788269043e-01
5.067101716995239258e-01
5.066381692886352539e-01
5.063051581382751465e-01
5.065106749534606934e-01
5.064073801040649414e-01
5.065978765487670898e-01
5.068322420120239258e-01
5.058463811874389648e-01
5.052424073219299316e-01
5.048577189445495605e-01
