9.981414675712585449e-01
6.806498169898986816e-01
6.555836200714111328e-01
5.691277384757995605e-01
5.842744708061218262e-01
5.756611824035644531e-01
5.607613325119018555e-01
5.455176234245300293e-01
5.469719767570495605e-01
5.473425984382629395e-01
5.340982675552368164e-01
5.365679860115051270e-01
5.407627820968627930e-01
5.281739830970764160e-01
5.339595675468444824e-01
5.453474521636962891e-01
5.219674706459045410e-01
5.213837623596191406e-01
5.240901112556457520e-01
5.148419737815856934e-01
5.094013214111328125e-01
5.146732926368713379e-01
5.286970734596252441e-01
5.149142742156982422e-01
5.040913820266723633e-01
4.988503456115722656e-01
5.238496661186218262e-01
4.964320659637451172e-01
5.056982040405273438e-01
4.977391958236694336e-01
4.880161285400390625e-01
5.168264508247375488e-01
5.041277408599853516e-01
5.060063004493713379e-01
5.134821534156799316e-01
4.997099936008453369e-01
