1.000000000000000000e+00,1.021743178367614746e+00
5.610000000000000000e+02,1.172077655792236328e-01
1.123000000000000000e+03,6.675483286380767822e-02
1.685000000000000000e+03,5.686801671981811523e-02
2.247000000000000000e+03,6.691119819879531860e-02
2.809000000000000000e+03,7.695857435464859009e-02
3.371000000000000000e+03,5.819338560104370117e-02
3.933000000000000000e+03,8.149457722902297974e-02
4.495000000000000000e+03,5.012844130396842957e-02
5.057000000000000000e+03,9.531058021821081638e-04
5.619000000000000000e+03,8.831595629453659058e-02
6.181000000000000000e+03,4.539855197072029114e-02
6.743000000000000000e+03,7.659569382667541504e-02
7.305000000000000000e+03,6.680201739072799683e-02
7.867000000000000000e+03,3.447261080145835876e-02
8.429000000000000000e+03,2.475580759346485138e-02
8.991000000000000000e+03,6.369520723819732666e-02
9.553000000000000000e+03,8.089902997016906738e-02
1.011500000000000000e+04,1.577462418936192989e-03
1.067700000000000000e+04,4.738400876522064209e-02
1.123900000000000000e+04,3.555421158671379089e-02
1.180100000000000000e+04,1.001464016735553741e-02
1.236300000000000000e+04,4.704049788415431976e-03
1.292500000000000000e+04,6.326567381620407104e-02
1.348700000000000000e+04,6.545168906450271606e-02
1.404900000000000000e+04,6.339159607887268066e-02
1.461100000000000000e+04,1.186425331979990005e-03
1.517300000000000000e+04,5.587896332144737244e-02
1.573500000000000000e+04,3.355424106121063232e-02
1.629700000000000000e+04,4.269155487418174744e-02
1.685900000000000000e+04,6.076709832996129990e-03
1.742100000000000000e+04,4.209301993250846863e-02
1.798300000000000000e+04,3.530072793364524841e-02
1.854500000000000000e+04,6.158446893095970154e-02
1.910700000000000000e+04,2.177004329860210419e-02
1.966900000000000000e+04,2.380242198705673218e-02
