1.000000000000000000e+00,5.346538066864013672e+00
5.610000000000000000e+02,8.273462057113647461e-01
1.123000000000000000e+03,7.054315209388732910e-01
1.685000000000000000e+03,6.181039214134216309e-01
2.247000000000000000e+03,5.314208269119262695e-01
2.809000000000000000e+03,5.257284641265869141e-01
3.371000000000000000e+03,5.054280757904052734e-01
3.933000000000000000e+03,4.195498526096343994e-01
4.495000000000000000e+03,4.176369607448577881e-01
5.057000000000000000e+03,3.545906841754913330e-01
5.619000000000000000e+03,3.334274291992187500e-01
6.181000000000000000e+03,3.216822147369384766e-01
6.743000000000000000e+03,2.997839450836181641e-01
7.305000000000000000e+03,2.820432484149932861e-01
7.867000000000000000e+03,2.920273542404174805e-01
8.429000000000000000e+03,2.546220421791076660e-01
8.991000000000000000e+03,2.772518694400787354e-01
9.553000000000000000e+03,2.320101112127304077e-01
1.011500000000000000e+04,2.085223197937011719e-01
1.067700000000000000e+04,2.083886563777923584e-01
1.123900000000000000e+04,2.206548452377319336e-01
1.180100000000000000e+04,2.207685559988021851e-01
1.236300000000000000e+04,1.954938024282455444e-01
1.292500000000000000e+04,1.771419495344161987e-01
1.348700000000000000e+04,1.967084407806396484e-01
1.404900000000000000e+04,1.639637351036071777e-01
1.461100000000000000e+04,1.504617780447006226e-01
