1.000000000000000000e+00,1.011435866355895996e+00
5.610000000000000000e+02,8.872675895690917969e-02
1.123000000000000000e+03,4.401173070073127747e-02
1.685000000000000000e+03,3.907125443220138550e-02
2.247000000000000000e+03,4.479276761412620544e-02
2.809000000000000000e+03,6.247887387871742249e-02
3.371000000000000000e+03,3.868215903639793396e-02
3.933000000000000000e+03,8.210038393735885620e-02
4.495000000000000000e+03,3.337003663182258606e-02
5.057000000000000000e+03,4.698483739048242569e-03
5.619000000000000000e+03,7.368634641170501709e-02
6.181000000000000000e+03,2.866708673536777496e-02
6.743000000000000000e+03,7.087485492229461670e-02
7.305000000000000000e+03,6.509669870138168335e-02
7.867000000000000000e+03,3.296329081058502197e-02
8.429000000000000000e+03,2.288983575999736786e-02
8.991000000000000000e+03,3.663299232721328735e-02
9.553000000000000000e+03,5.855389311909675598e-02
1.011500000000000000e+04,3.806605236604809761e-03
1.067700000000000000e+04,3.191201016306877136e-02
1.123900000000000000e+04,2.743982709944248199e-02
1.180100000000000000e+04,1.454309676773846149e-03
1.236300000000000000e+04,7.682504132390022278e-03
1.292500000000000000e+04,1.512381900101900101e-02
1.348700000000000000e+04,1.648669876158237457e-02
1.404900000000000000e+04,6.186156347393989563e-02
1.461100000000000000e+04,1.570931822061538696e-02
1.517300000000000000e+04,2.049766108393669128e-02
1.573500000000000000e+04,1.528839929960668087e-03
1.629700000000000000e+04,1.376245077699422836e-02
1.685900000000000000e+04,4.647654015570878983e-03
1.742100000000000000e+04,3.937840461730957031e-03
1.798300000000000000e+04,3.469497337937355042e-02
1.854500000000000000e+04,2.272230107337236404e-03
1.910700000000000000e+04,1.544828433543443680e-02
1.966900000000000000e+04,1.924214535392820835e-03
