1.240598201751708984e+00
6.746719479560852051e-01
6.670910716056823730e-01
6.456683874130249023e-01
6.168357729911804199e-01
5.882610678672790527e-01
5.582683086395263672e-01
5.452793240547180176e-01
5.414001941680908203e-01
5.377157330513000488e-01
5.342221856117248535e-01
5.303550958633422852e-01
5.214700102806091309e-01
5.127103328704833984e-01
5.090305805206298828e-01
5.077328085899353027e-01
5.062849521636962891e-01
5.047825574874877930e-01
5.051975846290588379e-01
5.055386424064636230e-01
5.062349438667297363e-01
5.065314173698425293e-01
5.065448284149169922e-01
5.063847899436950684e-01
5.049651265144348145e-01
5.048681497573852539e-01
5.045990347862243652e-01
5.042527318000793457e-01
5.041632056236267090e-01
5.040900111198425293e-01
5.040383934974670410e-01
5.039928555488586426e-01
5.039384365081787109e-01
5.037229061126708984e-01
5.033195614814758301e-01
5.028038620948791504e-01
