1.245935678482055664e+00
6.931659579277038574e-01
6.630977988243103027e-01
6.614375710487365723e-01
6.194038987159729004e-01
5.876321196556091309e-01
5.535258650779724121e-01
5.527089238166809082e-01
5.644884109497070312e-01
5.472449064254760742e-01
5.503245592117309570e-01
5.182031989097595215e-01
5.287089943885803223e-01
5.221177339553833008e-01
5.286316275596618652e-01
5.251782536506652832e-01
5.180460810661315918e-01
5.166109204292297363e-01
5.036790370941162109e-01
5.056574940681457520e-01
5.064736008644104004e-01
4.983406960964202881e-01
5.057764649391174316e-01
5.112174153327941895e-01
5.015314221382141113e-01
4.974300563335418701e-01
5.049180388450622559e-01
4.975596964359283447e-01
5.059986710548400879e-01
5.007583498954772949e-01
4.922465980052947998e-01
5.049748420715332031e-01
5.002233982086181641e-01
5.008698701858520508e-01
5.019480586051940918e-01
4.998165071010589600e-01
