1.000000000000000000e+00,1.010250926017761230e+00
5.610000000000000000e+02,2.474617213010787964e-01
1.123000000000000000e+03,2.664361298084259033e-01
1.685000000000000000e+03,2.225875407457351685e-01
2.247000000000000000e+03,1.945049315690994263e-01
2.809000000000000000e+03,1.589191406965255737e-01
3.371000000000000000e+03,1.754926592111587524e-01
3.933000000000000000e+03,1.726288199424743652e-01
4.495000000000000000e+03,1.469283252954483032e-01
5.057000000000000000e+03,1.167170628905296326e-01
5.619000000000000000e+03,1.655935049057006836e-01
6.181000000000000000e+03,1.222951114177703857e-01
6.743000000000000000e+03,1.466463655233383179e-01
7.305000000000000000e+03,1.621065586805343628e-01
7.867000000000000000e+03,1.107212603092193604e-01
8.429000000000000000e+03,1.432071030139923096e-01
8.991000000000000000e+03,1.291701048612594604e-01
9.553000000000000000e+03,1.744823604822158813e-01
1.011500000000000000e+04,1.106932088732719421e-01
1.067700000000000000e+04,1.205392852425575256e-01
1.123900000000000000e+04,1.452289372682571411e-01
1.180100000000000000e+04,1.112261191010475159e-01
1.236300000000000000e+04,1.150392293930053711e-01
1.292500000000000000e+04,1.559967994689941406e-01
1.348700000000000000e+04,1.263680011034011841e-01
1.404900000000000000e+04,1.521140336990356445e-01
1.461100000000000000e+04,1.183015182614326477e-01
1.517300000000000000e+04,1.391481310129165649e-01
1.573500000000000000e+04,1.058149337768554688e-01
1.629700000000000000e+04,1.097529754042625427e-01
1.685900000000000000e+04,1.064626947045326233e-01
1.742100000000000000e+04,1.231574341654777527e-01
1.798300000000000000e+04,1.247327700257301331e-01
1.854500000000000000e+04,1.109927669167518616e-01
1.910700000000000000e+04,1.004701331257820129e-01
1.966900000000000000e+04,1.333886235952377319e-01
