1.000000000000000000e+00,2.935070037841796875e+00
1.124000000000000000e+03,6.035217046737670898e-01
2.249000000000000000e+03,3.756038248538970947e-01
3.374000000000000000e+03,3.485174775123596191e-01
4.499000000000000000e+03,2.367242276668548584e-01
5.624000000000000000e+03,2.241796851158142090e-01
6.749000000000000000e+03,1.324307322502136230e-01
7.874000000000000000e+03,1.432649791240692139e-01
8.999000000000000000e+03,1.827376782894134521e-01
1.012400000000000000e+04,1.675375699996948242e-01
1.124900000000000000e+04,1.773235797882080078e-01
1.237400000000000000e+04,1.535203307867050171e-01
1.349900000000000000e+04,1.127924621105194092e-01
1.462400000000000000e+04,1.038341298699378967e-01
1.574900000000000000e+04,1.336101144552230835e-01
1.687400000000000000e+04,8.895376324653625488e-02
1.799900000000000000e+04,1.344446688890457153e-01
1.912400000000000000e+04,7.343685626983642578e-02
