1.000000000000000000e+00,9.884965419769287109e-01
5.610000000000000000e+02,1.028451398015022278e-01
1.123000000000000000e+03,4.827697947621345520e-02
1.685000000000000000e+03,6.090059503912925720e-02
2.247000000000000000e+03,5.554905161261558533e-02
2.809000000000000000e+03,7.433790713548660278e-02
3.371000000000000000e+03,5.811489745974540710e-02
3.933000000000000000e+03,7.824774831533432007e-02
4.495000000000000000e+03,5.638298392295837402e-02
5.057000000000000000e+03,9.712218306958675385e-03
5.619000000000000000e+03,6.652629375457763672e-02
6.181000000000000000e+03,3.130180388689041138e-02
6.743000000000000000e+03,7.323169708251953125e-02
7.305000000000000000e+03,4.857936874032020569e-02
7.867000000000000000e+03,2.809548936784267426e-02
8.429000000000000000e+03,3.145476803183555603e-02
8.991000000000000000e+03,6.166851520538330078e-02
9.553000000000000000e+03,7.980536669492721558e-02
1.011500000000000000e+04,1.035222131758928299e-02
1.067700000000000000e+04,4.981420934200286865e-02
1.123900000000000000e+04,7.388792932033538818e-02
1.180100000000000000e+04,1.368454843759536743e-02
1.236300000000000000e+04,1.238165516406297684e-02
1.292500000000000000e+04,4.436636343598365784e-02
1.348700000000000000e+04,5.369918420910835266e-02
1.404900000000000000e+04,6.712519377470016479e-02
1.461100000000000000e+04,1.494708750396966934e-02
1.517300000000000000e+04,4.744283854961395264e-02
1.573500000000000000e+04,1.152460277080535889e-02
1.629700000000000000e+04,1.724097318947315216e-02
1.685900000000000000e+04,8.840749971568584442e-03
1.742100000000000000e+04,1.686360500752925873e-02
1.798300000000000000e+04,1.877480186522006989e-02
1.854500000000000000e+04,1.787785813212394714e-02
1.910700000000000000e+04,1.882475242018699646e-02
1.966900000000000000e+04,2.600602619349956512e-02
