8.571650505065917969e+00
6.425950527191162109e-01
4.818608164787292480e-01
3.380621671676635742e-01
2.614876329898834229e-01
2.244727015495300293e-01
1.960049867630004883e-01
1.828752309083938599e-01
1.599151343107223511e-01
1.415759623050689697e-01
1.369094699621200562e-01
1.299090087413787842e-01
1.219890639185905457e-01
1.131021082401275635e-01
1.116517037153244019e-01
1.096345782279968262e-01
1.085299178957939148e-01
1.024123355746269226e-01
1.027243882417678833e-01
9.073427319526672363e-02
9.550826251506805420e-02
1.014996990561485291e-01
9.019060432910919189e-02
8.768046647310256958e-02
8.403966575860977173e-02
8.654730021953582764e-02
8.789802342653274536e-02
8.529462665319442749e-02
9.513910859823226929e-02
8.464781194925308228e-02
7.780441641807556152e-02
7.443933933973312378e-02
7.871012389659881592e-02
8.434100449085235596e-02
7.759313285350799561e-02
7.761476933956146240e-02
