8.940983772277832031e+00
6.638184785842895508e-01
5.136804580688476562e-01
3.189285397529602051e-01
2.219895422458648682e-01
2.248501926660537720e-01
1.366004645824432373e-01
1.500424295663833618e-01
1.674221605062484741e-01
1.229799091815948486e-01
1.664010584354400635e-01
1.475558578968048096e-01
1.170129999518394470e-01
1.023052781820297241e-01
1.260040253400802612e-01
9.043437987565994263e-02
1.223412901163101196e-01
9.332543611526489258e-02
1.187712624669075012e-01
1.223946064710617065e-01
9.996757656335830688e-02
9.417594969272613525e-02
1.083729416131973267e-01
7.795256376266479492e-02
7.286837697029113770e-02
9.287974983453750610e-02
1.005773544311523438e-01
8.403751254081726074e-02
8.112836629152297974e-02
1.041907966136932373e-01
9.596203267574310303e-02
8.514866232872009277e-02
1.054596453905105591e-01
9.073588252067565918e-02
1.124344915151596069e-01
8.533313870429992676e-02
