1.000000000000000000e+00,9.982433915138244629e-01
5.610000000000000000e+02,1.120922639966011047e-01
1.123000000000000000e+03,4.309191182255744934e-02
1.685000000000000000e+03,5.705550685524940491e-02
2.247000000000000000e+03,4.030513390898704529e-02
2.809000000000000000e+03,6.292912364006042480e-02
3.371000000000000000e+03,3.443587571382522583e-02
3.933000000000000000e+03,4.380725696682929993e-02
4.495000000000000000e+03,1.778029091656208038e-02
5.057000000000000000e+03,1.005779672414064407e-02
5.619000000000000000e+03,5.180175974965095520e-02
6.181000000000000000e+03,2.543246187269687653e-02
6.743000000000000000e+03,4.098754748702049255e-02
7.305000000000000000e+03,3.282089903950691223e-02
7.867000000000000000e+03,1.311051845550537109e-02
8.429000000000000000e+03,1.727821677923202515e-02
8.991000000000000000e+03,3.737677261233329773e-02
9.553000000000000000e+03,7.164505869150161743e-02
1.011500000000000000e+04,6.753334891982376575e-04
1.067700000000000000e+04,3.748412430286407471e-02
1.123900000000000000e+04,5.356329679489135742e-02
1.180100000000000000e+04,1.593943871557712555e-02
1.236300000000000000e+04,8.724704384803771973e-03
1.292500000000000000e+04,2.962741814553737640e-02
1.348700000000000000e+04,4.188082739710807800e-02
1.404900000000000000e+04,6.041526794433593750e-02
1.461100000000000000e+04,1.436412334442138672e-03
1.517300000000000000e+04,2.930316515266895294e-02
1.573500000000000000e+04,2.978606848046183586e-03
1.629700000000000000e+04,3.345021605491638184e-02
1.685900000000000000e+04,7.900822907686233521e-03
1.742100000000000000e+04,2.221891283988952637e-02
1.798300000000000000e+04,2.494733035564422607e-02
1.854500000000000000e+04,1.078886911273002625e-02
1.910700000000000000e+04,1.900398987345397472e-03
1.966900000000000000e+04,9.313550777733325958e-03
