1.144817352294921875e+00
3.359534442424774170e-01
2.879306077957153320e-01
2.564550340175628662e-01
2.551149427890777588e-01
2.365199327468872070e-01
2.011334151029586792e-01
2.003068476915359497e-01
2.154149860143661499e-01
2.108043283224105835e-01
1.888937801122665405e-01
1.815903335809707642e-01
1.942156702280044556e-01
1.842428296804428101e-01
1.644072532653808594e-01
1.463803797960281372e-01
1.510643810033798218e-01
1.966973990201950073e-01
1.332288235425949097e-01
1.845394819974899292e-01
1.559037864208221436e-01
1.654713898897171021e-01
1.610226184129714966e-01
1.474830657243728638e-01
1.433812975883483887e-01
1.787354499101638794e-01
1.413330882787704468e-01
