1.014243841171264648e+00
3.068724572658538818e-01
2.670699656009674072e-01
2.457287162542343140e-01
2.304552197456359863e-01
2.230320125818252563e-01
2.192873358726501465e-01
2.159659117460250854e-01
2.121071070432662964e-01
2.080059647560119629e-01
2.043381482362747192e-01
1.931502670049667358e-01
1.798075884580612183e-01
1.668930053710937500e-01
1.566045135259628296e-01
1.480956524610519409e-01
1.403938382863998413e-01
1.333581060171127319e-01
1.270592063665390015e-01
1.218080446124076843e-01
9.367115050554275513e-02
8.457829803228378296e-02
7.877910882234573364e-02
7.340791076421737671e-02
6.931946426630020142e-02
6.552129238843917847e-02
6.256898492574691772e-02
