1.000000000000000000e+00,6.944840908050537109e+00
5.610000000000000000e+02,8.534582257270812988e-01
1.123000000000000000e+03,7.431352138519287109e-01
1.685000000000000000e+03,6.691455841064453125e-01
2.247000000000000000e+03,6.305937170982360840e-01
2.809000000000000000e+03,5.767781138420104980e-01
3.371000000000000000e+03,5.030928254127502441e-01
3.933000000000000000e+03,4.177317619323730469e-01
4.495000000000000000e+03,4.214929938316345215e-01
5.057000000000000000e+03,3.503783643245697021e-01
5.619000000000000000e+03,3.383860886096954346e-01
6.181000000000000000e+03,3.481552302837371826e-01
6.743000000000000000e+03,2.620107531547546387e-01
7.305000000000000000e+03,2.724961936473846436e-01
7.867000000000000000e+03,2.526653409004211426e-01
8.429000000000000000e+03,2.454696893692016602e-01
8.991000000000000000e+03,2.549344599246978760e-01
9.553000000000000000e+03,2.223357558250427246e-01
1.011500000000000000e+04,1.836335510015487671e-01
1.067700000000000000e+04,2.014884650707244873e-01
1.123900000000000000e+04,1.804776340723037720e-01
1.180100000000000000e+04,1.962082982063293457e-01
1.236300000000000000e+04,1.694498807191848755e-01
1.292500000000000000e+04,1.735900938510894775e-01
1.348700000000000000e+04,1.670939326286315918e-01
1.404900000000000000e+04,1.122228503227233887e-01
1.461100000000000000e+04,1.528589576482772827e-01
