1.000000000000000000e+00,9.912785887718200684e-01
5.610000000000000000e+02,1.098339781165122986e-01
1.123000000000000000e+03,6.997793167829513550e-02
1.685000000000000000e+03,7.035884261131286621e-02
2.247000000000000000e+03,4.353280365467071533e-02
2.809000000000000000e+03,9.339982271194458008e-02
3.371000000000000000e+03,4.147479683160781860e-02
3.933000000000000000e+03,7.343669980764389038e-02
4.495000000000000000e+03,4.280750453472137451e-02
5.057000000000000000e+03,3.508689114823937416e-03
5.619000000000000000e+03,5.637658759951591492e-02
6.181000000000000000e+03,3.233546391129493713e-02
6.743000000000000000e+03,7.515862584114074707e-02
7.305000000000000000e+03,5.331030115485191345e-02
7.867000000000000000e+03,2.311525680124759674e-02
8.429000000000000000e+03,2.192202955484390259e-02
8.991000000000000000e+03,6.995741277933120728e-02
9.553000000000000000e+03,8.281270414590835571e-02
1.011500000000000000e+04,9.135960863204672933e-05
1.067700000000000000e+04,3.872950747609138489e-02
1.123900000000000000e+04,5.065995827317237854e-02
1.180100000000000000e+04,4.151398781687021255e-03
1.236300000000000000e+04,1.356371771544218063e-02
1.292500000000000000e+04,5.649118497967720032e-02
1.348700000000000000e+04,3.216085210442543030e-02
1.404900000000000000e+04,7.318048924207687378e-02
1.461100000000000000e+04,2.020175568759441376e-02
1.517300000000000000e+04,3.454620018601417542e-02
1.573500000000000000e+04,4.464016482234001160e-02
1.629700000000000000e+04,2.160774730145931244e-02
1.685900000000000000e+04,4.596745967864990234e-02
1.742100000000000000e+04,3.675984218716621399e-02
1.798300000000000000e+04,4.532628878951072693e-02
1.854500000000000000e+04,1.345169451087713242e-02
1.910700000000000000e+04,4.780902992933988571e-03
1.966900000000000000e+04,2.950232662260532379e-02
