1.000000000000000000e+00,1.002520084381103516e+00
5.610000000000000000e+02,2.805486023426055908e-01
1.123000000000000000e+03,2.705911397933959961e-01
1.685000000000000000e+03,2.206365913152694702e-01
2.247000000000000000e+03,1.880856156349182129e-01
2.809000000000000000e+03,1.903730630874633789e-01
3.371000000000000000e+03,1.935378313064575195e-01
3.933000000000000000e+03,1.723442226648330688e-01
4.495000000000000000e+03,1.428067237138748169e-01
5.057000000000000000e+03,1.242296993732452393e-01
5.619000000000000000e+03,1.835318356752395630e-01
6.181000000000000000e+03,1.287464499473571777e-01
6.743000000000000000e+03,1.065603494644165039e-01
7.305000000000000000e+03,8.246786892414093018e-02
7.867000000000000000e+03,4.361946880817413330e-02
8.429000000000000000e+03,4.948124289512634277e-02
8.991000000000000000e+03,5.824670195579528809e-02
9.553000000000000000e+03,9.550165385007858276e-02
1.011500000000000000e+04,7.071815896779298782e-03
1.067700000000000000e+04,6.696750968694686890e-02
1.123900000000000000e+04,7.754077762365341187e-02
1.180100000000000000e+04,1.828917302191257477e-02
1.236300000000000000e+04,8.707060478627681732e-03
1.292500000000000000e+04,6.018483266234397888e-02
1.348700000000000000e+04,7.465825229883193970e-02
1.404900000000000000e+04,9.578556567430496216e-02
1.461100000000000000e+04,5.196126922965049744e-02
1.517300000000000000e+04,6.612369418144226074e-02
1.573500000000000000e+04,4.422165453433990479e-02
1.629700000000000000e+04,3.398890420794487000e-02
1.685900000000000000e+04,1.144165266305208206e-02
1.742100000000000000e+04,3.955645859241485596e-02
1.798300000000000000e+04,2.814221568405628204e-02
1.854500000000000000e+04,6.898238789290189743e-03
1.910700000000000000e+04,1.146269217133522034e-02
1.966900000000000000e+04,2.114097587764263153e-02
