7.710015177726745605e-01
2.784376442432403564e-01
1.280397325754165649e-01
8.883791416883468628e-02
7.545039057731628418e-02
7.176246494054794312e-02
7.051527500152587891e-02
6.716265529394149780e-02
6.276939064264297485e-02
6.159138306975364685e-02
6.073751673102378845e-02
6.017420813441276550e-02
5.974535271525382996e-02
5.961864069104194641e-02
5.907273665070533752e-02
5.739147588610649109e-02
5.577704310417175293e-02
5.218243971467018127e-02
4.756120964884757996e-02
4.124444350600242615e-02
3.986793011426925659e-02
3.840759024024009705e-02
3.723644092679023743e-02
3.519603982567787170e-02
3.329208493232727051e-02
3.253788873553276062e-02
3.068726696074008942e-02
