1.000000000000000000e+00,1.163509011268615723e+00
1.124000000000000000e+03,3.976792991161346436e-01
2.249000000000000000e+03,2.857975065708160400e-01
3.374000000000000000e+03,2.949274182319641113e-01
4.499000000000000000e+03,1.908250898122787476e-01
5.624000000000000000e+03,1.613394021987915039e-01
6.749000000000000000e+03,1.315346509218215942e-01
7.874000000000000000e+03,1.108872294425964355e-01
8.999000000000000000e+03,1.302336007356643677e-01
1.012400000000000000e+04,1.197407171130180359e-01
1.124900000000000000e+04,1.251521855592727661e-01
1.237400000000000000e+04,1.138951629400253296e-01
1.349900000000000000e+04,8.271763473749160767e-02
1.462400000000000000e+04,8.830472826957702637e-02
1.574900000000000000e+04,1.306676417589187622e-01
1.687400000000000000e+04,6.534104794263839722e-02
1.799900000000000000e+04,1.395589560270309448e-01
1.912400000000000000e+04,6.628195941448211670e-02
