1.000000000000000000e+00,2.606505632400512695e+00
5.610000000000000000e+02,7.903821468353271484e-01
1.123000000000000000e+03,6.764191389083862305e-01
1.685000000000000000e+03,5.876960754394531250e-01
2.247000000000000000e+03,5.219221711158752441e-01
2.809000000000000000e+03,4.344640374183654785e-01
3.371000000000000000e+03,4.174202084541320801e-01
3.933000000000000000e+03,3.749949634075164795e-01
4.495000000000000000e+03,3.566638231277465820e-01
5.057000000000000000e+03,3.037579953670501709e-01
5.619000000000000000e+03,3.030099868774414062e-01
6.181000000000000000e+03,3.004405498504638672e-01
6.743000000000000000e+03,2.822774946689605713e-01
7.305000000000000000e+03,2.404670715332031250e-01
7.867000000000000000e+03,2.646176517009735107e-01
8.429000000000000000e+03,2.533424198627471924e-01
8.991000000000000000e+03,2.548593878746032715e-01
9.553000000000000000e+03,2.215027809143066406e-01
1.011500000000000000e+04,2.109844684600830078e-01
1.067700000000000000e+04,1.776640117168426514e-01
1.123900000000000000e+04,2.228102385997772217e-01
1.180100000000000000e+04,2.255326360464096069e-01
1.236300000000000000e+04,2.381979078054428101e-01
1.292500000000000000e+04,2.036086469888687134e-01
1.348700000000000000e+04,1.556912064552307129e-01
1.404900000000000000e+04,1.645198911428451538e-01
1.461100000000000000e+04,1.910764873027801514e-01
