9.866018295288085938e-01
3.030690252780914307e-01
1.075486838817596436e-01
8.603539317846298218e-02
8.141846954822540283e-02
8.018846809864044189e-02
7.727067917585372925e-02
7.696104794740676880e-02
7.728601247072219849e-02
7.491068542003631592e-02
7.493401318788528442e-02
7.289279252290725708e-02
7.275927811861038208e-02
7.122173905372619629e-02
6.931076198816299438e-02
6.606346368789672852e-02
6.413807719945907593e-02
5.970706045627593994e-02
5.816660448908805847e-02
5.595260858535766602e-02
5.260986462235450745e-02
4.927244782447814941e-02
4.626474156975746155e-02
4.370364546775817871e-02
4.182457923889160156e-02
4.062383621931076050e-02
4.014144465327262878e-02
