1.000000000000000000e+00,1.153682708740234375e+00
5.610000000000000000e+02,1.290188729763031006e-01
1.123000000000000000e+03,5.897191539406776428e-02
1.685000000000000000e+03,7.170227915048599243e-02
2.247000000000000000e+03,4.638308659195899963e-02
2.809000000000000000e+03,7.420717924833297729e-02
3.371000000000000000e+03,5.446171388030052185e-02
3.933000000000000000e+03,8.332114666700363159e-02
4.495000000000000000e+03,5.663337931036949158e-02
5.057000000000000000e+03,1.309886667877435684e-02
5.619000000000000000e+03,8.582288026809692383e-02
6.181000000000000000e+03,4.310456290841102600e-02
6.743000000000000000e+03,6.879875808954238892e-02
7.305000000000000000e+03,6.157585978507995605e-02
7.867000000000000000e+03,4.181477800011634827e-02
8.429000000000000000e+03,4.202607274055480957e-02
8.991000000000000000e+03,6.288934499025344849e-02
9.553000000000000000e+03,5.740363523364067078e-02
1.011500000000000000e+04,5.654801148921251297e-03
1.067700000000000000e+04,4.972023144364356995e-02
1.123900000000000000e+04,5.139581859111785889e-02
1.180100000000000000e+04,4.928515758365392685e-03
1.236300000000000000e+04,3.853548085317015648e-03
1.292500000000000000e+04,4.176454246044158936e-02
1.348700000000000000e+04,4.203358292579650879e-02
1.404900000000000000e+04,7.047639042139053345e-02
1.461100000000000000e+04,1.329794246703386307e-02
1.517300000000000000e+04,3.789133951067924500e-02
1.573500000000000000e+04,4.952841904014348984e-03
1.629700000000000000e+04,2.241587638854980469e-02
1.685900000000000000e+04,1.825261302292346954e-02
1.742100000000000000e+04,1.387299317866563797e-02
1.798300000000000000e+04,3.310841694474220276e-02
1.854500000000000000e+04,1.199774909764528275e-02
1.910700000000000000e+04,1.778521924279630184e-03
1.966900000000000000e+04,5.537612363696098328e-03
