1.000000000000000000e+00,2.369432449340820312e+00
5.610000000000000000e+02,7.366598248481750488e-01
1.123000000000000000e+03,6.894258260726928711e-01
1.685000000000000000e+03,6.212661266326904297e-01
2.247000000000000000e+03,5.800960063934326172e-01
2.809000000000000000e+03,4.941476881504058838e-01
3.371000000000000000e+03,4.568907022476196289e-01
3.933000000000000000e+03,4.362071156501770020e-01
4.495000000000000000e+03,4.132354259490966797e-01
5.057000000000000000e+03,3.856943845748901367e-01
5.619000000000000000e+03,4.116638898849487305e-01
6.181000000000000000e+03,3.647850453853607178e-01
6.743000000000000000e+03,4.169353842735290527e-01
7.305000000000000000e+03,3.267045021057128906e-01
7.867000000000000000e+03,3.183008730411529541e-01
8.429000000000000000e+03,3.573539257049560547e-01
8.991000000000000000e+03,3.417876362800598145e-01
9.553000000000000000e+03,2.963984310626983643e-01
1.011500000000000000e+04,3.791276216506958008e-01
1.067700000000000000e+04,2.599643468856811523e-01
1.123900000000000000e+04,2.508942782878875732e-01
1.180100000000000000e+04,3.087675571441650391e-01
1.236300000000000000e+04,3.030753731727600098e-01
1.292500000000000000e+04,2.635329663753509521e-01
1.348700000000000000e+04,2.401338666677474976e-01
1.404900000000000000e+04,2.286644876003265381e-01
1.461100000000000000e+04,2.360921353101730347e-01
