1.000000000000000000e+00,2.248587369918823242e+00
5.610000000000000000e+02,7.641350030899047852e-01
1.123000000000000000e+03,6.895095109939575195e-01
1.685000000000000000e+03,5.898969173431396484e-01
2.247000000000000000e+03,4.987937211990356445e-01
2.809000000000000000e+03,4.462914466857910156e-01
3.371000000000000000e+03,3.888108730316162109e-01
3.933000000000000000e+03,3.272103071212768555e-01
4.495000000000000000e+03,2.874280810356140137e-01
5.057000000000000000e+03,2.607451677322387695e-01
5.619000000000000000e+03,2.783116698265075684e-01
6.181000000000000000e+03,2.260469794273376465e-01
6.743000000000000000e+03,2.294483184814453125e-01
7.305000000000000000e+03,1.836407780647277832e-01
7.867000000000000000e+03,1.905518472194671631e-01
8.429000000000000000e+03,2.062539905309677124e-01
8.991000000000000000e+03,2.340741753578186035e-01
9.553000000000000000e+03,1.901448667049407959e-01
1.011500000000000000e+04,2.063232958316802979e-01
1.067700000000000000e+04,1.448483914136886597e-01
1.123900000000000000e+04,1.479845196008682251e-01
1.180100000000000000e+04,2.259264886379241943e-01
1.236300000000000000e+04,1.887432336807250977e-01
1.292500000000000000e+04,1.477791666984558105e-01
1.348700000000000000e+04,1.431941092014312744e-01
1.404900000000000000e+04,1.250804215669631958e-01
1.461100000000000000e+04,1.530611068010330200e-01
