1.000000000000000000e+00,1.319726824760437012e+00
5.610000000000000000e+02,3.994812071323394775e-01
1.123000000000000000e+03,2.868925034999847412e-01
1.685000000000000000e+03,2.768467068672180176e-01
2.247000000000000000e+03,1.949075907468795776e-01
2.809000000000000000e+03,1.215561851859092712e-01
3.371000000000000000e+03,1.323454678058624268e-01
3.933000000000000000e+03,9.381586313247680664e-02
4.495000000000000000e+03,8.796840906143188477e-02
5.057000000000000000e+03,7.332063466310501099e-02
5.619000000000000000e+03,1.468632519245147705e-01
6.181000000000000000e+03,4.480937123298645020e-02
6.743000000000000000e+03,7.398904114961624146e-02
7.305000000000000000e+03,1.117038503289222717e-01
7.867000000000000000e+03,5.752905085682868958e-02
8.429000000000000000e+03,3.288572654128074646e-02
8.991000000000000000e+03,9.532243013381958008e-02
9.553000000000000000e+03,7.250257581472396851e-02
1.011500000000000000e+04,2.465730346739292145e-02
1.067700000000000000e+04,4.222641512751579285e-02
1.123900000000000000e+04,8.848816901445388794e-02
1.180100000000000000e+04,7.771351188421249390e-02
1.236300000000000000e+04,3.979991376399993896e-02
1.292500000000000000e+04,9.053344279527664185e-02
1.348700000000000000e+04,7.544297724962234497e-02
1.404900000000000000e+04,7.890284806489944458e-02
1.461100000000000000e+04,5.770769715309143066e-02
