1.000000000000000000e+00,1.048167228698730469e+00
5.610000000000000000e+02,9.873443096876144409e-02
1.123000000000000000e+03,7.177218794822692871e-02
1.685000000000000000e+03,6.002598628401756287e-02
2.247000000000000000e+03,4.843440651893615723e-02
2.809000000000000000e+03,7.482513040304183960e-02
3.371000000000000000e+03,3.176144137978553772e-02
3.933000000000000000e+03,5.345553159713745117e-02
4.495000000000000000e+03,3.497738018631935120e-02
5.057000000000000000e+03,2.476672176271677017e-03
5.619000000000000000e+03,3.382689878344535828e-02
6.181000000000000000e+03,1.073693763464689255e-02
6.743000000000000000e+03,4.950360581278800964e-02
7.305000000000000000e+03,2.600147388875484467e-02
7.867000000000000000e+03,3.932387568056583405e-03
8.429000000000000000e+03,1.147866342216730118e-02
8.991000000000000000e+03,2.340188808739185333e-02
9.553000000000000000e+03,4.247228428721427917e-02
1.011500000000000000e+04,2.852800535038113594e-04
1.067700000000000000e+04,3.974896855652332306e-03
1.123900000000000000e+04,4.673161730170249939e-02
1.180100000000000000e+04,4.060259088873863220e-03
1.236300000000000000e+04,1.203059032559394836e-02
1.292500000000000000e+04,1.209006924182176590e-02
1.348700000000000000e+04,4.380831494927406311e-02
1.404900000000000000e+04,2.981673367321491241e-02
1.461100000000000000e+04,8.663746528327465057e-03
1.517300000000000000e+04,5.105403065681457520e-02
1.573500000000000000e+04,1.188917737454175949e-02
1.629700000000000000e+04,7.101782131940126419e-03
1.685900000000000000e+04,3.156909951940178871e-03
1.742100000000000000e+04,1.062191650271415710e-02
1.798300000000000000e+04,9.372414089739322662e-03
1.854500000000000000e+04,8.098636753857135773e-04
1.910700000000000000e+04,2.203258313238620758e-02
1.966900000000000000e+04,9.409082122147083282e-03
