6.402934665590170101e-04,5.117258272370292516e-02,4.600226480991104379e-03,9.235679507392282597e-04,-8.329556551594205537e-04,1.081005680261102339e-03,-1.049763263081479478e-04,1.763961056516130405e-03,1.081005680261102339e-03,1.480580558266187839e-03,1.081005680261102339e-03,1.269845724074535921e-03,1.269845724074535921e-03,2.179396636655562582e-03,4.000501120152343752e-04,1.081005680261102339e-03
4.140438757273120704e-03,4.978341059279496085e-03,9.114749768918470677e-03,-4.649747555322385900e-02,-1.396770241574094365e-03,9.995946707165607181e-01,-7.397812585240446303e-04,4.030405411444989115e-03,9.995946707165607181e-01,1.178972973530859796e-03,9.995946707165607181e-01,-2.711739234004952731e-02,-2.711739234004952731e-02,5.757549375088068071e-03,5.106289868513321558e-04,9.995946707165607181e-01
3.548909664113921673e-03,3.024086434170364206e-03,8.494625448303396581e-03,3.254862147757709573e-03,2.322150913363576867e-03,4.176218928474626814e-03,2.506641805441797884e-03,2.801247650951589705e-04,4.176218928474626814e-03,1.317345146109931810e-03,4.176218928474626814e-03,3.730736985690276484e-03,3.730736985690276484e-03,2.722614148732093852e-03,3.680844607793394997e-03,4.176218928474626814e-03
2.798671420653039629e-02,-5.012254330105010008e-03,5.303422593664592656e-03,8.442306828245217318e-03,7.050871438303137062e-03,1.000000000000000000e+00,5.492781368314196382e-03,1.035517183001550753e-02,1.000000000000000000e+00,4.351649024215342373e-03,1.000000000000000000e+00,1.000000000000000000e+00,1.000000000000000000e+00,-5.570716114334783690e-03,1.000000000000000000e+00,1.000000000000000000e+00
5.068604919898224426e-03,-5.767636873677089472e-03,4.704245641516233492e-03,1.000000000000000000e+00,9.999998707747246307e-01,9.999999994646694423e-01,1.000000000000000000e+00,3.763992045838657381e-03,9.999999994646694423e-01,2.140206320154611121e-03,9.999999994646694423e-01,1.000000000000000000e+00,1.000000000000000000e+00,-6.261918686227524455e-03,9.999999999900601733e-01,9.999999994646694423e-01
7.019380148337156337e-03,1.547184766582508468e-03,6.395918193296573628e-03,1.000000000000000000e+00,1.000000000000000000e+00,1.000000000000000000e+00,1.000000000000000000e+00,2.071591498605343876e-02,1.000000000000000000e+00,5.703656683540706332e-03,1.000000000000000000e+00,1.000000000000000000e+00,1.000000000000000000e+00,-1.674766755715401503e-04,1.000000000000000000e+00,1.000000000000000000e+00
4.831806112471205214e-03,-1.301301262614373844e-02,4.405471215114541844e-03,7.375952023461453989e-03,4.460161776282010708e-03,9.999999999998581135e-01,3.748020139490311139e-03,8.381324250620035901e-03,9.999999999998581135e-01,2.370465396675161453e-03,9.999999999998581135e-01,1.000000000000000000e+00,1.000000000000000000e+00,-9.158006098307667348e-03,9.999999999999998890e-01,9.999999999998581135e-01
3.552369001267429837e-03,6.631398245825751402e-03,1.073452284119643003e-02,-7.356004057392193400e-04,-1.986002936651362540e-03,-2.627751863266631141e-04,-1.028178070463598966e-03,3.307440518881961302e-03,-2.627751863266631141e-04,1.883619811161561537e-03,-2.627751863266631141e-04,1.299987649246480308e-05,1.299987649246480308e-05,5.939770123937035580e-03,-2.817897944345317852e-04,-2.627751863266631141e-04
7.019380148337156337e-03,1.547184766582508468e-03,6.395918193296573628e-03,1.000000000000000000e+00,1.000000000000000000e+00,1.000000000000000000e+00,1.000000000000000000e+00,2.071591498605343876e-02,1.000000000000000000e+00,5.703656683540706332e-03,1.000000000000000000e+00,1.000000000000000000e+00,1.000000000000000000e+00,-1.674766755715401503e-04,1.000000000000000000e+00,1.000000000000000000e+00
2.779129131083643480e-03,5.817162955422769399e-03,9.837955932918480972e-03,8.935882727171515520e-04,-8.118395815381147188e-04,1.213257076925625295e-03,-1.715000895996264324e-04,2.644127791165124322e-03,1.213257076925625295e-03,1.941676648020015071e-03,1.213257076925625295e-03,1.387832100673323495e-03,1.387832100673323495e-03,7.406073610960694359e-03,1.052494940692748696e-03,1.213257076925625295e-03
7.019380148337156337e-03,1.547184766582508468e-03,6.395918193296573628e-03,1.000000000000000000e+00,1.000000000000000000e+00,1.000000000000000000e+00,1.000000000000000000e+00,2.071591498605343876e-02,1.000000000000000000e+00,5.703656683540706332e-03,1.000000000000000000e+00,1.000000000000000000e+00,1.000000000000000000e+00,-1.674766755715401503e-04,1.000000000000000000e+00,1.000000000000000000e+00
4.066678839379617161e-02,-7.361039961656075728e-03,5.766771921354910298e-03,9.306753162223501200e-03,9.999999956736388418e-01,1.000000000000000000e+00,6.055806535331919802e-03,2.467340421783618953e-02,1.000000000000000000e+00,4.995762783543867755e-03,1.000000000000000000e+00,1.000000000000000000e+00,1.000000000000000000e+00,-4.891392941160657704e-03,1.000000000000000000e+00,1.000000000000000000e+00
4.066678839379617161e-02,-7.361039961656075728e-03,5.766771921354910298e-03,9.306753162223501200e-03,9.999999956736388418e-01,1.000000000000000000e+00,6.055806535331919802e-03,2.467340421783618953e-02,1.000000000000000000e+00,4.995762783543867755e-03,1.000000000000000000e+00,1.000000000000000000e+00,1.000000000000000000e+00,-4.891392941160657704e-03,1.000000000000000000e+00,1.000000000000000000e+00
4.450466788609227543e-03,5.878786437498260270e-03,8.856155686900013535e-03,4.295149321282124336e-04,-5.046299248306595738e-04,1.413659488252598127e-03,-3.023401543770592136e-04,5.346825815932527634e-03,1.413659488252598127e-03,2.457775150440876921e-03,1.413659488252598127e-03,9.883570894176699206e-04,9.883570894176699206e-04,8.156194722144839010e-03,1.551387034204202613e-03,1.413659488252598127e-03
6.434494223266318431e-03,-5.010131653667517816e-03,5.948572427435813367e-03,9.870473410993274577e-01,1.000000000000000000e+00,8.793455320420315857e-01,1.000000000000000000e+00,2.277539206645476724e-02,8.793455320420315857e-01,5.385344721923102269e-03,8.793455320420315857e-01,7.817246230093153336e-01,7.817246230093153336e-01,-3.515512555562162397e-03,6.484493794029507971e-03,8.793455320420315857e-01
7.019380148337156337e-03,1.547184766582508468e-03,6.395918193296573628e-03,1.000000000000000000e+00,1.000000000000000000e+00,1.000000000000000000e+00,1.000000000000000000e+00,2.071591498605343876e-02,1.000000000000000000e+00,5.703656683540706332e-03,1.000000000000000000e+00,1.000000000000000000e+00,1.000000000000000000e+00,-1.674766755715401503e-04,1.000000000000000000e+00,1.000000000000000000e+00
