2.545672178268432617e+00
6.234053969383239746e-01
4.016669690608978271e-01
3.174370229244232178e-01
2.769764065742492676e-01
2.444985061883926392e-01
2.123704403638839722e-01
2.023709565401077271e-01
1.904030889272689819e-01
1.790234446525573730e-01
1.632217764854431152e-01
1.623307913541793823e-01
1.601644903421401978e-01
1.603844016790390015e-01
1.589828133583068848e-01
1.595739275217056274e-01
1.608550250530242920e-01
1.541848331689834595e-01
1.541295498609542847e-01
1.529261022806167603e-01
1.506899446249008179e-01
1.471908092498779297e-01
1.464154273271560669e-01
1.457231193780899048e-01
1.488990485668182373e-01
1.459732800722122192e-01
1.453665345907211304e-01
1.468260884284973145e-01
1.429005265235900879e-01
1.419624239206314087e-01
1.404192149639129639e-01
1.414562016725540161e-01
1.437359005212783813e-01
1.420737355947494507e-01
1.401723623275756836e-01
1.424217224121093750e-01
1.386736184358596802e-01
1.404019743204116821e-01
1.387839019298553467e-01
1.389368176460266113e-01
1.378967016935348511e-01
1.383658051490783691e-01
1.416666358709335327e-01
1.376617550849914551e-01
1.402445584535598755e-01
