2.622875213623046875e+00
6.210477948188781738e-01
3.131845295429229736e-01
3.000983893871307373e-01
2.691809237003326416e-01
2.151906341314315796e-01
2.048000097274780273e-01
1.862554550170898438e-01
1.282689571380615234e-01
1.293724775314331055e-01
1.244748830795288086e-01
1.174651980400085449e-01
1.463137716054916382e-01
1.059304475784301758e-01
9.886208176612854004e-02
9.936409443616867065e-02
1.000452265143394470e-01
1.086171865463256836e-01
6.318827718496322632e-02
9.651985764503479004e-02
1.121702417731285095e-01
1.249973401427268982e-01
1.053612828254699707e-01
9.385070949792861938e-02
1.123947799205780029e-01
1.089245080947875977e-01
1.130720973014831543e-01
1.068766638636589050e-01
9.266655892133712769e-02
1.028669551014900208e-01
9.250589460134506226e-02
8.589634299278259277e-02
1.119919642806053162e-01
9.306515008211135864e-02
6.349312514066696167e-02
1.154784336686134338e-01
8.807480335235595703e-02
9.810003638267517090e-02
1.059076413512229919e-01
8.434725552797317505e-02
1.224530413746833801e-01
9.313394874334335327e-02
1.434898525476455688e-01
1.040481925010681152e-01
1.129490956664085388e-01
