1.000000000000000000e+00,1.584510087966918945e+00
5.610000000000000000e+02,7.335233092308044434e-01
1.123000000000000000e+03,6.497008800506591797e-01
1.685000000000000000e+03,5.163869261741638184e-01
2.247000000000000000e+03,4.874141514301300049e-01
2.809000000000000000e+03,4.280934333801269531e-01
3.371000000000000000e+03,4.256559908390045166e-01
3.933000000000000000e+03,3.720997571945190430e-01
4.495000000000000000e+03,3.359119892120361328e-01
5.057000000000000000e+03,3.239055871963500977e-01
5.619000000000000000e+03,3.670722842216491699e-01
6.181000000000000000e+03,2.934932708740234375e-01
6.743000000000000000e+03,2.784534990787506104e-01
7.305000000000000000e+03,2.311938405036926270e-01
7.867000000000000000e+03,2.746670544147491455e-01
8.429000000000000000e+03,2.773278653621673584e-01
8.991000000000000000e+03,3.432795703411102295e-01
9.553000000000000000e+03,2.242929637432098389e-01
1.011500000000000000e+04,2.371378839015960693e-01
1.067700000000000000e+04,2.097719609737396240e-01
1.123900000000000000e+04,2.263664752244949341e-01
1.180100000000000000e+04,2.268102914094924927e-01
1.236300000000000000e+04,2.275884002447128296e-01
1.292500000000000000e+04,1.920329779386520386e-01
1.348700000000000000e+04,2.020644247531890869e-01
1.404900000000000000e+04,1.696446090936660767e-01
1.461100000000000000e+04,2.234428077936172485e-01
