1.000000000000000000e+00,1.000491619110107422e+00
5.610000000000000000e+02,9.908012300729751587e-02
1.123000000000000000e+03,5.937315151095390320e-02
1.685000000000000000e+03,4.525520280003547668e-02
2.247000000000000000e+03,4.503934457898139954e-02
2.809000000000000000e+03,6.112553551793098450e-02
3.371000000000000000e+03,4.122899845242500305e-02
3.933000000000000000e+03,5.205832049250602722e-02
4.495000000000000000e+03,2.291015721857547760e-02
5.057000000000000000e+03,4.842808470129966736e-03
5.619000000000000000e+03,5.049154162406921387e-02
6.181000000000000000e+03,1.983417011797428131e-02
6.743000000000000000e+03,2.219721861183643341e-02
7.305000000000000000e+03,1.838225685060024261e-02
7.867000000000000000e+03,1.205056998878717422e-02
8.429000000000000000e+03,1.139650493860244751e-02
8.991000000000000000e+03,2.505575120449066162e-02
9.553000000000000000e+03,6.155453994870185852e-02
1.011500000000000000e+04,1.248975517228245735e-03
1.067700000000000000e+04,1.098774466663599014e-02
1.123900000000000000e+04,2.501631714403629303e-02
1.180100000000000000e+04,1.184269413352012634e-02
1.236300000000000000e+04,1.396984979510307312e-02
1.292500000000000000e+04,1.939068175852298737e-02
1.348700000000000000e+04,3.969465568661689758e-02
1.404900000000000000e+04,4.996303841471672058e-02
1.461100000000000000e+04,8.714446797966957092e-03
1.517300000000000000e+04,1.872750744223594666e-02
1.573500000000000000e+04,1.150222960859537125e-02
1.629700000000000000e+04,3.459487482905387878e-02
1.685900000000000000e+04,5.947333294898271561e-03
1.742100000000000000e+04,1.549373287707567215e-02
1.798300000000000000e+04,4.489253275096416473e-03
1.854500000000000000e+04,1.367142540402710438e-03
1.910700000000000000e+04,1.074835564941167831e-02
1.966900000000000000e+04,1.047971379011869431e-02
