1.000000000000000000e+00,9.188716411590576172e-01
5.610000000000000000e+02,8.169741183519363403e-02
1.123000000000000000e+03,4.941579326987266541e-02
1.685000000000000000e+03,5.896801874041557312e-02
2.247000000000000000e+03,6.880813091993331909e-02
2.809000000000000000e+03,7.810746878385543823e-02
3.371000000000000000e+03,5.522629991173744202e-02
3.933000000000000000e+03,7.638240605592727661e-02
4.495000000000000000e+03,5.751726031303405762e-02
5.057000000000000000e+03,1.021607592701911926e-02
5.619000000000000000e+03,8.906088024377822876e-02
6.181000000000000000e+03,5.611498281359672546e-02
6.743000000000000000e+03,8.460544794797897339e-02
7.305000000000000000e+03,5.477973818778991699e-02
7.867000000000000000e+03,3.721882030367851257e-02
8.429000000000000000e+03,4.393431544303894043e-02
8.991000000000000000e+03,6.287155300378799438e-02
9.553000000000000000e+03,9.686488658189773560e-02
1.011500000000000000e+04,2.638629637658596039e-03
1.067700000000000000e+04,6.440240144729614258e-02
1.123900000000000000e+04,7.888938486576080322e-02
1.180100000000000000e+04,2.916060946881771088e-02
1.236300000000000000e+04,6.472851615399122238e-03
1.292500000000000000e+04,4.362450912594795227e-02
1.348700000000000000e+04,7.321646809577941895e-02
1.404900000000000000e+04,1.016272231936454773e-01
1.461100000000000000e+04,2.933833189308643341e-02
1.517300000000000000e+04,8.536923676729202271e-02
1.573500000000000000e+04,5.645033717155456543e-02
1.629700000000000000e+04,4.078971222043037415e-02
1.685900000000000000e+04,4.525877162814140320e-02
1.742100000000000000e+04,3.396997228264808655e-02
1.798300000000000000e+04,4.529565200209617615e-02
1.854500000000000000e+04,3.066388331353664398e-02
1.910700000000000000e+04,1.778293214738368988e-02
1.966900000000000000e+04,2.577921748161315918e-02
