1.000000000000000000e+00,9.676575064659118652e-01
5.610000000000000000e+02,6.039030849933624268e-02
1.123000000000000000e+03,4.318420961499214172e-02
1.685000000000000000e+03,2.991006523370742798e-02
2.247000000000000000e+03,1.520295068621635437e-02
2.809000000000000000e+03,1.981626823544502258e-02
3.371000000000000000e+03,1.126924529671669006e-02
3.933000000000000000e+03,2.979473955929279327e-02
4.495000000000000000e+03,8.527639321982860565e-03
5.057000000000000000e+03,3.632035339251160622e-03
5.619000000000000000e+03,9.635824710130691528e-03
6.181000000000000000e+03,1.578766852617263794e-03
6.743000000000000000e+03,1.033627148717641830e-02
7.305000000000000000e+03,2.579204551875591278e-02
7.867000000000000000e+03,1.155321393162012100e-02
8.429000000000000000e+03,1.166194677352905273e-02
8.991000000000000000e+03,1.218195725232362747e-02
9.553000000000000000e+03,2.073493413627147675e-02
1.011500000000000000e+04,7.718317676335573196e-03
1.067700000000000000e+04,2.019781433045864105e-02
1.123900000000000000e+04,2.647537179291248322e-02
1.180100000000000000e+04,4.778549482580274343e-04
1.236300000000000000e+04,1.176588237285614014e-02
1.292500000000000000e+04,3.068010509014129639e-02
1.348700000000000000e+04,3.023900790140032768e-03
1.404900000000000000e+04,5.581397190690040588e-02
1.461100000000000000e+04,3.911519888788461685e-03
1.517300000000000000e+04,3.506819903850555420e-02
1.573500000000000000e+04,3.252848109696060419e-04
1.629700000000000000e+04,6.558481254614889622e-04
1.685900000000000000e+04,1.122525800019502640e-02
1.742100000000000000e+04,3.133842721581459045e-03
1.798300000000000000e+04,1.719515211880207062e-02
1.854500000000000000e+04,1.868981780717149377e-04
1.910700000000000000e+04,4.523776937276124954e-03
1.966900000000000000e+04,8.756701834499835968e-03
