1.000000000000000000e+00,2.326424121856689453e+00
5.610000000000000000e+02,7.619627714157104492e-01
1.123000000000000000e+03,6.888925433158874512e-01
1.685000000000000000e+03,6.579003930091857910e-01
2.247000000000000000e+03,6.669750809669494629e-01
2.809000000000000000e+03,6.113069653511047363e-01
3.371000000000000000e+03,5.303221940994262695e-01
3.933000000000000000e+03,4.666405916213989258e-01
4.495000000000000000e+03,4.545243382453918457e-01
5.057000000000000000e+03,3.770985901355743408e-01
5.619000000000000000e+03,3.619234561920166016e-01
6.181000000000000000e+03,3.322280645370483398e-01
6.743000000000000000e+03,3.297295570373535156e-01
7.305000000000000000e+03,2.778084278106689453e-01
7.867000000000000000e+03,2.983882129192352295e-01
8.429000000000000000e+03,3.386273384094238281e-01
8.991000000000000000e+03,3.079746365547180176e-01
9.553000000000000000e+03,2.807884216308593750e-01
1.011500000000000000e+04,2.832925617694854736e-01
1.067700000000000000e+04,2.394662350416183472e-01
1.123900000000000000e+04,2.579823136329650879e-01
1.180100000000000000e+04,2.441094070672988892e-01
1.236300000000000000e+04,2.535129487514495850e-01
1.292500000000000000e+04,2.307386994361877441e-01
1.348700000000000000e+04,1.948002874851226807e-01
1.404900000000000000e+04,2.251835316419601440e-01
1.461100000000000000e+04,2.154746204614639282e-01
