1.000000000000000000e+00,3.837893962860107422e+00
5.610000000000000000e+02,8.107600212097167969e-01
1.123000000000000000e+03,7.293860316276550293e-01
1.685000000000000000e+03,6.971722841262817383e-01
2.247000000000000000e+03,6.437674760818481445e-01
2.809000000000000000e+03,5.525426268577575684e-01
3.371000000000000000e+03,5.047432780265808105e-01
3.933000000000000000e+03,4.042029380798339844e-01
4.495000000000000000e+03,3.706409335136413574e-01
5.057000000000000000e+03,3.060597479343414307e-01
5.619000000000000000e+03,2.953514158725738525e-01
6.181000000000000000e+03,2.531467676162719727e-01
6.743000000000000000e+03,2.383829355239868164e-01
7.305000000000000000e+03,2.340968251228332520e-01
7.867000000000000000e+03,2.272692322731018066e-01
8.429000000000000000e+03,1.892453283071517944e-01
8.991000000000000000e+03,2.110941410064697266e-01
9.553000000000000000e+03,1.637216806411743164e-01
1.011500000000000000e+04,1.490294933319091797e-01
1.067700000000000000e+04,9.640644490718841553e-02
1.123900000000000000e+04,1.310677826404571533e-01
1.180100000000000000e+04,1.394082307815551758e-01
1.236300000000000000e+04,1.409026235342025757e-01
1.292500000000000000e+04,1.491113156080245972e-01
1.348700000000000000e+04,9.996131062507629395e-02
1.404900000000000000e+04,9.015753865242004395e-02
1.461100000000000000e+04,1.667540818452835083e-01
