1.132066965103149414e+00
6.623515486717224121e-01
6.403148770332336426e-01
6.020290851593017578e-01
5.619677901268005371e-01
5.470765233039855957e-01
5.376790165901184082e-01
5.293609499931335449e-01
5.245314240455627441e-01
5.172808170318603516e-01
5.117275714874267578e-01
5.071474313735961914e-01
5.033639669418334961e-01
5.024256110191345215e-01
5.012502670288085938e-01
5.005586743354797363e-01
4.998190402984619141e-01
4.993950128555297852e-01
4.987088143825531006e-01
4.981266558170318604e-01
4.981675446033477783e-01
4.986391961574554443e-01
4.990113675594329834e-01
4.987759292125701904e-01
4.985331594944000244e-01
4.985020458698272705e-01
4.982910454273223877e-01
4.980898201465606689e-01
4.981567859649658203e-01
4.982812404632568359e-01
4.983341395854949951e-01
4.983644187450408936e-01
4.984443485736846924e-01
4.983991682529449463e-01
4.984268844127655029e-01
4.984371662139892578e-01
