1.124142765998840332e+00
6.643240451812744141e-01
6.240189075469970703e-01
5.791410207748413086e-01
5.493286848068237305e-01
5.561555624008178711e-01
5.365894436836242676e-01
5.371144413948059082e-01
5.511514544486999512e-01
5.168744921684265137e-01
5.445763468742370605e-01
4.990168809890747070e-01
5.234451889991760254e-01
5.051916837692260742e-01
5.147333145141601562e-01
5.244141221046447754e-01
5.107756853103637695e-01
4.988413155078887939e-01
4.964735507965087891e-01
5.062873959541320801e-01
5.012324452400207520e-01
4.971708357334136963e-01
5.057545304298400879e-01
5.068751573562622070e-01
5.073819756507873535e-01
4.924054443836212158e-01
5.057081580162048340e-01
4.896466434001922607e-01
4.981127679347991943e-01
4.973042905330657959e-01
4.944406747817993164e-01
5.059507489204406738e-01
4.999538362026214600e-01
5.025102496147155762e-01
5.004680752754211426e-01
4.948525428771972656e-01
