1.000000000000000000e+00,5.834154605865478516e+00
5.610000000000000000e+02,7.940843105316162109e-01
1.123000000000000000e+03,7.530708909034729004e-01
1.685000000000000000e+03,6.648136377334594727e-01
2.247000000000000000e+03,6.115226745605468750e-01
2.809000000000000000e+03,5.472874641418457031e-01
3.371000000000000000e+03,4.927967786788940430e-01
3.933000000000000000e+03,4.603428244590759277e-01
4.495000000000000000e+03,4.052628874778747559e-01
5.057000000000000000e+03,3.904729783535003662e-01
5.619000000000000000e+03,3.793738782405853271e-01
6.181000000000000000e+03,3.312544822692871094e-01
6.743000000000000000e+03,3.376373648643493652e-01
7.305000000000000000e+03,3.346272408962249756e-01
7.867000000000000000e+03,2.942826747894287109e-01
8.429000000000000000e+03,3.000731170177459717e-01
8.991000000000000000e+03,3.238646686077117920e-01
9.553000000000000000e+03,2.631398141384124756e-01
1.011500000000000000e+04,2.629669904708862305e-01
1.067700000000000000e+04,2.031643986701965332e-01
1.123900000000000000e+04,2.276174873113632202e-01
1.180100000000000000e+04,2.734790444374084473e-01
1.236300000000000000e+04,2.611701190471649170e-01
1.292500000000000000e+04,2.800039052963256836e-01
1.348700000000000000e+04,2.784434556961059570e-01
1.404900000000000000e+04,2.076982110738754272e-01
1.461100000000000000e+04,2.070653140544891357e-01
