7.583215236663818359e-01
6.579182147979736328e-01
5.963715910911560059e-01
5.495439171791076660e-01
5.405247211456298828e-01
5.364248752593994141e-01
5.351682305335998535e-01
5.353897213935852051e-01
5.368653535842895508e-01
5.393615961074829102e-01
5.415632724761962891e-01
5.435053110122680664e-01
5.452548861503601074e-01
5.469189286231994629e-01
5.475582480430603027e-01
5.462864637374877930e-01
5.444844365119934082e-01
5.414121747016906738e-01
5.394598841667175293e-01
5.364261269569396973e-01
5.317810773849487305e-01
5.291294455528259277e-01
5.254307389259338379e-01
5.210061669349670410e-01
5.171813368797302246e-01
5.159245133399963379e-01
5.141823291778564453e-01
5.132633447647094727e-01
5.132840275764465332e-01
5.141200423240661621e-01
5.136502385139465332e-01
5.136516690254211426e-01
5.137922167778015137e-01
5.140842795372009277e-01
5.141599178314208984e-01
5.140871405601501465e-01
