7.605820298194885254e-01
6.701178550720214844e-01
5.940477252006530762e-01
5.259081721305847168e-01
5.511891245841979980e-01
5.516695380210876465e-01
5.431835055351257324e-01
5.282073616981506348e-01
5.398504137992858887e-01
5.176430344581604004e-01
5.308496356010437012e-01
5.067401528358459473e-01
5.365783572196960449e-01
5.099052190780639648e-01
5.018768906593322754e-01
5.009742379188537598e-01
5.162361860275268555e-01
5.331208109855651855e-01
5.217109918594360352e-01
5.324530005455017090e-01
5.241594314575195312e-01
5.043829083442687988e-01
5.142432451248168945e-01
5.123420357704162598e-01
5.001279711723327637e-01
5.058159232139587402e-01
5.099982619285583496e-01
5.050791501998901367e-01
5.161653161048889160e-01
4.968259036540985107e-01
5.109861493110656738e-01
5.126990675926208496e-01
5.040873885154724121e-01
4.934367239475250244e-01
5.011964440345764160e-01
5.014912486076354980e-01
