1.000000000000000000e+00,4.753893852233886719e+00
5.610000000000000000e+02,8.622657060623168945e-01
1.123000000000000000e+03,7.278839349746704102e-01
1.685000000000000000e+03,6.348795294761657715e-01
2.247000000000000000e+03,5.644653439521789551e-01
2.809000000000000000e+03,5.375421643257141113e-01
3.371000000000000000e+03,4.807685315608978271e-01
3.933000000000000000e+03,4.206330180168151855e-01
4.495000000000000000e+03,3.881185650825500488e-01
5.057000000000000000e+03,3.884474635124206543e-01
5.619000000000000000e+03,3.297128081321716309e-01
6.181000000000000000e+03,3.124440610408782959e-01
6.743000000000000000e+03,3.260098993778228760e-01
7.305000000000000000e+03,2.316867262125015259e-01
7.867000000000000000e+03,2.573322653770446777e-01
8.429000000000000000e+03,2.659769654273986816e-01
8.991000000000000000e+03,2.094956934452056885e-01
9.553000000000000000e+03,1.850675940513610840e-01
1.011500000000000000e+04,1.498696058988571167e-01
1.067700000000000000e+04,1.035409718751907349e-01
1.123900000000000000e+04,1.505134105682373047e-01
1.180100000000000000e+04,1.767275631427764893e-01
1.236300000000000000e+04,1.389947980642318726e-01
1.292500000000000000e+04,1.265292316675186157e-01
1.348700000000000000e+04,1.464460790157318115e-01
1.404900000000000000e+04,8.196950703859329224e-02
1.461100000000000000e+04,1.294815689325332642e-01
