1.004969954490661621e+00
2.542497515678405762e-01
1.201762929558753967e-01
1.311228275299072266e-01
1.094184517860412598e-01
7.464524358510971069e-02
3.481195494532585144e-02
1.029985919594764709e-01
8.841208368539810181e-02
8.305381238460540771e-02
4.955527558922767639e-02
6.492053717374801636e-02
8.052341639995574951e-02
7.422398030757904053e-02
5.072604119777679443e-02
5.116971209645271301e-02
6.373771280050277710e-02
8.731850236654281616e-02
4.035975784063339233e-02
1.043790206313133240e-01
6.923868507146835327e-02
7.399873435497283936e-02
6.758305430412292480e-02
5.758475139737129211e-02
7.062766700983047485e-02
8.037888258695602417e-02
8.155203610658645630e-02
