1.006313443183898926e+00
6.358990073204040527e-01
5.661708116531372070e-01
5.538269877433776855e-01
5.565344095230102539e-01
5.553578734397888184e-01
5.564497113227844238e-01
5.543874502182006836e-01
5.525938868522644043e-01
5.505487918853759766e-01
5.489581823348999023e-01
5.484343171119689941e-01
5.479480624198913574e-01
5.471980571746826172e-01
5.469735860824584961e-01
5.468782186508178711e-01
5.469305515289306641e-01
5.469066500663757324e-01
5.469779372215270996e-01
5.464028716087341309e-01
5.460810065269470215e-01
5.459929108619689941e-01
5.451725721359252930e-01
5.456976294517517090e-01
5.470842719078063965e-01
5.469759106636047363e-01
5.472866296768188477e-01
5.470380187034606934e-01
5.474711060523986816e-01
5.469458103179931641e-01
5.475135445594787598e-01
5.477414131164550781e-01
5.477342009544372559e-01
5.478779673576354980e-01
5.477859973907470703e-01
5.475571155548095703e-01
