1.006076812744140625e+00
6.400375962257385254e-01
5.936390757560729980e-01
5.709710717201232910e-01
5.564190745353698730e-01
5.613199472427368164e-01
5.613965988159179688e-01
5.444695949554443359e-01
5.586674809455871582e-01
5.303612947463989258e-01
5.488962531089782715e-01
5.287199616432189941e-01
5.415704846382141113e-01
5.675314068794250488e-01
5.445918440818786621e-01
5.378257036209106445e-01
5.309904813766479492e-01
5.511659383773803711e-01
5.308444499969482422e-01
5.411381721496582031e-01
5.409913063049316406e-01
5.445036292076110840e-01
5.354180932044982910e-01
5.593239068984985352e-01
5.535706877708435059e-01
5.360354185104370117e-01
5.416478514671325684e-01
5.357956290245056152e-01
5.204513669013977051e-01
5.194239020347595215e-01
5.187211632728576660e-01
5.271635651588439941e-01
5.300809741020202637e-01
5.324323177337646484e-01
5.561167001724243164e-01
5.206688046455383301e-01
