1.000000000000000000e+00,4.928000450134277344e+00
5.610000000000000000e+02,7.890325784683227539e-01
1.123000000000000000e+03,7.050783038139343262e-01
1.685000000000000000e+03,6.163263320922851562e-01
2.247000000000000000e+03,5.867608189582824707e-01
2.809000000000000000e+03,5.101515054702758789e-01
3.371000000000000000e+03,4.979856312274932861e-01
3.933000000000000000e+03,4.318510293960571289e-01
4.495000000000000000e+03,3.982673883438110352e-01
5.057000000000000000e+03,3.480556011199951172e-01
5.619000000000000000e+03,3.066408634185791016e-01
6.181000000000000000e+03,3.120171427726745605e-01
6.743000000000000000e+03,2.939773797988891602e-01
7.305000000000000000e+03,2.581182122230529785e-01
7.867000000000000000e+03,2.149138003587722778e-01
8.429000000000000000e+03,2.587083280086517334e-01
8.991000000000000000e+03,2.493961751461029053e-01
9.553000000000000000e+03,2.312361896038055420e-01
1.011500000000000000e+04,2.239869982004165649e-01
1.067700000000000000e+04,1.448250263929367065e-01
1.123900000000000000e+04,1.478889435529708862e-01
1.180100000000000000e+04,2.113817930221557617e-01
1.236300000000000000e+04,1.952977329492568970e-01
1.292500000000000000e+04,1.730219125747680664e-01
1.348700000000000000e+04,1.772320866584777832e-01
1.404900000000000000e+04,1.437740176916122437e-01
1.461100000000000000e+04,1.945939064025878906e-01
