1.000000000000000000e+00,1.142610907554626465e+00
5.610000000000000000e+02,1.095636859536170959e-01
1.123000000000000000e+03,5.124938115477561951e-02
1.685000000000000000e+03,3.395519778132438660e-02
2.247000000000000000e+03,4.043832048773765564e-02
2.809000000000000000e+03,3.493060544133186340e-02
3.371000000000000000e+03,3.467429429292678833e-02
3.933000000000000000e+03,4.006626084446907043e-02
4.495000000000000000e+03,1.179409772157669067e-02
5.057000000000000000e+03,1.476806472055613995e-03
5.619000000000000000e+03,3.042249195277690887e-02
6.181000000000000000e+03,9.366136975586414337e-03
6.743000000000000000e+03,2.239949442446231842e-02
7.305000000000000000e+03,2.381865866482257843e-02
7.867000000000000000e+03,2.257947344332933426e-04
8.429000000000000000e+03,1.100923586636781693e-02
8.991000000000000000e+03,3.675695275887846947e-03
9.553000000000000000e+03,1.556349545717239380e-02
1.011500000000000000e+04,8.132742717862129211e-03
1.067700000000000000e+04,8.471706882119178772e-03
1.123900000000000000e+04,2.338666282594203949e-02
1.180100000000000000e+04,2.685800194740295410e-03
1.236300000000000000e+04,9.728546719998121262e-04
1.292500000000000000e+04,1.470442768186330795e-02
1.348700000000000000e+04,1.200642064213752747e-02
1.404900000000000000e+04,2.016860060393810272e-02
1.461100000000000000e+04,6.694108247756958008e-03
1.517300000000000000e+04,3.430050984025001526e-02
1.573500000000000000e+04,1.579692587256431580e-03
1.629700000000000000e+04,2.483063610270619392e-03
1.685900000000000000e+04,1.083872187882661819e-02
1.742100000000000000e+04,2.486734883859753609e-03
1.798300000000000000e+04,1.051018480211496353e-02
1.854500000000000000e+04,1.464679808123037219e-04
1.910700000000000000e+04,1.002682955004274845e-03
1.966900000000000000e+04,4.905060050077736378e-04
