1.000000000000000000e+00,5.813504219055175781e+00
5.610000000000000000e+02,8.438370227813720703e-01
1.123000000000000000e+03,7.322783470153808594e-01
1.685000000000000000e+03,6.488360166549682617e-01
2.247000000000000000e+03,6.118610501289367676e-01
2.809000000000000000e+03,5.568979382514953613e-01
3.371000000000000000e+03,5.360623598098754883e-01
3.933000000000000000e+03,4.778500795364379883e-01
4.495000000000000000e+03,4.004119932651519775e-01
5.057000000000000000e+03,3.524216115474700928e-01
5.619000000000000000e+03,3.364575207233428955e-01
6.181000000000000000e+03,3.249533176422119141e-01
6.743000000000000000e+03,3.648052513599395752e-01
7.305000000000000000e+03,3.028901219367980957e-01
7.867000000000000000e+03,2.941291630268096924e-01
8.429000000000000000e+03,3.092338144779205322e-01
8.991000000000000000e+03,3.004415929317474365e-01
9.553000000000000000e+03,2.377123236656188965e-01
1.011500000000000000e+04,2.617367804050445557e-01
1.067700000000000000e+04,1.705278009176254272e-01
1.123900000000000000e+04,2.193310856819152832e-01
1.180100000000000000e+04,2.094006985425949097e-01
1.236300000000000000e+04,2.064886838197708130e-01
1.292500000000000000e+04,2.006926387548446655e-01
1.348700000000000000e+04,1.750157028436660767e-01
1.404900000000000000e+04,1.119512170553207397e-01
1.461100000000000000e+04,1.672548949718475342e-01
