1.000000000000000000e+00,4.508120059967041016e+00
5.610000000000000000e+02,7.813835740089416504e-01
1.123000000000000000e+03,7.227175235748291016e-01
1.685000000000000000e+03,6.701070070266723633e-01
2.247000000000000000e+03,6.383067369461059570e-01
2.809000000000000000e+03,5.368739366531372070e-01
3.371000000000000000e+03,4.590080976486206055e-01
3.933000000000000000e+03,4.216797649860382080e-01
4.495000000000000000e+03,3.778652250766754150e-01
5.057000000000000000e+03,3.213329315185546875e-01
5.619000000000000000e+03,3.220916688442230225e-01
6.181000000000000000e+03,2.714441418647766113e-01
6.743000000000000000e+03,2.975812554359436035e-01
7.305000000000000000e+03,2.461548447608947754e-01
7.867000000000000000e+03,2.887887954711914062e-01
8.429000000000000000e+03,2.405560016632080078e-01
8.991000000000000000e+03,2.483401596546173096e-01
9.553000000000000000e+03,2.307037860155105591e-01
1.011500000000000000e+04,2.423883974552154541e-01
1.067700000000000000e+04,2.188403755426406860e-01
1.123900000000000000e+04,1.703827232122421265e-01
1.180100000000000000e+04,2.436602115631103516e-01
1.236300000000000000e+04,1.795352101325988770e-01
1.292500000000000000e+04,1.629419922828674316e-01
1.348700000000000000e+04,1.706879585981369019e-01
1.404900000000000000e+04,1.626789718866348267e-01
1.461100000000000000e+04,1.973081231117248535e-01
