1.025937676429748535e+00
6.733960509300231934e-01
6.663077473640441895e-01
6.548452973365783691e-01
6.232299804687500000e-01
5.759345889091491699e-01
5.609984993934631348e-01
5.469728112220764160e-01
5.360070466995239258e-01
5.256343483924865723e-01
5.187033414840698242e-01
5.136136412620544434e-01
5.109620690345764160e-01
5.091670155525207520e-01
5.090907812118530273e-01
5.081155300140380859e-01
5.069903731346130371e-01
5.065370202064514160e-01
5.064174532890319824e-01
5.060853958129882812e-01
5.057436823844909668e-01
5.051512122154235840e-01
5.047927498817443848e-01
5.044550299644470215e-01
5.038391351699829102e-01
5.036038160324096680e-01
5.036125779151916504e-01
5.035445094108581543e-01
5.035547614097595215e-01
5.034458637237548828e-01
5.031983852386474609e-01
5.034024715423583984e-01
5.038956999778747559e-01
5.038439631462097168e-01
5.036878585815429688e-01
5.036642551422119141e-01
