1.025407314300537109e+00
6.757704615592956543e-01
6.721441149711608887e-01
6.588463187217712402e-01
6.258993148803710938e-01
5.891072750091552734e-01
5.769994854927062988e-01
5.571340322494506836e-01
5.620269179344177246e-01
5.320064425468444824e-01
5.346578955650329590e-01
5.107173323631286621e-01
5.304304361343383789e-01
5.221207737922668457e-01
5.078560709953308105e-01
5.288054347038269043e-01
5.088500976562500000e-01
5.144701600074768066e-01
4.997774064540863037e-01
5.144352316856384277e-01
5.032089352607727051e-01
4.969525337219238281e-01
5.146433711051940918e-01
5.038910508155822754e-01
4.967112541198730469e-01
4.949934184551239014e-01
5.098249912261962891e-01
4.943869411945343018e-01
5.061066746711730957e-01
5.048468708992004395e-01
4.991325139999389648e-01
5.015946030616760254e-01
5.054851174354553223e-01
5.011305212974548340e-01
5.032429099082946777e-01
5.091848969459533691e-01
