4.683237527592337912e+00,5.802062557572377877e+00,5.897982431506289203e+00,5.250010272851843851e+00,6.544043817752592140e+00,6.466369302560218912e+00,5.027042499741728676e+00,5.791046034246795315e+00,5.505113241531631729e+00
6.280765555351364604e+00,7.403535922170124906e+00,7.277090626596912415e+00,6.839630164883411467e+00,7.603012062920558201e+00,7.115626759503382637e+00,6.734640410249932430e+00,7.671121655130172634e+00,6.799758558904986927e+00
-2.311655800083163737e+00,-4.581515092340048945e+00,-5.121551088815923691e+00,-3.320109789509507969e+00,-7.278372590117333729e+00,-8.011770741462461487e+00,-3.420763537316591218e+00,-7.240379336648380182e+00,-8.240085050816416512e+00
9.982760258444743684e+00,1.387501190846308674e+01,1.446972128773893118e+01,1.171566340508182336e+01,1.684862203868253161e+01,1.757920983167696960e+01,1.176675790178539138e+01,1.658472407293058026e+01,1.746884569013372612e+01
1.012930810177695706e+00,2.190799303364895145e+00,2.472125933656843522e+00,1.641189685931633058e+00,4.191474809315410610e+00,4.311689850856232020e+00,1.464081991595048926e+00,3.639418051647808294e+00,3.634623382548797021e+00
7.427500050382255914e+00,8.740337503327760160e+00,8.798926387140483030e+00,9.815270216822367999e+00,1.151209827595491930e+01,1.147125635238241337e+01,1.006217720178903186e+01,1.189267321403231570e+01,1.144621910096751449e+01
-4.175036740695980519e+00,-5.541567305293761514e+00,-5.643340797387739194e+00,-7.263869361337002672e+00,-9.790573979471282939e+00,-9.808857376738652434e+00,-7.713168087956110419e+00,-1.052292500732724179e+01,-1.003580589808323076e+01
-1.549590918018244778e+00,-1.037142329534308072e+00,-1.097623699605795089e+00,-1.262365781076384419e-01,1.596598069670306597e+00,1.497502227184110080e+00,2.419471247287607873e-01,2.234023080795965122e+00,1.504119526211272539e+00
4.781412443247058164e+00,6.040225348695610563e+00,6.019951586952724476e+00,7.359435673379527643e+00,9.587791229753284128e+00,9.629787713388262560e+00,7.595509235850130381e+00,1.016271030271098574e+01,9.374106832148353163e+00
-1.374866228658969458e+00,-1.800287888808496328e+00,-1.606618197983303853e+00,-1.647380541281064481e+00,-2.554439383420909593e+00,-1.872233672100007684e+00,-2.215341288395014097e+00,-3.052743792703500603e+00,-1.850247505771074996e+00
