1.000000000000000000e+00,1.018109679222106934e+00
5.610000000000000000e+02,7.678317278623580933e-02
1.123000000000000000e+03,4.972012713551521301e-02
1.685000000000000000e+03,6.140397489070892334e-02
2.247000000000000000e+03,4.640845581889152527e-02
2.809000000000000000e+03,5.235351622104644775e-02
3.371000000000000000e+03,2.906192094087600708e-02
3.933000000000000000e+03,3.666987642645835876e-02
4.495000000000000000e+03,2.773504704236984253e-02
5.057000000000000000e+03,5.978909786790609360e-03
5.619000000000000000e+03,2.142173983156681061e-02
6.181000000000000000e+03,7.114218082278966904e-03
6.743000000000000000e+03,2.391312457621097565e-02
7.305000000000000000e+03,3.033742122352123260e-02
7.867000000000000000e+03,1.087786909192800522e-02
8.429000000000000000e+03,1.088320370763540268e-02
8.991000000000000000e+03,1.043795701116323471e-02
9.553000000000000000e+03,4.735874012112617493e-02
1.011500000000000000e+04,1.360193826258182526e-03
1.067700000000000000e+04,2.336589992046356201e-02
1.123900000000000000e+04,1.784670539200305939e-02
1.180100000000000000e+04,3.155956277623772621e-03
1.236300000000000000e+04,3.583680605515837669e-03
1.292500000000000000e+04,2.059727534651756287e-02
1.348700000000000000e+04,1.814127713441848755e-02
1.404900000000000000e+04,5.233613029122352600e-02
1.461100000000000000e+04,1.802120544016361237e-02
1.517300000000000000e+04,2.487790398299694061e-02
1.573500000000000000e+04,1.056782063096761703e-02
1.629700000000000000e+04,1.954918541014194489e-02
1.685900000000000000e+04,3.841195022687315941e-03
1.742100000000000000e+04,1.338455732911825180e-02
1.798300000000000000e+04,1.778166927397251129e-02
1.854500000000000000e+04,1.051591243594884872e-03
1.910700000000000000e+04,4.763239994645118713e-03
1.966900000000000000e+04,1.489091780968010426e-03
