9.984374046325683594e-01
6.666666865348815918e-01
6.666666269302368164e-01
6.666666865348815918e-01
6.666666865348815918e-01
6.666666269302368164e-01
6.666666269302368164e-01
6.666666865348815918e-01
6.666666269302368164e-01
6.666666269302368164e-01
6.666666269302368164e-01
6.666666865348815918e-01
6.666666865348815918e-01
6.666666865348815918e-01
6.666666269302368164e-01
6.666666865348815918e-01
6.666666865348815918e-01
6.666666865348815918e-01
6.666666269302368164e-01
6.666666865348815918e-01
6.666666269302368164e-01
6.666666865348815918e-01
6.666666269302368164e-01
6.666666865348815918e-01
6.666666865348815918e-01
6.666666865348815918e-01
6.666666865348815918e-01
6.666666865348815918e-01
6.666666865348815918e-01
6.666666269302368164e-01
6.666666269302368164e-01
6.666666865348815918e-01
6.666666865348815918e-01
6.666666865348815918e-01
6.666666269302368164e-01
6.666666865348815918e-01
