1.025158762931823730e+00
2.986741960048675537e-01
2.576694786548614502e-01
2.385015636682510376e-01
2.200085371732711792e-01
2.051308751106262207e-01
1.972615271806716919e-01
1.930989027023315430e-01
1.901551485061645508e-01
1.895475387573242188e-01
1.896295100450515747e-01
1.895013004541397095e-01
1.888504773378372192e-01
1.879695057868957520e-01
1.868674755096435547e-01
1.852819919586181641e-01
1.835693269968032837e-01
1.822313517332077026e-01
1.812494993209838867e-01
1.807171255350112915e-01
1.799675077199935913e-01
1.792719513177871704e-01
1.786894053220748901e-01
1.781423687934875488e-01
1.776744574308395386e-01
1.773539334535598755e-01
1.769648790359497070e-01
