1.028619170188903809e+00
3.284050822257995605e-01
2.669098973274230957e-01
2.699381113052368164e-01
2.486365288496017456e-01
2.358696460723876953e-01
1.990860104560852051e-01
2.140754014253616333e-01
2.219997495412826538e-01
2.091390341520309448e-01
1.973714381456375122e-01
1.892948895692825317e-01
2.035428434610366821e-01
1.901484131813049316e-01
2.171648144721984863e-01
1.906539648771286011e-01
1.707855612039566040e-01
2.231306284666061401e-01
1.710301488637924194e-01
2.401970773935317993e-01
1.999397873878479004e-01
2.102486640214920044e-01
1.986964941024780273e-01
1.946583539247512817e-01
1.869695782661437988e-01
2.240341901779174805e-01
1.849973052740097046e-01
