1.302116990089416504e+00
6.614902615547180176e-01
5.827187299728393555e-01
5.710747838020324707e-01
5.640611052513122559e-01
5.538280010223388672e-01
5.475036501884460449e-01
5.416914224624633789e-01
5.352556109428405762e-01
5.297744274139404297e-01
5.233881473541259766e-01
5.188972949981689453e-01
5.135516524314880371e-01
5.114000439643859863e-01
5.103802084922790527e-01
5.084066987037658691e-01
5.067029595375061035e-01
5.045694708824157715e-01
5.027254223823547363e-01
5.009686350822448730e-01
4.998182356357574463e-01
4.990768432617187500e-01
4.983638525009155273e-01
4.974173009395599365e-01
4.967451095581054688e-01
4.961153268814086914e-01
4.956759512424468994e-01
4.951535761356353760e-01
4.949250519275665283e-01
4.940751791000366211e-01
4.935977458953857422e-01
4.932568967342376709e-01
4.929492473602294922e-01
4.925861358642578125e-01
4.923478662967681885e-01
4.919012784957885742e-01
