1.289047122001647949e+00
6.624633669853210449e-01
6.081218123435974121e-01
5.810993313789367676e-01
5.731475949287414551e-01
5.634338855743408203e-01
5.769169330596923828e-01
5.729268193244934082e-01
5.533296465873718262e-01
5.392476320266723633e-01
5.615329146385192871e-01
5.223416686058044434e-01
5.611086487770080566e-01
5.540633201599121094e-01
5.116482973098754883e-01
5.298215746879577637e-01
5.418360233306884766e-01
5.303174257278442383e-01
5.142075419425964355e-01
5.287421941757202148e-01
5.198988914489746094e-01
5.069797635078430176e-01
5.330176949501037598e-01
5.239958167076110840e-01
5.327611565589904785e-01
5.247973799705505371e-01
5.301929712295532227e-01
4.956681728363037109e-01
5.358723402023315430e-01
5.139494538307189941e-01
5.039469599723815918e-01
5.133222937583923340e-01
5.344356894493103027e-01
5.174925923347473145e-01
5.192323923110961914e-01
4.988734722137451172e-01
