1.000000000000000000e+00,1.200062155723571777e+00
5.610000000000000000e+02,7.004174590110778809e-01
1.123000000000000000e+03,5.830124616622924805e-01
1.685000000000000000e+03,4.784946739673614502e-01
2.247000000000000000e+03,4.354017674922943115e-01
2.809000000000000000e+03,3.763208389282226562e-01
3.371000000000000000e+03,3.792881369590759277e-01
3.933000000000000000e+03,3.767963051795959473e-01
4.495000000000000000e+03,3.537968397140502930e-01
5.057000000000000000e+03,3.069702982902526855e-01
5.619000000000000000e+03,2.955830097198486328e-01
6.181000000000000000e+03,2.589879631996154785e-01
6.743000000000000000e+03,2.528472840785980225e-01
7.305000000000000000e+03,2.069496214389801025e-01
7.867000000000000000e+03,2.231401652097702026e-01
8.429000000000000000e+03,2.284030169248580933e-01
8.991000000000000000e+03,1.906908601522445679e-01
9.553000000000000000e+03,1.835242360830307007e-01
1.011500000000000000e+04,1.761262118816375732e-01
1.067700000000000000e+04,1.433247327804565430e-01
1.123900000000000000e+04,1.434431821107864380e-01
1.180100000000000000e+04,1.685721278190612793e-01
1.236300000000000000e+04,1.884570568799972534e-01
1.292500000000000000e+04,1.442779600620269775e-01
1.348700000000000000e+04,1.443797945976257324e-01
1.404900000000000000e+04,1.147646903991699219e-01
1.461100000000000000e+04,1.368577629327774048e-01
