1.000000000000000000e+00,9.834280014038085938e-01
5.610000000000000000e+02,8.862740546464920044e-02
1.123000000000000000e+03,5.139650404453277588e-02
1.685000000000000000e+03,5.788804218173027039e-02
2.247000000000000000e+03,5.863641574978828430e-02
2.809000000000000000e+03,8.312529325485229492e-02
3.371000000000000000e+03,5.216896533966064453e-02
3.933000000000000000e+03,5.841480568051338196e-02
4.495000000000000000e+03,3.310922160744667053e-02
5.057000000000000000e+03,1.084046158939599991e-02
5.619000000000000000e+03,4.318703711032867432e-02
6.181000000000000000e+03,3.376034647226333618e-02
6.743000000000000000e+03,8.725810050964355469e-02
7.305000000000000000e+03,6.787777692079544067e-02
7.867000000000000000e+03,3.138851746916770935e-02
8.429000000000000000e+03,2.403235249221324921e-02
8.991000000000000000e+03,4.082439839839935303e-02
9.553000000000000000e+03,6.057403609156608582e-02
1.011500000000000000e+04,2.543901093304157257e-03
1.067700000000000000e+04,4.589532688260078430e-02
1.123900000000000000e+04,5.906246975064277649e-02
1.180100000000000000e+04,1.983315497636795044e-02
1.236300000000000000e+04,6.281835492700338364e-03
1.292500000000000000e+04,2.705678343772888184e-02
1.348700000000000000e+04,8.007747679948806763e-02
1.404900000000000000e+04,8.932023495435714722e-02
1.461100000000000000e+04,1.631824485957622528e-02
1.517300000000000000e+04,3.997409716248512268e-02
1.573500000000000000e+04,2.193013438954949379e-03
1.629700000000000000e+04,8.367026224732398987e-03
1.685900000000000000e+04,2.973427623510360718e-02
1.742100000000000000e+04,2.992238849401473999e-02
1.798300000000000000e+04,3.880140930414199829e-02
1.854500000000000000e+04,1.816094480454921722e-02
1.910700000000000000e+04,1.134629826992750168e-02
1.966900000000000000e+04,5.946311634033918381e-03
