2.841139768761351991e+00,4.130969255835388765e+00,2.139316934828579875e+00,3.300852144916846420e+00,5.564023979622406912e+00,3.716280682997908702e+00,1.488633585758586175e+00,4.125825745270972789e+00,2.277188271723070034e+00
-1.306850385705712547e+00,4.735212669026759968e+00,1.827080829169425602e+00,2.913458667214431586e+00,5.997198712968350165e+00,3.564863347327672738e+00,1.387445985222727440e+00,4.510627438383343346e+00,2.058279244333417246e+00
-9.762534209164062560e+00,-6.174151145948515662e+00,-4.539965260183073781e+00,-7.205942531207844226e+00,-5.734924522639919253e+00,-3.800417178324800194e+00,-5.788702173232350034e+00,-4.303640770327827880e+00,-3.208231588675388046e+00
1.354896811443859050e+01,1.227200612213450270e+01,8.529003407602854026e+00,1.216438789751915017e+01,1.334975294462642381e+01,9.178620505259795337e+00,9.629872468078582770e+00,1.075517850324177438e+01,7.343087074575898932e+00
3.886494161529767233e+00,3.386093683058404302e+00,1.403414920743332850e+00,3.439085563404399526e+00,3.617310641823900497e+00,1.931025538571920830e+00,1.285328433567716644e+00,1.913509235554408328e+00,7.342863675704157655e-01
6.305747267536194300e+00,7.409735658295428351e+00,5.378865711883991096e+00,8.035681591421976577e+00,8.664656020212644805e+00,7.191675672789213714e+00,5.411870637212069290e+00,6.047162133677212559e+00,4.406007267739959765e+00
-7.717086058446721353e+00,-8.119916120402921322e+00,-6.211363545897432559e+00,-7.394777138847426379e+00,-7.256659662982839265e+00,-6.157293744246129741e+00,-4.801004612034837749e+00,-4.797743955774985913e+00,-3.353198111492679878e+00
3.664410892142921927e+00,3.406906800656711809e+00,1.789006289162062835e+00,1.976072379256003986e+00,1.010563500185054142e+00,8.346375884017394053e-01,1.324342360151588460e+00,7.323487454262640473e-01,-2.579112954262731128e-01
6.271179268236991788e+00,7.234249418753526228e+00,4.087405632505349828e+00,7.449566846970909317e+00,7.325061571667810689e+00,6.042141311396624026e+00,4.838890785224587709e+00,5.055264082721852681e+00,2.807768810041066043e+00
-2.820453368456522725e+00,-2.877668023331971359e+00,-1.739454845853311005e+00,-1.522820619640125051e+00,-1.236797461153289479e+00,-7.621052281096627468e-01,-1.904528306494700729e+00,-1.784659888849529974e+00,-1.012408368461019004e+00
