8.577721714973449707e-01
6.288159489631652832e-01
5.706320405006408691e-01
5.534086823463439941e-01
5.403550267219543457e-01
5.222006440162658691e-01
5.090706348419189453e-01
5.020341873168945312e-01
4.989594221115112305e-01
4.990087747573852539e-01
4.994127452373504639e-01
4.995760023593902588e-01
4.996525943279266357e-01
4.994880259037017822e-01
4.991492033004760742e-01
4.991714656352996826e-01
4.989336729049682617e-01
4.990980625152587891e-01
4.997365176677703857e-01
5.003915429115295410e-01
5.010652542114257812e-01
5.019125342369079590e-01
5.019742846488952637e-01
5.021443963050842285e-01
5.021152496337890625e-01
5.019518733024597168e-01
5.021610856056213379e-01
5.017781853675842285e-01
5.016894936561584473e-01
5.019428133964538574e-01
5.018523335456848145e-01
5.017647743225097656e-01
5.019621849060058594e-01
5.017895102500915527e-01
5.018406510353088379e-01
5.018558502197265625e-01
