8.564242720603942871e-01
6.338604688644409180e-01
5.681166052818298340e-01
5.520426630973815918e-01
5.392569303512573242e-01
5.131235718727111816e-01
5.166870951652526855e-01
5.050684213638305664e-01
5.176291465759277344e-01
5.008276104927062988e-01
5.137109160423278809e-01
5.009559988975524902e-01
5.116435885429382324e-01
5.034453272819519043e-01
5.063344836235046387e-01
5.113497972488403320e-01
5.082904100418090820e-01
5.048177838325500488e-01
5.007654428482055664e-01
5.067124962806701660e-01
4.997208118438720703e-01
4.992476999759674072e-01
5.110226869583129883e-01
5.020484328269958496e-01
5.012193322181701660e-01
4.899427890777587891e-01
5.078807473182678223e-01
4.935638606548309326e-01
5.061964988708496094e-01
4.876432716846466064e-01
4.845980703830718994e-01
5.063207745552062988e-01
5.010941028594970703e-01
4.997265338897705078e-01
5.019446015357971191e-01
5.016276240348815918e-01
