7.437933087348937988e-01
6.150189042091369629e-01
5.971222519874572754e-01
5.881348252296447754e-01
5.782921910285949707e-01
5.678441524505615234e-01
5.605598092079162598e-01
5.561825037002563477e-01
5.531520843505859375e-01
5.519046783447265625e-01
5.506863594055175781e-01
5.494272112846374512e-01
5.486336350440979004e-01
5.472221970558166504e-01
5.464023947715759277e-01
5.461284518241882324e-01
5.468327403068542480e-01
5.472151637077331543e-01
5.477898120880126953e-01
5.485408902168273926e-01
5.498457551002502441e-01
5.512805581092834473e-01
5.529316663742065430e-01
5.539508461952209473e-01
5.551292300224304199e-01
5.569787025451660156e-01
5.588315725326538086e-01
5.592843890190124512e-01
5.606558918952941895e-01
5.611910223960876465e-01
5.623559951782226562e-01
5.625827312469482422e-01
5.619940757751464844e-01
5.607059001922607422e-01
5.581712126731872559e-01
5.550913214683532715e-01
