7.464404702186584473e-01
5.961676239967346191e-01
5.935524702072143555e-01
5.826757550239562988e-01
5.376241803169250488e-01
5.510142445564270020e-01
5.610674023628234863e-01
5.330836772918701172e-01
5.514128804206848145e-01
5.364652276039123535e-01
5.454556345939636230e-01
5.306163430213928223e-01
5.478644371032714844e-01
5.429603457450866699e-01
5.283567905426025391e-01
5.357626080513000488e-01
5.183251500129699707e-01
5.215370655059814453e-01
5.162526965141296387e-01
4.963980615139007568e-01
5.092591047286987305e-01
5.110349059104919434e-01
5.387843847274780273e-01
5.262545943260192871e-01
5.305446386337280273e-01
4.973631203174591064e-01
5.346630215644836426e-01
5.231750011444091797e-01
5.123979449272155762e-01
5.266649127006530762e-01
5.289162993431091309e-01
5.401743054389953613e-01
5.182064175605773926e-01
5.139701962471008301e-01
5.273470282554626465e-01
5.234839916229248047e-01
