1.000000000000000000e+00,2.270890712738037109e+00
5.610000000000000000e+02,7.330786585807800293e-01
1.123000000000000000e+03,6.383826732635498047e-01
1.685000000000000000e+03,5.439471006393432617e-01
2.247000000000000000e+03,5.195971727371215820e-01
2.809000000000000000e+03,4.363372921943664551e-01
3.371000000000000000e+03,4.539082646369934082e-01
3.933000000000000000e+03,3.938122987747192383e-01
4.495000000000000000e+03,3.934542536735534668e-01
5.057000000000000000e+03,3.562290370464324951e-01
5.619000000000000000e+03,3.368385434150695801e-01
6.181000000000000000e+03,2.746469974517822266e-01
6.743000000000000000e+03,2.588005959987640381e-01
7.305000000000000000e+03,1.948946863412857056e-01
7.867000000000000000e+03,2.329424619674682617e-01
8.429000000000000000e+03,2.388637661933898926e-01
8.991000000000000000e+03,2.309761196374893188e-01
9.553000000000000000e+03,1.505499929189682007e-01
1.011500000000000000e+04,1.760070174932479858e-01
1.067700000000000000e+04,1.360436379909515381e-01
1.123900000000000000e+04,1.236336678266525269e-01
1.180100000000000000e+04,1.654851436614990234e-01
1.236300000000000000e+04,1.048339977860450745e-01
1.292500000000000000e+04,1.337582021951675415e-01
1.348700000000000000e+04,9.956631064414978027e-02
1.404900000000000000e+04,8.101463317871093750e-02
1.461100000000000000e+04,1.288285553455352783e-01
