1.000000000000000000e+00,6.208055019378662109e+00
5.610000000000000000e+02,8.159704804420471191e-01
1.123000000000000000e+03,6.966748237609863281e-01
1.685000000000000000e+03,6.386919021606445312e-01
2.247000000000000000e+03,6.200592517852783203e-01
2.809000000000000000e+03,5.902496576309204102e-01
3.371000000000000000e+03,5.289738774299621582e-01
3.933000000000000000e+03,4.740268588066101074e-01
4.495000000000000000e+03,3.879950046539306641e-01
5.057000000000000000e+03,3.869900405406951904e-01
5.619000000000000000e+03,3.051325380802154541e-01
6.181000000000000000e+03,3.180355131626129150e-01
6.743000000000000000e+03,3.060717880725860596e-01
7.305000000000000000e+03,2.657088339328765869e-01
7.867000000000000000e+03,2.144724875688552856e-01
8.429000000000000000e+03,2.164403945207595825e-01
8.991000000000000000e+03,2.186923027038574219e-01
9.553000000000000000e+03,1.779424697160720825e-01
1.011500000000000000e+04,2.239440232515335083e-01
1.067700000000000000e+04,1.243628263473510742e-01
1.123900000000000000e+04,1.546431481838226318e-01
1.180100000000000000e+04,1.891096085309982300e-01
1.236300000000000000e+04,1.393030881881713867e-01
1.292500000000000000e+04,1.430728137493133545e-01
1.348700000000000000e+04,1.528416872024536133e-01
1.404900000000000000e+04,1.008247807621955872e-01
1.461100000000000000e+04,1.521912962198257446e-01
