1.000000000000000000e+00,1.957678198814392090e+00
5.610000000000000000e+02,7.445110082626342773e-01
1.123000000000000000e+03,6.785396933555603027e-01
1.685000000000000000e+03,5.994430780410766602e-01
2.247000000000000000e+03,5.578446388244628906e-01
2.809000000000000000e+03,4.971628189086914062e-01
3.371000000000000000e+03,4.368323087692260742e-01
3.933000000000000000e+03,3.558971881866455078e-01
4.495000000000000000e+03,3.399250805377960205e-01
5.057000000000000000e+03,2.838915884494781494e-01
5.619000000000000000e+03,2.590345442295074463e-01
6.181000000000000000e+03,2.441863566637039185e-01
6.743000000000000000e+03,2.033566385507583618e-01
7.305000000000000000e+03,1.837451010942459106e-01
7.867000000000000000e+03,1.698954105377197266e-01
8.429000000000000000e+03,1.751698404550552368e-01
8.991000000000000000e+03,1.800843030214309692e-01
9.553000000000000000e+03,1.308963298797607422e-01
1.011500000000000000e+04,1.758092045783996582e-01
1.067700000000000000e+04,1.642955690622329712e-01
1.123900000000000000e+04,1.222478896379470825e-01
1.180100000000000000e+04,2.101391851902008057e-01
1.236300000000000000e+04,1.542698144912719727e-01
1.292500000000000000e+04,1.521787345409393311e-01
1.348700000000000000e+04,1.163953617215156555e-01
1.404900000000000000e+04,9.888412803411483765e-02
1.461100000000000000e+04,1.490008831024169922e-01
