1.000000000000000000e+00,1.516013979911804199e+00
5.610000000000000000e+02,7.251117825508117676e-01
1.123000000000000000e+03,6.476818919181823730e-01
1.685000000000000000e+03,4.936442375183105469e-01
2.247000000000000000e+03,4.500913619995117188e-01
2.809000000000000000e+03,3.760200142860412598e-01
3.371000000000000000e+03,3.252322673797607422e-01
3.933000000000000000e+03,3.038927614688873291e-01
4.495000000000000000e+03,3.280402719974517822e-01
5.057000000000000000e+03,2.695931196212768555e-01
5.619000000000000000e+03,2.722130715847015381e-01
6.181000000000000000e+03,2.411272525787353516e-01
6.743000000000000000e+03,2.505493462085723877e-01
7.305000000000000000e+03,2.074770629405975342e-01
7.867000000000000000e+03,2.607440054416656494e-01
8.429000000000000000e+03,2.165950983762741089e-01
8.991000000000000000e+03,2.018546462059020996e-01
9.553000000000000000e+03,1.716023683547973633e-01
1.011500000000000000e+04,2.253614515066146851e-01
1.067700000000000000e+04,1.365901976823806763e-01
1.123900000000000000e+04,1.621838659048080444e-01
1.180100000000000000e+04,2.175554484128952026e-01
1.236300000000000000e+04,2.112438380718231201e-01
1.292500000000000000e+04,1.692123413085937500e-01
1.348700000000000000e+04,1.373007446527481079e-01
1.404900000000000000e+04,1.371609419584274292e-01
1.461100000000000000e+04,1.759214401245117188e-01
