8.981108069419860840e-01
6.532847881317138672e-01
5.685446858406066895e-01
5.572048425674438477e-01
5.534461140632629395e-01
5.509946942329406738e-01
5.494985580444335938e-01
5.488169789314270020e-01
5.490482449531555176e-01
5.495710372924804688e-01
5.501416325569152832e-01
5.503105521202087402e-01
5.500912666320800781e-01
5.490401387214660645e-01
5.467730164527893066e-01
5.448169708251953125e-01
5.425068736076354980e-01
5.403314232826232910e-01
5.381370186805725098e-01
5.355915427207946777e-01
5.331118702888488770e-01
5.312044620513916016e-01
5.293450951576232910e-01
5.281996726989746094e-01
5.269565582275390625e-01
5.267102122306823730e-01
5.263347029685974121e-01
5.250084996223449707e-01
5.238275527954101562e-01
5.217760205268859863e-01
5.203673839569091797e-01
5.192244648933410645e-01
5.175467729568481445e-01
5.156489014625549316e-01
5.150690078735351562e-01
5.134388804435729980e-01
