9.192808270454406738e-01
6.577410697937011719e-01
5.717359781265258789e-01
5.486489534378051758e-01
5.478463768959045410e-01
5.502353310585021973e-01
5.481688976287841797e-01
5.387330651283264160e-01
5.613872408866882324e-01
5.432847142219543457e-01
5.486020445823669434e-01
5.335770249366760254e-01
5.419867634773254395e-01
5.342827439308166504e-01
5.336506962776184082e-01
5.306912064552307129e-01
5.417188405990600586e-01
5.191226601600646973e-01
5.273944735527038574e-01
5.177946090698242188e-01
5.257490277290344238e-01
5.063728094100952148e-01
5.377354025840759277e-01
5.076857805252075195e-01
5.377641320228576660e-01
5.230586528778076172e-01
5.111586451530456543e-01
5.042206645011901855e-01
4.930269420146942139e-01
4.959910809993743896e-01
4.842873513698577881e-01
5.267186164855957031e-01
5.071925520896911621e-01
5.031519532203674316e-01
5.129694938659667969e-01
4.978418052196502686e-01
