1.000000000000000000e+00,4.322845458984375000e+00
1.124000000000000000e+03,7.150417566299438477e-01
2.249000000000000000e+03,5.880815982818603516e-01
3.374000000000000000e+03,4.916654527187347412e-01
4.499000000000000000e+03,3.393848538398742676e-01
5.624000000000000000e+03,3.550679683685302734e-01
6.749000000000000000e+03,2.582040131092071533e-01
7.874000000000000000e+03,2.127622663974761963e-01
8.999000000000000000e+03,2.769880592823028564e-01
1.012400000000000000e+04,2.652644515037536621e-01
1.124900000000000000e+04,2.613277733325958252e-01
1.237400000000000000e+04,2.849955558776855469e-01
1.349900000000000000e+04,2.289229929447174072e-01
1.462400000000000000e+04,2.097472399473190308e-01
1.574900000000000000e+04,2.562931776046752930e-01
1.687400000000000000e+04,1.938298046588897705e-01
1.799900000000000000e+04,2.222446948289871216e-01
1.912400000000000000e+04,1.452400982379913330e-01
