1.000000000000000000e+00,9.480221867561340332e-01
5.610000000000000000e+02,1.276707351207733154e-01
1.123000000000000000e+03,6.694269925355911255e-02
1.685000000000000000e+03,6.279300153255462646e-02
2.247000000000000000e+03,5.076405405998229980e-02
2.809000000000000000e+03,7.902716100215911865e-02
3.371000000000000000e+03,6.027651205658912659e-02
3.933000000000000000e+03,6.884504854679107666e-02
4.495000000000000000e+03,4.342226684093475342e-02
5.057000000000000000e+03,1.302497740834951401e-02
5.619000000000000000e+03,7.537033408880233765e-02
6.181000000000000000e+03,4.790355637669563293e-02
6.743000000000000000e+03,7.090019434690475464e-02
7.305000000000000000e+03,4.585779830813407898e-02
7.867000000000000000e+03,3.776488080620765686e-02
8.429000000000000000e+03,3.639036789536476135e-02
8.991000000000000000e+03,4.752281308174133301e-02
9.553000000000000000e+03,6.983026117086410522e-02
1.011500000000000000e+04,5.057078320533037186e-03
1.067700000000000000e+04,3.215282782912254333e-02
1.123900000000000000e+04,2.519748918712139130e-02
1.180100000000000000e+04,2.915862249210476875e-03
1.236300000000000000e+04,2.697932161390781403e-02
1.292500000000000000e+04,3.646088391542434692e-02
1.348700000000000000e+04,2.848358592018485069e-03
1.404900000000000000e+04,5.353036522865295410e-02
1.461100000000000000e+04,9.664637967944145203e-03
1.517300000000000000e+04,2.519426681101322174e-02
1.573500000000000000e+04,4.418635275214910507e-03
1.629700000000000000e+04,2.063223905861377716e-02
1.685900000000000000e+04,2.031587436795234680e-02
1.742100000000000000e+04,4.230861738324165344e-02
1.798300000000000000e+04,4.866069555282592773e-02
1.854500000000000000e+04,2.976588439196348190e-04
1.910700000000000000e+04,4.776785790454596281e-04
1.966900000000000000e+04,3.486042097210884094e-02
