1.000000000000000000e+00,9.853616356849670410e-01
5.610000000000000000e+02,8.398631960153579712e-02
1.123000000000000000e+03,5.351057276129722595e-02
1.685000000000000000e+03,3.659658879041671753e-02
2.247000000000000000e+03,1.960455626249313354e-02
2.809000000000000000e+03,4.627161100506782532e-02
3.371000000000000000e+03,1.749276183545589447e-02
3.933000000000000000e+03,2.969913743436336517e-02
4.495000000000000000e+03,9.447508491575717926e-03
5.057000000000000000e+03,6.934054661542177200e-03
5.619000000000000000e+03,1.281087379902601242e-02
6.181000000000000000e+03,2.465758658945560455e-02
6.743000000000000000e+03,2.328163385391235352e-02
7.305000000000000000e+03,1.090847793966531754e-02
7.867000000000000000e+03,2.548056654632091522e-02
8.429000000000000000e+03,1.160626579076051712e-02
8.991000000000000000e+03,3.766797482967376709e-02
9.553000000000000000e+03,5.620535835623741150e-02
1.011500000000000000e+04,4.838863387703895569e-04
1.067700000000000000e+04,2.148140221834182739e-02
1.123900000000000000e+04,3.802189603447914124e-02
1.180100000000000000e+04,7.009428809396922588e-04
1.236300000000000000e+04,4.965061089023947716e-04
1.292500000000000000e+04,2.311349660158157349e-02
1.348700000000000000e+04,2.589768171310424805e-02
1.404900000000000000e+04,4.445264115929603577e-02
1.461100000000000000e+04,4.206670913845300674e-03
1.517300000000000000e+04,1.399342622607946396e-02
1.573500000000000000e+04,1.277969032526016235e-02
1.629700000000000000e+04,2.305126190185546875e-02
1.685900000000000000e+04,2.609248971566557884e-03
1.742100000000000000e+04,2.315358631312847137e-02
1.798300000000000000e+04,5.101235001347959042e-04
1.854500000000000000e+04,1.405970100313425064e-02
1.910700000000000000e+04,4.417319316416978836e-03
1.966900000000000000e+04,1.012363820336759090e-03
