1.016629338264465332e+00
6.441429257392883301e-01
5.985024571418762207e-01
5.811115503311157227e-01
5.808028578758239746e-01
5.810925364494323730e-01
5.757495760917663574e-01
5.713315606117248535e-01
5.674300789833068848e-01
5.643859505653381348e-01
5.606351494789123535e-01
5.566501617431640625e-01
5.539074540138244629e-01
5.518468022346496582e-01
5.491039752960205078e-01
5.476139187812805176e-01
5.466899871826171875e-01
5.439863801002502441e-01
5.410265922546386719e-01
5.393766164779663086e-01
5.372182130813598633e-01
5.345001816749572754e-01
5.331082940101623535e-01
5.316115617752075195e-01
5.305600762367248535e-01
5.299240350723266602e-01
5.293318033218383789e-01
5.297011733055114746e-01
5.302178859710693359e-01
5.303604006767272949e-01
5.311338305473327637e-01
5.317320823669433594e-01
5.318703651428222656e-01
5.313602089881896973e-01
5.312266945838928223e-01
5.313575863838195801e-01
