1.010549306869506836e+00
6.436297297477722168e-01
5.912981033325195312e-01
5.905650854110717773e-01
5.773724913597106934e-01
5.655602812767028809e-01
5.731173157691955566e-01
5.586905479431152344e-01
5.772824883460998535e-01
5.312821269035339355e-01
5.611379146575927734e-01
5.577864050865173340e-01
5.451747775077819824e-01
5.424026250839233398e-01
5.381700396537780762e-01
5.515880584716796875e-01
5.377759933471679688e-01
5.619000196456909180e-01
5.396271347999572754e-01
5.463125109672546387e-01
5.498883128166198730e-01
5.435354709625244141e-01
5.579047799110412598e-01
5.233691334724426270e-01
5.442095398902893066e-01
5.446327328681945801e-01
5.445539951324462891e-01
5.415523648262023926e-01
5.360320210456848145e-01
5.392144322395324707e-01
5.456374287605285645e-01
5.392777323722839355e-01
5.366362333297729492e-01
5.356790423393249512e-01
5.632870793342590332e-01
5.307368636131286621e-01
