1.256714463233947754e+00
6.549779772758483887e-01
6.312821507453918457e-01
6.096606850624084473e-01
5.698890686035156250e-01
5.535615086555480957e-01
5.468246936798095703e-01
5.436843037605285645e-01
5.394765734672546387e-01
5.372769832611083984e-01
5.355822443962097168e-01
5.320610404014587402e-01
5.285997986793518066e-01
5.249744057655334473e-01
5.210768580436706543e-01
5.165970325469970703e-01
5.124267935752868652e-01
5.099966526031494141e-01
5.086433291435241699e-01
5.076792836189270020e-01
5.069419741630554199e-01
5.072323679924011230e-01
5.071874260902404785e-01
5.073304176330566406e-01
5.081639289855957031e-01
5.092473030090332031e-01
5.096333622932434082e-01
5.096465349197387695e-01
5.097720026969909668e-01
5.097162127494812012e-01
5.094191431999206543e-01
5.093855857849121094e-01
5.089572072029113770e-01
5.086519122123718262e-01
5.081499218940734863e-01
5.076661705970764160e-01
