1.179512381553649902e+00
6.721168160438537598e-01
6.567335724830627441e-01
6.142945885658264160e-01
5.560206174850463867e-01
5.354630351066589355e-01
5.300961136817932129e-01
5.150334239006042480e-01
5.346524715423583984e-01
5.260844230651855469e-01
5.558197498321533203e-01
5.212669968605041504e-01
5.297533869743347168e-01
5.207549929618835449e-01
5.174239277839660645e-01
5.255215764045715332e-01
5.116556882858276367e-01
5.125072002410888672e-01
5.293827056884765625e-01
5.199063420295715332e-01
5.021590590476989746e-01
5.176141858100891113e-01
5.302168726921081543e-01
5.021918416023254395e-01
4.989213943481445312e-01
4.888841807842254639e-01
5.134693980216979980e-01
5.076245665550231934e-01
5.185244679450988770e-01
4.907866716384887695e-01
4.964950382709503174e-01
5.170890688896179199e-01
5.009090304374694824e-01
5.099353790283203125e-01
5.023991465568542480e-01
5.062204599380493164e-01
