1.000000000000000000e+00,6.087851524353027344e+00
5.610000000000000000e+02,7.941617369651794434e-01
1.123000000000000000e+03,7.408607006072998047e-01
1.685000000000000000e+03,6.875283718109130859e-01
2.247000000000000000e+03,6.480882167816162109e-01
2.809000000000000000e+03,6.142314076423645020e-01
3.371000000000000000e+03,6.053999662399291992e-01
3.933000000000000000e+03,5.457056164741516113e-01
4.495000000000000000e+03,4.726455211639404297e-01
5.057000000000000000e+03,4.325360655784606934e-01
5.619000000000000000e+03,4.222454428672790527e-01
6.181000000000000000e+03,3.743919134140014648e-01
6.743000000000000000e+03,3.563217222690582275e-01
7.305000000000000000e+03,2.848850786685943604e-01
7.867000000000000000e+03,3.039958477020263672e-01
8.429000000000000000e+03,2.906116843223571777e-01
8.991000000000000000e+03,2.642653584480285645e-01
9.553000000000000000e+03,2.593429982662200928e-01
1.011500000000000000e+04,2.401301413774490356e-01
1.067700000000000000e+04,2.290125936269760132e-01
1.123900000000000000e+04,1.970672160387039185e-01
1.180100000000000000e+04,2.340916246175765991e-01
1.236300000000000000e+04,2.029488980770111084e-01
1.292500000000000000e+04,1.721682697534561157e-01
1.348700000000000000e+04,1.595665067434310913e-01
1.404900000000000000e+04,1.761839836835861206e-01
1.461100000000000000e+04,1.792620569467544556e-01
