1.003164410591125488e+00
6.752610802650451660e-01
6.411212086677551270e-01
6.168823242187500000e-01
5.789383649826049805e-01
5.588122010231018066e-01
5.524958968162536621e-01
5.492419600486755371e-01
5.478147864341735840e-01
5.460940599441528320e-01
5.439639687538146973e-01
5.428253412246704102e-01
5.378476977348327637e-01
5.343697667121887207e-01
5.318140387535095215e-01
5.299892425537109375e-01
5.282179713249206543e-01
5.267771482467651367e-01
5.266868472099304199e-01
5.212664008140563965e-01
5.163128376007080078e-01
5.128518939018249512e-01
5.109453797340393066e-01
5.112702250480651855e-01
5.104379057884216309e-01
5.096814036369323730e-01
5.092698931694030762e-01
5.083255767822265625e-01
5.076370239257812500e-01
5.071917772293090820e-01
5.067680478096008301e-01
5.062913298606872559e-01
5.055122971534729004e-01
5.056092143058776855e-01
5.053142309188842773e-01
5.052616000175476074e-01
