1.009197831153869629e+00
6.813411712646484375e-01
6.625557541847229004e-01
6.340224146842956543e-01
5.846798419952392578e-01
5.738641619682312012e-01
5.586803555488586426e-01
5.608400702476501465e-01
5.751705169677734375e-01
5.679811239242553711e-01
5.420007705688476562e-01
5.436825752258300781e-01
5.665586590766906738e-01
5.381164550781250000e-01
5.426916480064392090e-01
5.297505855560302734e-01
5.419908761978149414e-01
5.113855004310607910e-01
5.395078659057617188e-01
5.202335715293884277e-01
5.161328911781311035e-01
5.135901570320129395e-01
5.200815200805664062e-01
5.104140639305114746e-01
5.076289772987365723e-01
5.078205466270446777e-01
5.159272551536560059e-01
5.009315013885498047e-01
5.058574080467224121e-01
5.044262409210205078e-01
5.069468617439270020e-01
5.036113858222961426e-01
5.026145577430725098e-01
4.986790716648101807e-01
5.121957659721374512e-01
5.017624497413635254e-01
