1.000000000000000000e+00,2.803056716918945312e+00
5.610000000000000000e+02,7.656490206718444824e-01
1.123000000000000000e+03,6.835663318634033203e-01
1.685000000000000000e+03,5.646035671234130859e-01
2.247000000000000000e+03,4.566943645477294922e-01
2.809000000000000000e+03,3.849579095840454102e-01
3.371000000000000000e+03,3.879058063030242920e-01
3.933000000000000000e+03,3.095967471599578857e-01
4.495000000000000000e+03,3.171286582946777344e-01
5.057000000000000000e+03,2.626709938049316406e-01
5.619000000000000000e+03,2.987058460712432861e-01
6.181000000000000000e+03,2.691864073276519775e-01
6.743000000000000000e+03,3.084287941455841064e-01
7.305000000000000000e+03,2.222290635108947754e-01
7.867000000000000000e+03,2.154463976621627808e-01
8.429000000000000000e+03,2.361909896135330200e-01
8.991000000000000000e+03,2.585174441337585449e-01
9.553000000000000000e+03,2.544509172439575195e-01
1.011500000000000000e+04,2.385443896055221558e-01
1.067700000000000000e+04,2.049016505479812622e-01
1.123900000000000000e+04,1.848579198122024536e-01
1.180100000000000000e+04,2.364079356193542480e-01
1.236300000000000000e+04,2.155771702527999878e-01
1.292500000000000000e+04,1.761654317378997803e-01
1.348700000000000000e+04,1.748565733432769775e-01
1.404900000000000000e+04,1.980308592319488525e-01
1.461100000000000000e+04,1.596562862396240234e-01
