9.618244171142578125e-01
6.137369871139526367e-01
5.863260626792907715e-01
5.787559151649475098e-01
5.725644230842590332e-01
5.676768422126770020e-01
5.640872716903686523e-01
5.616666078567504883e-01
5.595810413360595703e-01
5.569253563880920410e-01
5.552749633789062500e-01
5.533723235130310059e-01
5.517597794532775879e-01
5.501811504364013672e-01
5.487264394760131836e-01
5.476744771003723145e-01
5.467483997344970703e-01
5.456708669662475586e-01
5.447912812232971191e-01
5.441029667854309082e-01
5.431411266326904297e-01
5.420175790786743164e-01
5.412980914115905762e-01
5.401728749275207520e-01
5.394013524055480957e-01
5.386703610420227051e-01
5.379012823104858398e-01
5.371035933494567871e-01
5.365650653839111328e-01
5.357400774955749512e-01
5.350674986839294434e-01
5.346385240554809570e-01
5.343134999275207520e-01
5.339636206626892090e-01
5.342058539390563965e-01
5.341202616691589355e-01
