9.711125493049621582e-01
6.269218921661376953e-01
5.779584646224975586e-01
5.924284458160400391e-01
5.872139334678649902e-01
5.640745759010314941e-01
5.803061127662658691e-01
5.905855298042297363e-01
5.726093649864196777e-01
5.790399909019470215e-01
5.840283632278442383e-01
5.721599459648132324e-01
5.773033499717712402e-01
5.626676678657531738e-01
5.530948638916015625e-01
5.645678639411926270e-01
5.577000975608825684e-01
5.443016886711120605e-01
5.716037750244140625e-01
5.915214419364929199e-01
5.586143732070922852e-01
5.833496451377868652e-01
5.692167878150939941e-01
5.359209179878234863e-01
5.443163514137268066e-01
5.741119980812072754e-01
5.564294457435607910e-01
5.851981043815612793e-01
5.639309883117675781e-01
5.607827305793762207e-01
5.586257576942443848e-01
5.737816691398620605e-01
5.623687505722045898e-01
5.385466814041137695e-01
5.649421811103820801e-01
5.523354411125183105e-01
