7.655101418495178223e-01
5.837176442146301270e-01
5.660997033119201660e-01
5.590673089027404785e-01
5.513270497322082520e-01
5.464717149734497070e-01
5.444388389587402344e-01
5.432282090187072754e-01
5.421548485755920410e-01
5.415174365043640137e-01
5.413004159927368164e-01
5.404985547065734863e-01
5.393396019935607910e-01
5.383988022804260254e-01
5.375308990478515625e-01
5.373710989952087402e-01
5.371219515800476074e-01
5.369348526000976562e-01
5.367064476013183594e-01
5.356491208076477051e-01
5.347091555595397949e-01
5.333972573280334473e-01
5.325695872306823730e-01
5.321406126022338867e-01
5.317376852035522461e-01
5.309783816337585449e-01
5.306342840194702148e-01
5.300083160400390625e-01
5.299921035766601562e-01
5.296000838279724121e-01
5.290429592132568359e-01
5.288901925086975098e-01
5.282574295997619629e-01
5.284112691879272461e-01
5.281364321708679199e-01
5.277317166328430176e-01
