8.587991595268249512e-01
6.012820601463317871e-01
5.801441669464111328e-01
5.804883837699890137e-01
5.751007199287414551e-01
5.763418078422546387e-01
5.534650087356567383e-01
5.413458943367004395e-01
5.682804584503173828e-01
5.560414791107177734e-01
5.377912521362304688e-01
5.461620092391967773e-01
5.700950026512145996e-01
5.261470675468444824e-01
5.294547677040100098e-01
5.443201661109924316e-01
5.459796786308288574e-01
5.477160215377807617e-01
5.448184609413146973e-01
5.390710234642028809e-01
5.380330681800842285e-01
5.554935932159423828e-01
5.441562533378601074e-01
5.427748560905456543e-01
5.628588199615478516e-01
5.218785405158996582e-01
5.339860320091247559e-01
5.181594491004943848e-01
5.530763268470764160e-01
5.345727801322937012e-01
5.306391716003417969e-01
5.497449636459350586e-01
5.240747928619384766e-01
5.300955176353454590e-01
5.554177761077880859e-01
5.253140330314636230e-01
