1.000000000000000000e+00,3.878835439682006836e+00
5.610000000000000000e+02,8.511521220207214355e-01
1.123000000000000000e+03,7.373633384704589844e-01
1.685000000000000000e+03,6.642376184463500977e-01
2.247000000000000000e+03,6.146423220634460449e-01
2.809000000000000000e+03,5.790398120880126953e-01
3.371000000000000000e+03,5.430364608764648438e-01
3.933000000000000000e+03,4.937646985054016113e-01
4.495000000000000000e+03,4.419968724250793457e-01
5.057000000000000000e+03,3.568449318408966064e-01
5.619000000000000000e+03,3.345068991184234619e-01
6.181000000000000000e+03,2.985723912715911865e-01
6.743000000000000000e+03,3.258925676345825195e-01
7.305000000000000000e+03,2.437808215618133545e-01
7.867000000000000000e+03,2.520487904548645020e-01
8.429000000000000000e+03,3.151633739471435547e-01
8.991000000000000000e+03,2.407725602388381958e-01
9.553000000000000000e+03,2.014842331409454346e-01
1.011500000000000000e+04,2.381662577390670776e-01
1.067700000000000000e+04,1.620167195796966553e-01
1.123900000000000000e+04,1.754831075668334961e-01
1.180100000000000000e+04,2.107035815715789795e-01
1.236300000000000000e+04,1.875177174806594849e-01
1.292500000000000000e+04,1.627897322177886963e-01
1.348700000000000000e+04,1.535130739212036133e-01
1.404900000000000000e+04,1.293123811483383179e-01
1.461100000000000000e+04,1.797343492507934570e-01
