1.000000000000000000e+00,2.747904300689697266e+00
5.610000000000000000e+02,7.653346657752990723e-01
1.123000000000000000e+03,6.433556079864501953e-01
1.685000000000000000e+03,5.713955760002136230e-01
2.247000000000000000e+03,5.604376792907714844e-01
2.809000000000000000e+03,5.103313922882080078e-01
3.371000000000000000e+03,4.357061982154846191e-01
3.933000000000000000e+03,3.737208545207977295e-01
4.495000000000000000e+03,3.852840065956115723e-01
5.057000000000000000e+03,3.392574787139892578e-01
5.619000000000000000e+03,3.082295656204223633e-01
6.181000000000000000e+03,2.633408606052398682e-01
6.743000000000000000e+03,2.720990478992462158e-01
7.305000000000000000e+03,2.103925049304962158e-01
7.867000000000000000e+03,2.296495884656906128e-01
8.429000000000000000e+03,2.286019027233123779e-01
8.991000000000000000e+03,2.435070872306823730e-01
9.553000000000000000e+03,1.816904544830322266e-01
1.011500000000000000e+04,1.634518802165985107e-01
1.067700000000000000e+04,1.378339678049087524e-01
1.123900000000000000e+04,1.592265367507934570e-01
1.180100000000000000e+04,1.850947290658950806e-01
1.236300000000000000e+04,1.722325235605239868e-01
1.292500000000000000e+04,1.237471252679824829e-01
1.348700000000000000e+04,1.560735404491424561e-01
1.404900000000000000e+04,1.002607494592666626e-01
1.461100000000000000e+04,1.265444755554199219e-01
