1.000000000000000000e+00,3.073812961578369141e+00
5.610000000000000000e+02,7.959193587303161621e-01
1.123000000000000000e+03,7.559002637863159180e-01
1.685000000000000000e+03,6.175227761268615723e-01
2.247000000000000000e+03,5.554441213607788086e-01
2.809000000000000000e+03,4.429559111595153809e-01
3.371000000000000000e+03,4.159543812274932861e-01
3.933000000000000000e+03,3.580627441406250000e-01
4.495000000000000000e+03,3.197481632232666016e-01
5.057000000000000000e+03,2.628413438796997070e-01
5.619000000000000000e+03,2.623643577098846436e-01
6.181000000000000000e+03,2.242744266986846924e-01
6.743000000000000000e+03,2.257862985134124756e-01
7.305000000000000000e+03,1.837100684642791748e-01
7.867000000000000000e+03,1.977497339248657227e-01
8.429000000000000000e+03,1.966022700071334839e-01
8.991000000000000000e+03,1.712919473648071289e-01
9.553000000000000000e+03,1.492399126291275024e-01
1.011500000000000000e+04,1.799868792295455933e-01
1.067700000000000000e+04,1.251519769430160522e-01
1.123900000000000000e+04,1.304059624671936035e-01
1.180100000000000000e+04,1.494237035512924194e-01
1.236300000000000000e+04,1.449142694473266602e-01
1.292500000000000000e+04,1.588158756494522095e-01
1.348700000000000000e+04,1.431824862957000732e-01
1.404900000000000000e+04,6.919927895069122314e-02
1.461100000000000000e+04,1.412400901317596436e-01
