7.614858746528625488e-01
2.779257595539093018e-01
1.468360573053359985e-01
1.359595805406570435e-01
1.164649203419685364e-01
7.171956449747085571e-02
3.985568135976791382e-02
8.960836380720138550e-02
7.399611920118331909e-02
7.471186667680740356e-02
3.995468840003013611e-02
5.138380452990531921e-02
8.267632871866226196e-02
6.854930520057678223e-02
4.779363051056861877e-02
4.264828562736511230e-02
4.110957682132720947e-02
8.251227438449859619e-02
2.240095846354961395e-02
6.366584450006484985e-02
5.857765674591064453e-02
6.126064062118530273e-02
4.834562167525291443e-02
3.680034726858139038e-02
5.000233650207519531e-02
6.243317946791648865e-02
4.417203366756439209e-02
