1.000000000000000000e+00,2.582125425338745117e+00
5.610000000000000000e+02,7.580725550651550293e-01
1.123000000000000000e+03,6.979619860649108887e-01
1.685000000000000000e+03,5.514868497848510742e-01
2.247000000000000000e+03,4.633035361766815186e-01
2.809000000000000000e+03,3.717667460441589355e-01
3.371000000000000000e+03,3.770024478435516357e-01
3.933000000000000000e+03,2.899308502674102783e-01
4.495000000000000000e+03,3.141625225543975830e-01
5.057000000000000000e+03,2.549436986446380615e-01
5.619000000000000000e+03,2.660585939884185791e-01
6.181000000000000000e+03,2.759975194931030273e-01
6.743000000000000000e+03,2.675783336162567139e-01
7.305000000000000000e+03,2.234658002853393555e-01
7.867000000000000000e+03,1.856804192066192627e-01
8.429000000000000000e+03,1.983431875705718994e-01
8.991000000000000000e+03,2.276540100574493408e-01
9.553000000000000000e+03,1.574998497962951660e-01
1.011500000000000000e+04,2.324795722961425781e-01
1.067700000000000000e+04,1.597123146057128906e-01
1.123900000000000000e+04,1.607841849327087402e-01
1.180100000000000000e+04,2.064422219991683960e-01
1.236300000000000000e+04,1.635738462209701538e-01
1.292500000000000000e+04,1.383493542671203613e-01
1.348700000000000000e+04,1.593628078699111938e-01
1.404900000000000000e+04,1.182969138026237488e-01
1.461100000000000000e+04,1.276163309812545776e-01
