1.025257468223571777e+00
6.517317891120910645e-01
5.856994986534118652e-01
5.512075424194335938e-01
5.394338965415954590e-01
5.416007637977600098e-01
5.477831959724426270e-01
5.504903197288513184e-01
5.498983860015869141e-01
5.460023880004882812e-01
5.422997474670410156e-01
5.371971726417541504e-01
5.325312018394470215e-01
5.279633402824401855e-01
5.231341719627380371e-01
5.199013352394104004e-01
5.175632238388061523e-01
5.156111717224121094e-01
5.133609771728515625e-01
5.116488933563232422e-01
5.103389620780944824e-01
5.093291997909545898e-01
5.096206665039062500e-01
5.089825987815856934e-01
5.089884400367736816e-01
5.082666277885437012e-01
5.081291198730468750e-01
5.088495016098022461e-01
5.086470246315002441e-01
5.084715485572814941e-01
5.088838934898376465e-01
5.092991590499877930e-01
5.099532604217529297e-01
5.110702514648437500e-01
5.118355154991149902e-01
5.123013854026794434e-01
