1.027079701423645020e+00
6.564564108848571777e-01
5.954270362854003906e-01
5.846928954124450684e-01
5.648642182350158691e-01
5.720043182373046875e-01
5.231128334999084473e-01
5.358781218528747559e-01
5.507994294166564941e-01
5.287093520164489746e-01
5.604127645492553711e-01
5.331757664680480957e-01
5.410168766975402832e-01
5.549941658973693848e-01
5.108589529991149902e-01
5.606270432472229004e-01
5.320756435394287109e-01
5.202304720878601074e-01
5.277602672576904297e-01
5.668771266937255859e-01
5.553054213523864746e-01
5.567058920860290527e-01
5.570694804191589355e-01
5.238113403320312500e-01
5.552249550819396973e-01
5.223478078842163086e-01
5.359107851982116699e-01
5.368440747261047363e-01
5.399619340896606445e-01
5.073776841163635254e-01
5.379391908645629883e-01
5.272431373596191406e-01
5.319643616676330566e-01
5.174009203910827637e-01
5.234764218330383301e-01
5.307390093803405762e-01
