1.000000000000000000e+00,8.673282265663146973e-01
5.610000000000000000e+02,1.859432905912399292e-01
1.123000000000000000e+03,6.272065639495849609e-02
1.685000000000000000e+03,6.375547498464584351e-02
2.247000000000000000e+03,5.793964490294456482e-02
2.809000000000000000e+03,7.809916883707046509e-02
3.371000000000000000e+03,5.612112581729888916e-02
3.933000000000000000e+03,8.484697341918945312e-02
4.495000000000000000e+03,4.720007255673408508e-02
5.057000000000000000e+03,6.157563533633947372e-03
5.619000000000000000e+03,7.629805803298950195e-02
6.181000000000000000e+03,5.142156407237052917e-02
6.743000000000000000e+03,6.585342437028884888e-02
7.305000000000000000e+03,7.095139473676681519e-02
7.867000000000000000e+03,3.612481802701950073e-02
8.429000000000000000e+03,3.247092291712760925e-02
8.991000000000000000e+03,5.679142102599143982e-02
9.553000000000000000e+03,7.873830944299697876e-02
1.011500000000000000e+04,9.845899185165762901e-04
1.067700000000000000e+04,4.689158126711845398e-02
1.123900000000000000e+04,8.265958726406097412e-02
1.180100000000000000e+04,2.299681864678859711e-02
1.236300000000000000e+04,1.116483565419912338e-02
1.292500000000000000e+04,5.370546504855155945e-02
1.348700000000000000e+04,7.810875028371810913e-02
1.404900000000000000e+04,9.581854939460754395e-02
1.461100000000000000e+04,1.744254119694232941e-02
1.517300000000000000e+04,4.467863962054252625e-02
1.573500000000000000e+04,4.762869700789451599e-02
1.629700000000000000e+04,4.648930206894874573e-02
1.685900000000000000e+04,2.639939449727535248e-02
1.742100000000000000e+04,3.497164696455001831e-02
1.798300000000000000e+04,4.313626885414123535e-02
1.854500000000000000e+04,4.471834376454353333e-02
1.910700000000000000e+04,2.365896105766296387e-02
1.966900000000000000e+04,2.058947272598743439e-02
