1.000000000000000000e+00,1.036095023155212402e+00
5.610000000000000000e+02,1.116479858756065369e-01
1.123000000000000000e+03,7.847618311643600464e-02
1.685000000000000000e+03,6.373310834169387817e-02
2.247000000000000000e+03,7.367737591266632080e-02
2.809000000000000000e+03,9.600538760423660278e-02
3.371000000000000000e+03,5.092056095600128174e-02
3.933000000000000000e+03,7.654672116041183472e-02
4.495000000000000000e+03,5.506083369255065918e-02
5.057000000000000000e+03,3.828131360933184624e-03
5.619000000000000000e+03,7.365159690380096436e-02
6.181000000000000000e+03,5.534391477704048157e-02
6.743000000000000000e+03,7.489988952875137329e-02
7.305000000000000000e+03,7.451175898313522339e-02
7.867000000000000000e+03,4.202882945537567139e-02
8.429000000000000000e+03,4.707888141274452209e-02
8.991000000000000000e+03,7.293722778558731079e-02
9.553000000000000000e+03,8.726906031370162964e-02
1.011500000000000000e+04,3.855072660371661186e-03
1.067700000000000000e+04,8.506529778242111206e-02
1.123900000000000000e+04,7.513299584388732910e-02
1.180100000000000000e+04,2.139730565249919891e-02
1.236300000000000000e+04,7.791270967572927475e-03
1.292500000000000000e+04,7.142541557550430298e-02
1.348700000000000000e+04,6.659892201423645020e-02
1.404900000000000000e+04,9.520850330591201782e-02
1.461100000000000000e+04,1.750266738235950470e-02
1.517300000000000000e+04,6.326662003993988037e-02
1.573500000000000000e+04,3.128146007657051086e-02
1.629700000000000000e+04,2.502956055104732513e-02
1.685900000000000000e+04,3.192196413874626160e-02
1.742100000000000000e+04,4.683114960789680481e-02
1.798300000000000000e+04,4.572187364101409912e-02
1.854500000000000000e+04,4.640372097492218018e-02
1.910700000000000000e+04,6.066069472581148148e-03
1.966900000000000000e+04,2.610490284860134125e-02
