9.115397334098815918e-01
3.075516521930694580e-01
2.225082367658615112e-01
1.376321762800216675e-01
9.396380931138992310e-02
7.480468600988388062e-02
6.856288760900497437e-02
6.515038758516311646e-02
6.275890022516250610e-02
6.081539765000343323e-02
5.995960533618927002e-02
5.928032100200653076e-02
5.824690684676170349e-02
5.787949264049530029e-02
5.747893825173377991e-02
5.819219350814819336e-02
5.731288716197013855e-02
5.707117542624473572e-02
5.562596023082733154e-02
5.474979057908058167e-02
5.473842844367027283e-02
5.586571991443634033e-02
5.688805505633354187e-02
5.652866140007972717e-02
5.830442532896995544e-02
5.955976620316505432e-02
5.941366031765937805e-02
