1.000000000000000000e+00,3.344608545303344727e+00
5.610000000000000000e+02,8.178808093070983887e-01
1.123000000000000000e+03,7.473936080932617188e-01
1.685000000000000000e+03,6.839570999145507812e-01
2.247000000000000000e+03,6.310068368911743164e-01
2.809000000000000000e+03,5.372529625892639160e-01
3.371000000000000000e+03,4.805536866188049316e-01
3.933000000000000000e+03,4.569137692451477051e-01
4.495000000000000000e+03,4.246219396591186523e-01
5.057000000000000000e+03,3.587746024131774902e-01
5.619000000000000000e+03,3.581540882587432861e-01
6.181000000000000000e+03,3.123819828033447266e-01
6.743000000000000000e+03,3.305401206016540527e-01
7.305000000000000000e+03,2.652168571949005127e-01
7.867000000000000000e+03,2.711602449417114258e-01
8.429000000000000000e+03,2.986474335193634033e-01
8.991000000000000000e+03,2.946718335151672363e-01
9.553000000000000000e+03,2.728497684001922607e-01
1.011500000000000000e+04,2.331121861934661865e-01
1.067700000000000000e+04,1.941460669040679932e-01
1.123900000000000000e+04,1.956714689731597900e-01
1.180100000000000000e+04,2.430093288421630859e-01
1.236300000000000000e+04,2.532788813114166260e-01
1.292500000000000000e+04,2.318769991397857666e-01
1.348700000000000000e+04,1.853005588054656982e-01
1.404900000000000000e+04,1.973928511142730713e-01
1.461100000000000000e+04,2.296926379203796387e-01
