1.000000000000000000e+00,6.893525123596191406e+00
5.610000000000000000e+02,7.804055809974670410e-01
1.123000000000000000e+03,7.365764379501342773e-01
1.685000000000000000e+03,6.668178439140319824e-01
2.247000000000000000e+03,5.784611105918884277e-01
2.809000000000000000e+03,5.126802325248718262e-01
3.371000000000000000e+03,4.387359619140625000e-01
3.933000000000000000e+03,4.155631363391876221e-01
4.495000000000000000e+03,3.893455862998962402e-01
5.057000000000000000e+03,3.404382169246673584e-01
5.619000000000000000e+03,3.275448381900787354e-01
6.181000000000000000e+03,2.989055812358856201e-01
6.743000000000000000e+03,2.463605999946594238e-01
7.305000000000000000e+03,2.508065700531005859e-01
7.867000000000000000e+03,1.881854683160781860e-01
8.429000000000000000e+03,2.534125745296478271e-01
8.991000000000000000e+03,2.544470429420471191e-01
9.553000000000000000e+03,2.244148403406143188e-01
1.011500000000000000e+04,2.455970197916030884e-01
1.067700000000000000e+04,1.835236400365829468e-01
1.123900000000000000e+04,1.671806722879409790e-01
1.180100000000000000e+04,2.070286720991134644e-01
1.236300000000000000e+04,1.754776239395141602e-01
1.292500000000000000e+04,1.819036304950714111e-01
1.348700000000000000e+04,1.696090698242187500e-01
1.404900000000000000e+04,1.482934355735778809e-01
1.461100000000000000e+04,2.001646459102630615e-01
