1.000000000000000000e+00
1.124000000000000000e+03
2.249000000000000000e+03
3.374000000000000000e+03
4.499000000000000000e+03
5.624000000000000000e+03
6.749000000000000000e+03
7.874000000000000000e+03
8.999000000000000000e+03
1.012400000000000000e+04
1.124900000000000000e+04
1.237400000000000000e+04
1.349900000000000000e+04
1.462400000000000000e+04
1.574900000000000000e+04
1.687400000000000000e+04
1.799900000000000000e+04
1.912400000000000000e+04
2.024900000000000000e+04
2.137400000000000000e+04
2.249900000000000000e+04
2.362400000000000000e+04
2.474900000000000000e+04
2.587400000000000000e+04
2.699900000000000000e+04
2.812400000000000000e+04
2.924900000000000000e+04
3.037400000000000000e+04
3.149900000000000000e+04
3.262400000000000000e+04
3.374900000000000000e+04
3.487400000000000000e+04
3.599900000000000000e+04
3.712400000000000000e+04
3.824900000000000000e+04
3.937400000000000000e+04
