1.000000000000000000e+00,9.355879426002502441e-01
5.610000000000000000e+02,1.226733624935150146e-01
1.123000000000000000e+03,6.465362757444381714e-02
1.685000000000000000e+03,6.116725876927375793e-02
2.247000000000000000e+03,7.043667137622833252e-02
2.809000000000000000e+03,8.232581615447998047e-02
3.371000000000000000e+03,5.534292757511138916e-02
3.933000000000000000e+03,7.602838426828384399e-02
4.495000000000000000e+03,7.328810542821884155e-02
5.057000000000000000e+03,1.323477830737829208e-02
5.619000000000000000e+03,7.664100080728530884e-02
6.181000000000000000e+03,5.548562109470367432e-02
6.743000000000000000e+03,8.267223089933395386e-02
7.305000000000000000e+03,9.279990941286087036e-02
7.867000000000000000e+03,3.699881210923194885e-02
8.429000000000000000e+03,4.375918582081794739e-02
8.991000000000000000e+03,5.903473123908042908e-02
9.553000000000000000e+03,7.596991211175918579e-02
1.011500000000000000e+04,9.032183326780796051e-03
1.067700000000000000e+04,6.120206415653228760e-02
1.123900000000000000e+04,7.425520569086074829e-02
1.180100000000000000e+04,2.062475122511386871e-02
1.236300000000000000e+04,1.540336478501558304e-02
1.292500000000000000e+04,4.026339948177337646e-02
1.348700000000000000e+04,6.527385860681533813e-02
1.404900000000000000e+04,7.739649713039398193e-02
1.461100000000000000e+04,1.405913382768630981e-02
1.517300000000000000e+04,4.841065406799316406e-02
1.573500000000000000e+04,2.630024403333663940e-02
1.629700000000000000e+04,2.431407012045383453e-02
1.685900000000000000e+04,3.147473931312561035e-02
1.742100000000000000e+04,4.627882316708564758e-02
1.798300000000000000e+04,1.827982440590858459e-02
1.854500000000000000e+04,2.559158205986022949e-02
1.910700000000000000e+04,2.646940015256404877e-02
1.966900000000000000e+04,2.006568573415279388e-02
