1.413065910339355469e+00
6.930832266807556152e-01
6.197658181190490723e-01
5.905711650848388672e-01
5.805715918540954590e-01
5.738160610198974609e-01
5.641091465950012207e-01
5.556167960166931152e-01
5.517776608467102051e-01
5.495707392692565918e-01
5.483003258705139160e-01
5.478907227516174316e-01
5.469291806221008301e-01
5.460510253906250000e-01
5.452018976211547852e-01
5.448555350303649902e-01
5.448139309883117676e-01
5.445389151573181152e-01
5.445276498794555664e-01
5.448244214057922363e-01
5.445072054862976074e-01
5.445172786712646484e-01
5.445554852485656738e-01
5.442053079605102539e-01
5.436825752258300781e-01
5.438877940177917480e-01
5.438871979713439941e-01
5.434253811836242676e-01
5.435063838958740234e-01
5.435822606086730957e-01
5.432422757148742676e-01
5.432662367820739746e-01
5.431148409843444824e-01
5.427241921424865723e-01
5.423381328582763672e-01
5.419759154319763184e-01
