1.426486372947692871e+00
6.977410912513732910e-01
6.079469919204711914e-01
5.997516512870788574e-01
5.875532627105712891e-01
5.777953267097473145e-01
5.875765681266784668e-01
5.633602738380432129e-01
5.751779675483703613e-01
5.523034930229187012e-01
5.699260234832763672e-01
5.386905074119567871e-01
5.621192455291748047e-01
5.489162206649780273e-01
5.137313008308410645e-01
5.521416068077087402e-01
5.298458933830261230e-01
5.387446284294128418e-01
5.498258471488952637e-01
5.638310313224792480e-01
5.607656836509704590e-01
5.393672585487365723e-01
5.489055514335632324e-01
5.322654843330383301e-01
5.523388385772705078e-01
5.301709175109863281e-01
5.328696966171264648e-01
5.291888117790222168e-01
5.307331681251525879e-01
5.320799946784973145e-01
5.356484055519104004e-01
5.390459895133972168e-01
5.343504548072814941e-01
5.527021884918212891e-01
5.374985337257385254e-01
5.402053594589233398e-01
