1.000000000000000000e+00,9.879567623138427734e-01
5.610000000000000000e+02,9.058817476034164429e-02
1.123000000000000000e+03,5.685317888855934143e-02
1.685000000000000000e+03,4.772162437438964844e-02
2.247000000000000000e+03,5.574995651841163635e-02
2.809000000000000000e+03,9.428887814283370972e-02
3.371000000000000000e+03,4.201180115342140198e-02
3.933000000000000000e+03,6.593608111143112183e-02
4.495000000000000000e+03,1.374190673232078552e-02
5.057000000000000000e+03,8.250926621258258820e-03
5.619000000000000000e+03,4.195852205157279968e-02
6.181000000000000000e+03,1.986230909824371338e-02
6.743000000000000000e+03,1.364754419773817062e-02
7.305000000000000000e+03,2.043650485575199127e-02
7.867000000000000000e+03,2.091770432889461517e-02
8.429000000000000000e+03,1.167604420334100723e-02
8.991000000000000000e+03,4.406375344842672348e-03
9.553000000000000000e+03,3.057802468538284302e-02
1.011500000000000000e+04,2.773335902020335197e-03
1.067700000000000000e+04,1.264313142746686935e-02
1.123900000000000000e+04,2.805720455944538116e-02
1.180100000000000000e+04,6.062652100808918476e-04
1.236300000000000000e+04,2.078160084784030914e-02
1.292500000000000000e+04,2.144791372120380402e-02
1.348700000000000000e+04,8.508293889462947845e-03
1.404900000000000000e+04,1.100295130163431168e-02
1.461100000000000000e+04,4.015844315290451050e-04
1.517300000000000000e+04,2.134691737592220306e-02
1.573500000000000000e+04,5.618325900286436081e-03
1.629700000000000000e+04,3.067746758460998535e-03
1.685900000000000000e+04,4.005293827503919601e-03
1.742100000000000000e+04,2.075036289170384407e-03
1.798300000000000000e+04,2.752974396571516991e-03
1.854500000000000000e+04,7.020642515271902084e-03
1.910700000000000000e+04,1.713546179234981537e-02
1.966900000000000000e+04,3.604815865401178598e-04
