1.000000000000000000e+00,8.108925819396972656e-01
5.610000000000000000e+02,9.660280495882034302e-02
1.123000000000000000e+03,5.762630701065063477e-02
1.685000000000000000e+03,5.531916022300720215e-02
2.247000000000000000e+03,4.101276770234107971e-02
2.809000000000000000e+03,6.525303423404693604e-02
3.371000000000000000e+03,4.516768455505371094e-02
3.933000000000000000e+03,5.544253066182136536e-02
4.495000000000000000e+03,2.015079557895660400e-02
5.057000000000000000e+03,1.331690605729818344e-02
5.619000000000000000e+03,4.878285154700279236e-02
6.181000000000000000e+03,3.000374883413314819e-02
6.743000000000000000e+03,5.463011190295219421e-02
7.305000000000000000e+03,2.342862635850906372e-02
7.867000000000000000e+03,3.783783875405788422e-03
8.429000000000000000e+03,1.332496944814920425e-02
8.991000000000000000e+03,2.178676985204219818e-02
9.553000000000000000e+03,5.215654149651527405e-02
1.011500000000000000e+04,2.563954330980777740e-03
1.067700000000000000e+04,3.348579257726669312e-02
1.123900000000000000e+04,2.235287986695766449e-02
1.180100000000000000e+04,1.324053300777450204e-04
1.236300000000000000e+04,1.019412535242736340e-03
1.292500000000000000e+04,3.276826068758964539e-02
1.348700000000000000e+04,1.179750356823205948e-02
1.404900000000000000e+04,3.670405969023704529e-02
1.461100000000000000e+04,6.182242184877395630e-03
1.517300000000000000e+04,2.208977192640304565e-02
1.573500000000000000e+04,1.103199925273656845e-02
1.629700000000000000e+04,1.338247209787368774e-02
1.685900000000000000e+04,3.329860046505928040e-03
1.742100000000000000e+04,1.097125932574272156e-02
1.798300000000000000e+04,1.045035105198621750e-02
1.854500000000000000e+04,2.000710694119334221e-03
1.910700000000000000e+04,7.056340575218200684e-03
1.966900000000000000e+04,2.525929885450750589e-04
