1.000000000000000000e+00,4.842244625091552734e+00
5.610000000000000000e+02,8.054852485656738281e-01
1.123000000000000000e+03,7.088333368301391602e-01
1.685000000000000000e+03,6.410887241363525391e-01
2.247000000000000000e+03,5.818979740142822266e-01
2.809000000000000000e+03,5.229002833366394043e-01
3.371000000000000000e+03,4.859548807144165039e-01
3.933000000000000000e+03,4.221244752407073975e-01
4.495000000000000000e+03,3.530138731002807617e-01
5.057000000000000000e+03,3.828356266021728516e-01
5.619000000000000000e+03,3.471621274948120117e-01
6.181000000000000000e+03,2.989394366741180420e-01
6.743000000000000000e+03,3.410094380378723145e-01
7.305000000000000000e+03,3.076073527336120605e-01
7.867000000000000000e+03,3.082888424396514893e-01
8.429000000000000000e+03,3.643448948860168457e-01
8.991000000000000000e+03,3.270758092403411865e-01
9.553000000000000000e+03,3.001979589462280273e-01
1.011500000000000000e+04,2.812939584255218506e-01
1.067700000000000000e+04,2.545385062694549561e-01
1.123900000000000000e+04,2.572324573993682861e-01
1.180100000000000000e+04,3.004940152168273926e-01
1.236300000000000000e+04,3.024906218051910400e-01
1.292500000000000000e+04,2.845319509506225586e-01
1.348700000000000000e+04,2.608947157859802246e-01
1.404900000000000000e+04,2.578535676002502441e-01
1.461100000000000000e+04,2.613100707530975342e-01
