1.000000000000000000e+00,3.481299400329589844e+00
5.610000000000000000e+02,7.729378938674926758e-01
1.123000000000000000e+03,7.460819482803344727e-01
1.685000000000000000e+03,6.505530476570129395e-01
2.247000000000000000e+03,5.615708827972412109e-01
2.809000000000000000e+03,4.814867973327636719e-01
3.371000000000000000e+03,4.662530422210693359e-01
3.933000000000000000e+03,4.303645491600036621e-01
4.495000000000000000e+03,4.054550528526306152e-01
5.057000000000000000e+03,3.758983016014099121e-01
5.619000000000000000e+03,3.691650331020355225e-01
6.181000000000000000e+03,2.764738202095031738e-01
6.743000000000000000e+03,3.064633607864379883e-01
7.305000000000000000e+03,2.843538522720336914e-01
7.867000000000000000e+03,2.844060957431793213e-01
8.429000000000000000e+03,2.938196957111358643e-01
8.991000000000000000e+03,2.885654270648956299e-01
9.553000000000000000e+03,2.774993181228637695e-01
1.011500000000000000e+04,2.224323451519012451e-01
1.067700000000000000e+04,1.904155761003494263e-01
1.123900000000000000e+04,2.294918000698089600e-01
1.180100000000000000e+04,2.204999476671218872e-01
1.236300000000000000e+04,2.149427831172943115e-01
1.292500000000000000e+04,2.009146511554718018e-01
1.348700000000000000e+04,2.339714318513870239e-01
1.404900000000000000e+04,1.546185165643692017e-01
1.461100000000000000e+04,1.979932039976119995e-01
