1.000000000000000000e+00,1.908870220184326172e+00
5.610000000000000000e+02,7.419538497924804688e-01
1.123000000000000000e+03,6.153467297554016113e-01
1.685000000000000000e+03,4.989691972732543945e-01
2.247000000000000000e+03,4.887145161628723145e-01
2.809000000000000000e+03,3.663501143455505371e-01
3.371000000000000000e+03,3.688890039920806885e-01
3.933000000000000000e+03,3.327643275260925293e-01
4.495000000000000000e+03,3.255228102207183838e-01
5.057000000000000000e+03,2.737005054950714111e-01
5.619000000000000000e+03,2.590486407279968262e-01
6.181000000000000000e+03,2.443178147077560425e-01
6.743000000000000000e+03,2.216180711984634399e-01
7.305000000000000000e+03,2.019549161195755005e-01
7.867000000000000000e+03,1.576999276876449585e-01
8.429000000000000000e+03,1.755475103855133057e-01
8.991000000000000000e+03,1.733961105346679688e-01
9.553000000000000000e+03,1.250881105661392212e-01
1.011500000000000000e+04,1.505669504404067993e-01
1.067700000000000000e+04,1.261326968669891357e-01
1.123900000000000000e+04,1.196091398596763611e-01
1.180100000000000000e+04,1.424112617969512939e-01
1.236300000000000000e+04,1.510230302810668945e-01
1.292500000000000000e+04,1.095278263092041016e-01
1.348700000000000000e+04,9.144067019224166870e-02
1.404900000000000000e+04,7.383209466934204102e-02
1.461100000000000000e+04,1.283277273178100586e-01
