1.000000000000000000e+00,1.044577360153198242e+00
5.610000000000000000e+02,3.064956665039062500e-01
1.123000000000000000e+03,1.779220849275588989e-01
1.685000000000000000e+03,8.286839723587036133e-02
2.247000000000000000e+03,6.203997507691383362e-02
2.809000000000000000e+03,8.648997545242309570e-02
3.371000000000000000e+03,5.324139073491096497e-02
3.933000000000000000e+03,7.875324040651321411e-02
4.495000000000000000e+03,3.035872243344783783e-02
5.057000000000000000e+03,9.414176456630229950e-03
5.619000000000000000e+03,6.698912382125854492e-02
6.181000000000000000e+03,4.779239371418952942e-02
6.743000000000000000e+03,6.078326329588890076e-02
7.305000000000000000e+03,4.808728024363517761e-02
7.867000000000000000e+03,2.766467630863189697e-02
8.429000000000000000e+03,2.780501730740070343e-02
8.991000000000000000e+03,5.379934608936309814e-02
9.553000000000000000e+03,8.272027224302291870e-02
1.011500000000000000e+04,4.674980416893959045e-03
1.067700000000000000e+04,4.269520565867424011e-02
1.123900000000000000e+04,6.701392680406570435e-02
1.180100000000000000e+04,2.040929347276687622e-02
1.236300000000000000e+04,1.082115154713392258e-02
1.292500000000000000e+04,4.078582301735877991e-02
1.348700000000000000e+04,4.602258279919624329e-02
1.404900000000000000e+04,7.106689363718032837e-02
1.461100000000000000e+04,7.725117262452840805e-03
1.517300000000000000e+04,4.897893965244293213e-02
1.573500000000000000e+04,2.822148986160755157e-02
1.629700000000000000e+04,2.077602036297321320e-02
1.685900000000000000e+04,9.647303260862827301e-03
1.742100000000000000e+04,3.021186776459217072e-02
1.798300000000000000e+04,2.517872489988803864e-02
1.854500000000000000e+04,1.293834764510393143e-02
1.910700000000000000e+04,9.101479314267635345e-03
1.966900000000000000e+04,1.497588306665420532e-02
