7.378728389739990234e+00
8.864927291870117188e-01
8.601766228675842285e-01
8.289274573326110840e-01
7.835882306098937988e-01
7.422556877136230469e-01
7.115895748138427734e-01
6.797401905059814453e-01
6.529363989830017090e-01
6.302817463874816895e-01
6.058652400970458984e-01
5.860135555267333984e-01
5.700795650482177734e-01
5.558650493621826172e-01
5.429496169090270996e-01
5.312473177909851074e-01
5.208128094673156738e-01
5.114846229553222656e-01
5.021646618843078613e-01
4.910990297794342041e-01
4.767237901687622070e-01
4.598245322704315186e-01
4.421041309833526611e-01
4.244893789291381836e-01
4.083493053913116455e-01
3.941689729690551758e-01
3.823530673980712891e-01
3.728301823139190674e-01
3.646005392074584961e-01
3.575389683246612549e-01
3.513327836990356445e-01
3.453255891799926758e-01
3.398008346557617188e-01
3.345251977443695068e-01
3.295546472072601318e-01
3.249386548995971680e-01
