7.292243957519531250e+00
8.930578827857971191e-01
8.593371510505676270e-01
8.199019432067871094e-01
7.764649987220764160e-01
7.335395812988281250e-01
7.158606648445129395e-01
6.812083125114440918e-01
6.444100141525268555e-01
6.688845753669738770e-01
6.210350394248962402e-01
5.858047604560852051e-01
5.901626944541931152e-01
5.683322548866271973e-01
5.410498976707458496e-01
5.491503477096557617e-01
5.302689671516418457e-01
5.384780168533325195e-01
5.185435414314270020e-01
5.585727691650390625e-01
4.929085671901702881e-01
4.922758042812347412e-01
4.672984182834625244e-01
4.320135414600372314e-01
4.354270994663238525e-01
4.299534261226654053e-01
4.058628976345062256e-01
4.197689294815063477e-01
3.691568374633789062e-01
4.079949855804443359e-01
3.503979146480560303e-01
3.799902200698852539e-01
3.542118370532989502e-01
3.537217378616333008e-01
3.266083896160125732e-01
3.472227156162261963e-01
