1.000000000000000000e+00,1.281871914863586426e+00
5.610000000000000000e+02,1.546140611171722412e-01
1.123000000000000000e+03,8.943609148263931274e-02
1.685000000000000000e+03,5.479272827506065369e-02
2.247000000000000000e+03,5.899277329444885254e-02
2.809000000000000000e+03,8.470044285058975220e-02
3.371000000000000000e+03,5.860640108585357666e-02
3.933000000000000000e+03,7.647804170846939087e-02
4.495000000000000000e+03,5.395403131842613220e-02
5.057000000000000000e+03,5.929557606577873230e-03
5.619000000000000000e+03,6.234816834330558777e-02
6.181000000000000000e+03,4.696988686919212341e-02
6.743000000000000000e+03,7.682945579290390015e-02
7.305000000000000000e+03,4.997901618480682373e-02
7.867000000000000000e+03,2.325949631631374359e-02
8.429000000000000000e+03,3.027089498937129974e-02
8.991000000000000000e+03,5.807397887110710144e-02
9.553000000000000000e+03,9.422775357961654663e-02
1.011500000000000000e+04,8.651387877762317657e-03
1.067700000000000000e+04,5.596878007054328918e-02
1.123900000000000000e+04,6.933737546205520630e-02
1.180100000000000000e+04,1.035801321268081665e-02
1.236300000000000000e+04,1.396581809967756271e-02
1.292500000000000000e+04,2.984402328729629517e-02
1.348700000000000000e+04,4.615967348217964172e-02
1.404900000000000000e+04,6.334374845027923584e-02
1.461100000000000000e+04,5.931984167546033859e-03
1.517300000000000000e+04,3.148111701011657715e-02
1.573500000000000000e+04,4.287438467144966125e-02
1.629700000000000000e+04,2.178924530744552612e-02
1.685900000000000000e+04,2.295592986047267914e-02
1.742100000000000000e+04,5.625476315617561340e-02
1.798300000000000000e+04,4.744388163089752197e-02
1.854500000000000000e+04,6.968090776354074478e-03
1.910700000000000000e+04,1.219332590699195862e-02
1.966900000000000000e+04,2.415409870445728302e-02
