1.000000000000000000e+00,4.599904537200927734e+00
5.610000000000000000e+02,8.013412952423095703e-01
1.123000000000000000e+03,7.048851251602172852e-01
1.685000000000000000e+03,6.925973892211914062e-01
2.247000000000000000e+03,6.872653365135192871e-01
2.809000000000000000e+03,5.918057560920715332e-01
3.371000000000000000e+03,5.302581191062927246e-01
3.933000000000000000e+03,5.179471373558044434e-01
4.495000000000000000e+03,4.013031125068664551e-01
5.057000000000000000e+03,3.892344236373901367e-01
5.619000000000000000e+03,3.426085114479064941e-01
6.181000000000000000e+03,2.519482076168060303e-01
6.743000000000000000e+03,3.245100080966949463e-01
7.305000000000000000e+03,2.721020579338073730e-01
7.867000000000000000e+03,2.427161633968353271e-01
8.429000000000000000e+03,2.836364209651947021e-01
8.991000000000000000e+03,2.858443558216094971e-01
9.553000000000000000e+03,2.207158505916595459e-01
1.011500000000000000e+04,2.551150619983673096e-01
1.067700000000000000e+04,1.742151677608489990e-01
1.123900000000000000e+04,1.700221300125122070e-01
1.180100000000000000e+04,2.192125618457794189e-01
1.236300000000000000e+04,1.888707280158996582e-01
1.292500000000000000e+04,2.188552618026733398e-01
1.348700000000000000e+04,1.511144936084747314e-01
1.404900000000000000e+04,1.314933598041534424e-01
1.461100000000000000e+04,1.754487305879592896e-01
