1.000000000000000000e+00,3.574822425842285156e+00
5.610000000000000000e+02,7.736864686012268066e-01
1.123000000000000000e+03,7.178589105606079102e-01
1.685000000000000000e+03,6.353459954261779785e-01
2.247000000000000000e+03,5.689378976821899414e-01
2.809000000000000000e+03,5.305178761482238770e-01
3.371000000000000000e+03,5.100861191749572754e-01
3.933000000000000000e+03,4.137938022613525391e-01
4.495000000000000000e+03,3.935432732105255127e-01
5.057000000000000000e+03,3.479098975658416748e-01
5.619000000000000000e+03,3.444429636001586914e-01
6.181000000000000000e+03,2.852355837821960449e-01
6.743000000000000000e+03,3.122535049915313721e-01
7.305000000000000000e+03,2.612218260765075684e-01
7.867000000000000000e+03,2.523030936717987061e-01
8.429000000000000000e+03,2.381855100393295288e-01
8.991000000000000000e+03,2.458961308002471924e-01
9.553000000000000000e+03,2.041406780481338501e-01
1.011500000000000000e+04,2.268512845039367676e-01
1.067700000000000000e+04,2.093882113695144653e-01
1.123900000000000000e+04,1.964562684297561646e-01
1.180100000000000000e+04,2.117342799901962280e-01
1.236300000000000000e+04,1.946572363376617432e-01
1.292500000000000000e+04,1.798889487981796265e-01
1.348700000000000000e+04,1.860475391149520874e-01
1.404900000000000000e+04,1.513320952653884888e-01
1.461100000000000000e+04,1.508458554744720459e-01
