1.000000000000000000e+00,9.944508671760559082e-01
5.610000000000000000e+02,3.106383383274078369e-01
1.123000000000000000e+03,1.763069629669189453e-01
1.685000000000000000e+03,1.720525026321411133e-01
2.247000000000000000e+03,1.253675669431686401e-01
2.809000000000000000e+03,1.324764639139175415e-01
3.371000000000000000e+03,1.731242686510086060e-01
3.933000000000000000e+03,1.242157742381095886e-01
4.495000000000000000e+03,8.151616156101226807e-02
5.057000000000000000e+03,1.007254123687744141e-01
5.619000000000000000e+03,1.497627049684524536e-01
6.181000000000000000e+03,5.004621669650077820e-02
6.743000000000000000e+03,1.458976864814758301e-01
7.305000000000000000e+03,1.019111573696136475e-01
7.867000000000000000e+03,7.446520030498504639e-02
8.429000000000000000e+03,1.255315840244293213e-01
8.991000000000000000e+03,1.109271049499511719e-01
9.553000000000000000e+03,9.955383092164993286e-02
1.011500000000000000e+04,4.609226807951927185e-02
1.067700000000000000e+04,1.021390035748481750e-01
1.123900000000000000e+04,1.046236231923103333e-01
1.180100000000000000e+04,7.094103097915649414e-02
1.236300000000000000e+04,5.741747096180915833e-02
1.292500000000000000e+04,1.168724820017814636e-01
1.348700000000000000e+04,8.912124484777450562e-02
1.404900000000000000e+04,1.159597411751747131e-01
1.461100000000000000e+04,9.858103841543197632e-02
