1.000000000000000000e+00,1.011229872703552246e+00
5.610000000000000000e+02,1.066197752952575684e-01
1.123000000000000000e+03,6.337983161211013794e-02
1.685000000000000000e+03,5.803478881716728210e-02
2.247000000000000000e+03,4.634810611605644226e-02
2.809000000000000000e+03,6.405707448720932007e-02
3.371000000000000000e+03,1.853961683809757233e-02
3.933000000000000000e+03,6.925946474075317383e-02
4.495000000000000000e+03,3.462740033864974976e-02
5.057000000000000000e+03,3.327619982883334160e-03
5.619000000000000000e+03,4.888737201690673828e-02
6.181000000000000000e+03,1.958026923239231110e-02
6.743000000000000000e+03,2.155737578868865967e-02
7.305000000000000000e+03,2.877682447433471680e-02
7.867000000000000000e+03,2.149802446365356445e-02
8.429000000000000000e+03,1.854829117655754089e-02
8.991000000000000000e+03,2.185044623911380768e-02
9.553000000000000000e+03,5.642507970333099365e-02
1.011500000000000000e+04,3.296120790764689445e-03
1.067700000000000000e+04,4.967540130019187927e-02
1.123900000000000000e+04,1.596019230782985687e-02
1.180100000000000000e+04,5.930388579145073891e-04
1.236300000000000000e+04,7.844679057598114014e-03
1.292500000000000000e+04,4.355374351143836975e-02
1.348700000000000000e+04,1.218101475387811661e-02
1.404900000000000000e+04,5.222533270716667175e-02
1.461100000000000000e+04,1.507780794054269791e-02
1.517300000000000000e+04,2.948283217847347260e-02
1.573500000000000000e+04,1.456309854984283447e-02
1.629700000000000000e+04,2.144225500524044037e-02
1.685900000000000000e+04,4.041295126080513000e-02
1.742100000000000000e+04,2.577927708625793457e-02
1.798300000000000000e+04,2.219324000179767609e-02
1.854500000000000000e+04,8.409551228396594524e-04
1.910700000000000000e+04,4.692924674600362778e-03
1.966900000000000000e+04,9.901359677314758301e-03
