1.000000000000000000e+00,3.628049135208129883e+00
1.124000000000000000e+03,6.509966850280761719e-01
2.249000000000000000e+03,3.235770463943481445e-01
3.374000000000000000e+03,3.424437940120697021e-01
4.499000000000000000e+03,2.547420561313629150e-01
5.624000000000000000e+03,2.380237281322479248e-01
6.749000000000000000e+03,1.512592285871505737e-01
7.874000000000000000e+03,1.339822262525558472e-01
8.999000000000000000e+03,1.481967717409133911e-01
1.012400000000000000e+04,1.182392165064811707e-01
1.124900000000000000e+04,1.488765031099319458e-01
1.237400000000000000e+04,1.179666295647621155e-01
1.349900000000000000e+04,1.253562271595001221e-01
1.462400000000000000e+04,9.636225551366806030e-02
1.574900000000000000e+04,1.040894314646720886e-01
1.687400000000000000e+04,6.599613279104232788e-02
1.799900000000000000e+04,1.076840460300445557e-01
1.912400000000000000e+04,6.861630082130432129e-02
