1.000000000000000000e+00,1.286610364913940430e+00
5.610000000000000000e+02,1.940380334854125977e-01
1.123000000000000000e+03,7.767169922590255737e-02
1.685000000000000000e+03,6.313221901655197144e-02
2.247000000000000000e+03,5.795324966311454773e-02
2.809000000000000000e+03,8.101289719343185425e-02
3.371000000000000000e+03,5.678163841366767883e-02
3.933000000000000000e+03,8.656492084264755249e-02
4.495000000000000000e+03,4.378956556320190430e-02
5.057000000000000000e+03,6.026655901223421097e-03
5.619000000000000000e+03,7.308295369148254395e-02
6.181000000000000000e+03,4.837156832218170166e-02
6.743000000000000000e+03,8.636438846588134766e-02
7.305000000000000000e+03,5.784863606095314026e-02
7.867000000000000000e+03,3.545632585883140564e-02
8.429000000000000000e+03,5.391072854399681091e-02
8.991000000000000000e+03,7.858548313379287720e-02
9.553000000000000000e+03,9.111335873603820801e-02
1.011500000000000000e+04,3.421147586777806282e-03
1.067700000000000000e+04,4.525552317500114441e-02
1.123900000000000000e+04,7.039543241262435913e-02
1.180100000000000000e+04,4.146588966250419617e-02
1.236300000000000000e+04,1.103681791573762894e-02
1.292500000000000000e+04,4.970987141132354736e-02
1.348700000000000000e+04,8.404559642076492310e-02
1.404900000000000000e+04,7.079418003559112549e-02
1.461100000000000000e+04,7.621278520673513412e-03
1.517300000000000000e+04,5.524702370166778564e-02
1.573500000000000000e+04,4.039482399821281433e-02
1.629700000000000000e+04,4.906599223613739014e-02
1.685900000000000000e+04,1.185008604079484940e-02
1.742100000000000000e+04,2.960578538477420807e-02
1.798300000000000000e+04,3.340576216578483582e-02
1.854500000000000000e+04,3.814403712749481201e-02
1.910700000000000000e+04,2.126947045326232910e-02
1.966900000000000000e+04,3.739045187830924988e-02
