1.232418656349182129e+00
6.498561501502990723e-01
6.019524931907653809e-01
5.698594450950622559e-01
5.564016699790954590e-01
5.535497069358825684e-01
5.511641502380371094e-01
5.486460328102111816e-01
5.431957840919494629e-01
5.391061305999755859e-01
5.362863540649414062e-01
5.343158245086669922e-01
5.325942635536193848e-01
5.315253138542175293e-01
5.305940508842468262e-01
5.302700400352478027e-01
5.300864577293395996e-01
5.296517014503479004e-01
5.291104316711425781e-01
5.287733078002929688e-01
5.280441641807556152e-01
5.267468690872192383e-01
5.256016254425048828e-01
5.249296426773071289e-01
5.237160325050354004e-01
5.225186944007873535e-01
5.219231843948364258e-01
5.206512808799743652e-01
5.199376344680786133e-01
5.198418498039245605e-01
5.193882584571838379e-01
5.191419124603271484e-01
5.191831588745117188e-01
5.187098383903503418e-01
5.183590650558471680e-01
5.179542899131774902e-01
