1.212676882743835449e+00
6.622301340103149414e-01
6.079885959625244141e-01
6.123762130737304688e-01
5.610042214393615723e-01
5.511518120765686035e-01
5.589200854301452637e-01
5.253990292549133301e-01
5.328886508941650391e-01
5.407693982124328613e-01
5.378663539886474609e-01
5.330098867416381836e-01
5.369504094123840332e-01
5.432491898536682129e-01
5.245225429534912109e-01
5.320447087287902832e-01
5.331217646598815918e-01
5.163256525993347168e-01
5.219560265541076660e-01
5.314509272575378418e-01
5.310632586479187012e-01
5.384028553962707520e-01
5.425991415977478027e-01
5.150362849235534668e-01
5.462211966514587402e-01
5.275407433509826660e-01
5.340862274169921875e-01
5.353218317031860352e-01
5.185347199440002441e-01
5.208585858345031738e-01
5.214158892631530762e-01
5.333818793296813965e-01
5.308629274368286133e-01
5.300629734992980957e-01
5.214397311210632324e-01
5.319913029670715332e-01
