1.000000000000000000e+00,5.677341938018798828e+00
5.610000000000000000e+02,8.601755499839782715e-01
1.123000000000000000e+03,6.678631305694580078e-01
1.685000000000000000e+03,6.643822193145751953e-01
2.247000000000000000e+03,5.875309705734252930e-01
2.809000000000000000e+03,5.244110822677612305e-01
3.371000000000000000e+03,4.916738867759704590e-01
3.933000000000000000e+03,3.972689211368560791e-01
4.495000000000000000e+03,3.478667140007019043e-01
5.057000000000000000e+03,2.896345853805541992e-01
5.619000000000000000e+03,2.997547984123229980e-01
6.181000000000000000e+03,2.048709988594055176e-01
6.743000000000000000e+03,2.241402864456176758e-01
7.305000000000000000e+03,1.732736527919769287e-01
7.867000000000000000e+03,2.528184950351715088e-01
8.429000000000000000e+03,1.707490682601928711e-01
8.991000000000000000e+03,2.197155058383941650e-01
9.553000000000000000e+03,1.718826740980148315e-01
1.011500000000000000e+04,1.643734872341156006e-01
1.067700000000000000e+04,1.365537345409393311e-01
1.123900000000000000e+04,1.661681085824966431e-01
1.180100000000000000e+04,1.657579392194747925e-01
1.236300000000000000e+04,1.527182906866073608e-01
1.292500000000000000e+04,1.381409913301467896e-01
1.348700000000000000e+04,1.019350960850715637e-01
1.404900000000000000e+04,7.171369343996047974e-02
1.461100000000000000e+04,1.419942378997802734e-01
