1.000000000000000000e+00,4.800756454467773438e+00
5.610000000000000000e+02,8.022193908691406250e-01
1.123000000000000000e+03,7.220425009727478027e-01
1.685000000000000000e+03,6.599600315093994141e-01
2.247000000000000000e+03,6.004193425178527832e-01
2.809000000000000000e+03,4.996325969696044922e-01
3.371000000000000000e+03,4.388177692890167236e-01
3.933000000000000000e+03,4.759308099746704102e-01
4.495000000000000000e+03,4.014023840427398682e-01
5.057000000000000000e+03,3.763261437416076660e-01
5.619000000000000000e+03,3.855420351028442383e-01
6.181000000000000000e+03,2.880817353725433350e-01
6.743000000000000000e+03,3.337236344814300537e-01
7.305000000000000000e+03,3.278436064720153809e-01
7.867000000000000000e+03,3.253449201583862305e-01
8.429000000000000000e+03,3.017674982547760010e-01
8.991000000000000000e+03,2.630693316459655762e-01
9.553000000000000000e+03,2.730966210365295410e-01
1.011500000000000000e+04,2.575511932373046875e-01
1.067700000000000000e+04,1.808931976556777954e-01
1.123900000000000000e+04,2.230796962976455688e-01
1.180100000000000000e+04,2.294089645147323608e-01
1.236300000000000000e+04,2.241932451725006104e-01
1.292500000000000000e+04,2.276810705661773682e-01
1.348700000000000000e+04,2.208777666091918945e-01
1.404900000000000000e+04,1.553088426589965820e-01
1.461100000000000000e+04,2.047268152236938477e-01
