2.604884981227750980e-03,9.999933922471527792e-01,1.940893784747342588e-03,5.675713108286458124e-04,1.399135112765771249e-03,5.675713108286458124e-04,-4.560025502441887569e-04,7.326221747212692927e-04,1.706501947720079956e-03,3.094245181746016048e-03,1.706501947720079956e-03,1.706501947720079956e-03,5.675713108286458124e-04,-6.033860451268677639e-04,1.781207564103726550e-03,1.706501947720079956e-03
1.871755772050098668e-03,4.508521845302553357e-03,5.575997417315772288e-03,-4.696097057350165919e-05,6.594873958877273817e-04,-4.696097057350165919e-05,-5.475335559213896554e-04,1.381176029028102856e-03,7.074842134427002322e-04,2.263873040142937165e-03,7.074842134427002322e-04,7.074842134427002322e-04,-4.696097057350165919e-05,4.964746425871492501e-03,1.513036900190716395e-03,7.074842134427002322e-04
2.529080070280465432e-03,4.024727104926670296e-03,5.396465304401989321e-03,-4.498593093184647665e-04,1.384127996310692609e-04,-4.498593093184647665e-04,-9.908027468596637861e-04,-3.106547910072524261e-04,2.123203704117295550e-04,3.020488080326346261e-03,2.123203704117295550e-04,2.123203704117295550e-04,-4.498593093184647665e-04,2.373186892410475164e-03,5.484988162640912776e-04,2.123203704117295550e-04
-3.562144460163269629e-03,-6.704185997467105099e-03,-1.582184906523959132e-03,1.000000000000000000e+00,1.000000000000000000e+00,1.000000000000000000e+00,9.933162840773313018e-01,-6.023791497578476380e-03,1.000000000000000000e+00,3.481997752609909853e-03,1.000000000000000000e+00,1.000000000000000000e+00,1.000000000000000000e+00,-1.233525502373881630e-02,9.999999999906200587e-01,1.000000000000000000e+00
-2.133806534579283428e-03,-7.171181290053792179e-03,-6.483236750202290774e-04,1.000000000000000000e+00,7.199990458240983215e-03,1.000000000000000000e+00,8.560682989463594961e-01,-1.015187764778511040e-02,9.382372697123714592e-03,4.483310835571091384e-03,9.382372697123714592e-03,9.382372697123714592e-03,1.000000000000000000e+00,-1.159639958987474483e-02,1.000000000000000000e+00,9.382372697123714592e-03
-3.562144460163269629e-03,-6.704185997467105099e-03,-1.582184906523959132e-03,1.000000000000000000e+00,1.000000000000000000e+00,1.000000000000000000e+00,9.933162840773313018e-01,-6.023791497578476380e-03,1.000000000000000000e+00,3.481997752609909853e-03,1.000000000000000000e+00,1.000000000000000000e+00,1.000000000000000000e+00,-1.233525502373881630e-02,9.999999999906200587e-01,1.000000000000000000e+00
-7.718786152416343485e-03,-1.063221135734884228e-02,-5.133943657349615899e-03,1.000000000000000000e+00,9.760370357326871860e-01,1.000000000000000000e+00,2.092835363885614704e-03,-1.106470028636018926e-02,9.999251539700110269e-01,1.847175212884857040e-03,9.999251539700110269e-01,9.999251539700110269e-01,1.000000000000000000e+00,-1.577214157255649174e-02,9.999999998644146793e-01,9.999251539700110269e-01
1.639039104398713753e-03,4.795593209803133104e-03,6.620626850391038952e-03,7.540407823436291457e-01,1.938376979767621883e-02,7.540407823436291457e-01,5.440159549929606680e-02,4.434885539164180705e-04,9.999907127919168692e-01,4.489053165235914154e-03,9.999907127919168692e-01,9.999907127919168692e-01,7.540407823436291457e-01,1.962609424707467687e-03,1.789152924689045923e-02,9.999907127919168692e-01
4.220407894138243285e-03,-1.566368264011946910e-03,4.229086016044840760e-03,1.000000000000000000e+00,1.000000000000000000e+00,1.000000000000000000e+00,3.702719223414088767e-01,-3.961051270569132358e-03,1.000000000000000000e+00,5.123340921294794459e-03,1.000000000000000000e+00,1.000000000000000000e+00,1.000000000000000000e+00,-7.081404988549186430e-03,1.000000000000000000e+00,1.000000000000000000e+00
4.263568569422361066e-04,3.298307607969843628e-03,5.676014356541279199e-03,-1.792160213000172512e-03,-8.277035324128746924e-04,-1.792160213000172512e-03,-2.786472760328374820e-03,-2.159412867634013557e-03,-4.810350624975981253e-04,1.300051794099016996e-03,-4.810350624975981253e-04,-4.810350624975981253e-04,-1.792160213000172512e-03,2.419090703717586416e-03,-7.006337550104994177e-04,-4.810350624975981253e-04
4.220407894138243285e-03,-1.566368264011946910e-03,4.229086016044840760e-03,1.000000000000000000e+00,1.000000000000000000e+00,1.000000000000000000e+00,3.702719223414088767e-01,-3.961051270569132358e-03,1.000000000000000000e+00,5.123340921294794459e-03,1.000000000000000000e+00,1.000000000000000000e+00,1.000000000000000000e+00,-7.081404988549186430e-03,1.000000000000000000e+00,1.000000000000000000e+00
4.220407894138243285e-03,-1.566368264011946910e-03,4.229086016044840760e-03,1.000000000000000000e+00,1.000000000000000000e+00,1.000000000000000000e+00,3.702719223414088767e-01,-3.961051270569132358e-03,1.000000000000000000e+00,5.123340921294794459e-03,1.000000000000000000e+00,1.000000000000000000e+00,1.000000000000000000e+00,-7.081404988549186430e-03,1.000000000000000000e+00,1.000000000000000000e+00
-3.562144460163269629e-03,-6.704185997467105099e-03,-1.582184906523959132e-03,1.000000000000000000e+00,1.000000000000000000e+00,1.000000000000000000e+00,9.933162840773313018e-01,-6.023791497578476380e-03,1.000000000000000000e+00,3.481997752609909853e-03,1.000000000000000000e+00,1.000000000000000000e+00,1.000000000000000000e+00,-1.233525502373881630e-02,9.999999999906200587e-01,1.000000000000000000e+00
3.389055498767603800e-03,4.963077532881811360e-03,7.580300293372238714e-03,-3.768744276875045764e-04,5.331952196727826566e-04,-3.768744276875045764e-04,3.002416702516965113e-03,6.376949942137177113e-04,-8.501637339270138316e-01,5.220201787000753463e-03,-8.501637339270138316e-01,-8.501637339270138316e-01,-3.768744276875045764e-04,1.181203916272322149e-03,9.379851043835425121e-04,-8.501637339270138316e-01
-1.673860440710851598e-03,-4.353045683417398892e-03,5.283600953813324605e-04,5.217920492943290377e-03,1.000000000000000000e+00,5.217920492943290377e-03,1.000000000000000000e+00,-4.312875374520164749e-03,7.248027366650702623e-03,1.544365619821681411e-03,7.248027366650702623e-03,7.248027366650702623e-03,5.217920492943290377e-03,-1.760992212416620821e-03,5.867749892584862154e-03,7.248027366650702623e-03
4.220407894138243285e-03,-1.566368264011946910e-03,4.229086016044840760e-03,1.000000000000000000e+00,1.000000000000000000e+00,1.000000000000000000e+00,3.702719223414088767e-01,-3.961051270569132358e-03,1.000000000000000000e+00,5.123340921294794459e-03,1.000000000000000000e+00,1.000000000000000000e+00,1.000000000000000000e+00,-7.081404988549186430e-03,1.000000000000000000e+00,1.000000000000000000e+00
