1.162822008132934570e+00
6.792619824409484863e-01
6.650010943412780762e-01
6.506069302558898926e-01
6.204428076744079590e-01
5.849985480308532715e-01
5.800939202308654785e-01
5.700752139091491699e-01
5.617247223854064941e-01
5.522194504737854004e-01
5.437537431716918945e-01
5.391655564308166504e-01
5.359193682670593262e-01
5.330362915992736816e-01
5.291516184806823730e-01
5.256381630897521973e-01
5.221055150032043457e-01
5.192181468009948730e-01
5.164775252342224121e-01
5.145024657249450684e-01
5.128545165061950684e-01
5.104770064353942871e-01
5.081284642219543457e-01
5.062075853347778320e-01
5.046908259391784668e-01
5.045911669731140137e-01
5.044427514076232910e-01
5.036346316337585449e-01
5.032334327697753906e-01
5.025096535682678223e-01
5.016785264015197754e-01
5.013976693153381348e-01
5.012077093124389648e-01
5.010604858398437500e-01
5.005434751510620117e-01
5.004549622535705566e-01
