1.161486148834228516e+00
6.854054331779479980e-01
6.623021960258483887e-01
6.636537909507751465e-01
6.474013328552246094e-01
6.135224103927612305e-01
6.005705595016479492e-01
5.747774243354797363e-01
5.781183838844299316e-01
5.691390633583068848e-01
5.578413009643554688e-01
5.469750165939331055e-01
5.508568882942199707e-01
5.451135039329528809e-01
5.317044854164123535e-01
5.324368476867675781e-01
5.307974219322204590e-01
5.226948857307434082e-01
5.212203264236450195e-01
5.202392935752868652e-01
4.945162236690521240e-01
5.241377949714660645e-01
5.192176103591918945e-01
5.060910582542419434e-01
5.004041790962219238e-01
4.912275373935699463e-01
5.165435671806335449e-01
4.900143444538116455e-01
4.941456615924835205e-01
4.974872171878814697e-01
5.055062174797058105e-01
4.986285269260406494e-01
4.968191385269165039e-01
5.067765116691589355e-01
5.014856457710266113e-01
5.052077770233154297e-01
