1.000000000000000000e+00,1.410487294197082520e+00
5.610000000000000000e+02,1.090288832783699036e-01
1.123000000000000000e+03,6.754642724990844727e-02
1.685000000000000000e+03,5.693730339407920837e-02
2.247000000000000000e+03,3.364263847470283508e-02
2.809000000000000000e+03,7.274106144905090332e-02
3.371000000000000000e+03,4.893979430198669434e-02
3.933000000000000000e+03,1.081141829490661621e-01
4.495000000000000000e+03,8.465857058763504028e-02
5.057000000000000000e+03,3.066917881369590759e-03
5.619000000000000000e+03,5.516719818115234375e-02
6.181000000000000000e+03,3.346692025661468506e-02
6.743000000000000000e+03,6.261266022920608521e-02
7.305000000000000000e+03,5.887234210968017578e-02
7.867000000000000000e+03,4.362183809280395508e-02
8.429000000000000000e+03,4.150708392262458801e-02
8.991000000000000000e+03,4.055513069033622742e-02
9.553000000000000000e+03,5.488369241356849670e-02
1.011500000000000000e+04,1.625883392989635468e-02
1.067700000000000000e+04,4.755428805947303772e-02
1.123900000000000000e+04,6.848254054784774780e-02
1.180100000000000000e+04,2.280595712363719940e-02
1.236300000000000000e+04,1.010907068848609924e-02
1.292500000000000000e+04,4.042041301727294922e-02
1.348700000000000000e+04,4.153659194707870483e-02
1.404900000000000000e+04,5.050328746438026428e-02
1.461100000000000000e+04,1.512825861573219299e-02
1.517300000000000000e+04,6.220573186874389648e-02
1.573500000000000000e+04,2.754315733909606934e-02
1.629700000000000000e+04,2.328086644411087036e-02
1.685900000000000000e+04,2.951795049011707306e-02
1.742100000000000000e+04,2.323342673480510712e-02
1.798300000000000000e+04,3.307435289025306702e-02
1.854500000000000000e+04,2.111636288464069366e-02
1.910700000000000000e+04,4.169201012700796127e-03
1.966900000000000000e+04,9.884064085781574249e-03
