2.198664134386490332e+00,2.162354309839429334e+00,2.158080884742958006e+00,3.777260964852757752e-02,4.728517669718712568e-04,3.777260964852757752e-02,3.097005109884776175e-02,2.137418532423907891e+00,0.000000000000000000e+00,1.941908279339259025e+00,0.000000000000000000e+00,0.000000000000000000e+00,3.777260964852757752e-02,2.153213409132149536e+00,2.412142176763154566e-02,0.000000000000000000e+00
2.657920376572292298e+00,2.348126926823169924e+00,2.183286850588046946e+00,1.428421715332660824e+00,1.272212488634977490e+00,1.428421715332660824e+00,1.628718937805388123e+00,2.563175540359225124e+00,1.124631667567882687e+00,2.147057876587496139e+00,1.124631667567882687e+00,1.124631667567882687e+00,1.428421715332660824e+00,2.358036784236901440e+00,1.284943831211421639e+00,1.124631667567882687e+00
1.286918213241733611e+00,1.359569413994904608e+00,1.335038411838468164e+00,3.153728194301947951e-01,1.908448048634454608e-01,3.153728194301947951e-01,1.687128685589414090e-01,1.768263814912643284e+00,3.445797030581161380e-01,1.540894753590691835e+00,3.445797030581161380e-01,3.445797030581161380e-01,3.153728194301947951e-01,2.127536241721827537e+00,2.947845846647396684e-01,3.445797030581161380e-01
2.146387329594290350e+00,2.155844853237795178e+00,1.732959295775799546e+00,0.000000000000000000e+00,2.222143674844119232e-01,0.000000000000000000e+00,2.213911864855617750e-01,2.160634099833259825e+00,0.000000000000000000e+00,1.873506251555227209e+00,0.000000000000000000e+00,0.000000000000000000e+00,0.000000000000000000e+00,1.583057301038934384e+00,0.000000000000000000e+00,0.000000000000000000e+00
2.421620037479442544e+00,2.282199096920521697e+00,1.129707048061391106e+00,0.000000000000000000e+00,8.328400581376627088e-04,0.000000000000000000e+00,1.687677609879756346e-03,2.418396876149927266e+00,1.245334424311295152e-04,1.022586600120121147e-01,1.245334424311295152e-04,1.245334424311295152e-04,0.000000000000000000e+00,2.429307978789438494e+00,0.000000000000000000e+00,1.245334424311295152e-04
0.000000000000000000e+00,0.000000000000000000e+00,0.000000000000000000e+00,0.000000000000000000e+00,0.000000000000000000e+00,0.000000000000000000e+00,0.000000000000000000e+00,5.466441623866558075e-03,0.000000000000000000e+00,0.000000000000000000e+00,0.000000000000000000e+00,0.000000000000000000e+00,0.000000000000000000e+00,0.000000000000000000e+00,0.000000000000000000e+00,0.000000000000000000e+00
3.692887413199059665e-01,4.660012433305382729e-02,2.241282585309818387e-01,6.767681689816527069e-01,2.183347557147499174e-01,6.767681689816527069e-01,2.511688590457197279e-01,3.544107824563980103e-02,4.301357420044951141e-01,4.082259023562073708e-02,4.301357420044951141e-01,4.301357420044951141e-01,6.767681689816527069e-01,4.091940807993523777e-01,1.186687777226325125e-01,4.301357420044951141e-01
1.246858738977607572e+00,1.950040951112896437e+00,1.521738039944466436e+00,0.000000000000000000e+00,2.259197786406730302e-02,0.000000000000000000e+00,1.328150929839466698e-02,1.952359863822493935e+00,4.008265696029411629e-03,1.846743461534060771e+00,4.008265696029411629e-03,4.008265696029411629e-03,0.000000000000000000e+00,1.860441610599082196e+00,9.057576998420699965e-01,4.008265696029411629e-03
2.022445842056185938e+00,2.870563134820258711e+00,2.880717142870707903e+00,0.000000000000000000e+00,0.000000000000000000e+00,0.000000000000000000e+00,0.000000000000000000e+00,2.927171162569720764e+00,0.000000000000000000e+00,2.627299250430951361e+00,0.000000000000000000e+00,0.000000000000000000e+00,0.000000000000000000e+00,2.925279623501410242e+00,0.000000000000000000e+00,0.000000000000000000e+00
1.202415896812453866e+00,1.747825970815028995e+00,2.321809424029197544e+00,6.175981661654077470e-01,6.413542120135389268e-01,6.175981661654077470e-01,6.467184204957447946e-01,1.872558912204112858e+00,6.811346453032456338e-01,1.479416291171219200e+00,6.811346453032456338e-01,6.811346453032456338e-01,6.175981661654077470e-01,1.583396028203424066e+00,8.845854024402797222e-01,6.811346453032456338e-01
7.222879762266529724e-01,7.719843835075153038e-01,1.113813445015694015e+00,3.003649122125352733e+00,3.087957214840571396e+00,3.003649122125352733e+00,3.114381833976949565e+00,5.128227305103791878e-01,3.005584296115557663e+00,1.335791608362342231e+00,3.005584296115557663e+00,3.005584296115557663e+00,3.003649122125352733e+00,4.021285002090735361e-01,2.959457633129204623e+00,3.005584296115557663e+00
2.135626694565871730e+00,1.992809323593974113e+00,2.434893528610700741e+00,2.015179250156506896e-02,6.149183801608160138e-02,2.015179250156506896e-02,4.898319981293752789e-02,2.530507905277772807e+00,4.654608498094603419e-02,1.964879675535485148e+00,4.654608498094603419e-02,4.654608498094603419e-02,2.015179250156506896e-02,2.487589382202713750e+00,2.195992277120240033e-02,4.654608498094603419e-02
2.311904437374323606e-02,2.418275226082187146e-01,5.327386695134919137e-01,5.708998187619727105e-01,6.241989254194777459e-01,5.708998187619727105e-01,5.861979543406050652e-01,1.982810364279430360e-01,7.469029321509879082e-01,6.273515295470133424e-02,7.469029321509879082e-01,7.469029321509879082e-01,5.708998187619727105e-01,1.440943677152972668e-01,5.190450146037619561e-01,7.469029321509879082e-01
1.051638710196129978e+00,9.983569390606135130e-01,4.959358404157683253e-01,1.467719422944355756e-01,8.822885176050476730e-02,1.467719422944355756e-01,9.377469590981490910e-02,1.445995980058796704e+00,2.444531051733065397e-01,7.758758912677876651e-01,2.444531051733065397e-01,2.444531051733065397e-01,1.467719422944355756e-01,1.288131648791022599e+00,3.884358020150102675e-01,2.444531051733065397e-01
3.215534106828272343e+00,3.448636396438814700e+00,3.203588901204057038e+00,2.159020577615592629e+00,2.107085581461433321e+00,2.159020577615592629e+00,2.144983541744295508e+00,3.528816143632866442e+00,2.078740366792771965e+00,2.907712933258153498e+00,2.078740366792771965e+00,2.078740366792771965e+00,2.159020577615592629e+00,3.585640842211432755e+00,2.129387662804219872e+00,2.078740366792771965e+00
5.595441223122179508e-01,7.059257512446492910e-01,1.020732477074488997e+00,1.231515861814841628e+00,1.170133434003219008e+00,1.231515861814841628e+00,1.087535194819793105e+00,9.916798721533268690e-01,1.440746955340728164e+00,6.860623180982656777e-01,1.440746955340728164e+00,1.440746955340728164e+00,1.231515861814841628e+00,1.197865436552092433e+00,1.053026489680632949e+00,1.440746955340728164e+00
1.954003011342138052e-01,5.832026628195308149e-02,8.499691728502511978e-03,1.120833063672762364e+00,1.168989205907564610e+00,1.120833063672762364e+00,1.049837017606478184e+00,3.009556951583363116e-01,1.612935805867891759e+00,5.548771025496535003e-01,1.612935805867891759e+00,1.612935805867891759e+00,1.120833063672762364e+00,3.383974331081844866e-01,1.119995081971865147e+00,1.612935805867891759e+00
3.310225906316190958e-01,6.402640277519822121e-01,5.917127737775444984e-01,2.960689197207102552e-01,1.689460058114491403e-01,2.960689197207102552e-01,2.737991175526985899e-01,5.217200219631195068e-01,2.611983894748846069e-01,1.041093039326369762e+00,2.611983894748846069e-01,2.611983894748846069e-01,2.960689197207102552e-01,7.227798281237483025e-01,4.391261511191260070e-01,2.611983894748846069e-01
2.410252853194833733e+00,8.389620046873460524e-01,2.132447631032846402e+00,0.000000000000000000e+00,1.204673680695123039e-02,0.000000000000000000e+00,0.000000000000000000e+00,1.105612705046951305e+00,8.704641477379482239e-04,2.337166470293595921e+00,8.704641477379482239e-04,8.704641477379482239e-04,0.000000000000000000e+00,2.437129577148880344e+00,1.355990956071764231e-01,8.704641477379482239e-04
7.153408925078110769e-01,1.134700320035335608e+00,1.268023991331574507e+00,8.866491453518392518e-01,9.014261714910389856e-01,8.866491453518392518e-01,8.212757143919588998e-01,1.121818476662156172e+00,9.947227144293719903e-01,6.478125411813380197e-01,9.947227144293719903e-01,9.947227144293719903e-01,8.866491453518392518e-01,1.098766927912947722e+00,8.524749503267230466e-01,9.947227144293719903e-01
1.727262170024914667e+00,2.045916244969703257e+00,1.875639008707366884e+00,7.695216673891991377e-02,7.308027648832648993e-02,7.695216673891991377e-02,7.318678218871355057e-02,1.872305496537592262e+00,8.782364078797399998e-02,5.957046045805327594e-01,8.782364078797399998e-02,8.782364078797399998e-02,7.695216673891991377e-02,1.753657534689409658e+00,1.420055903727188706e-01,8.782364078797399998e-02
1.260233121069177287e+00,8.096824864715017611e-01,7.973561582566617290e-01,1.794140518377389526e-01,1.844236784581880784e-01,1.794140518377389526e-01,1.723545254408236360e-01,1.379032088379972265e-01,1.737800409518968081e-01,9.497264582114439690e-02,1.737800409518968081e-01,1.737800409518968081e-01,1.794140518377389526e-01,1.589406192704700516e+00,2.626012267683108803e-03,1.737800409518968081e-01
1.004304535472329007e-01,2.344275223005752196e+00,2.358842101881236886e+00,1.423693083052057773e-02,1.643544910621130839e-04,1.423693083052057773e-02,1.125315941499138717e-02,2.334091414873910253e+00,1.021514277454116382e-03,1.619546975505727460e+00,1.021514277454116382e-03,1.021514277454116382e-03,1.423693083052057773e-02,2.378894806201060419e+00,1.076045595436880831e-02,1.021514277454116382e-03
1.285423857101704925e+00,1.404368868679739535e-01,4.547278764075599611e-01,3.331767087220214307e-01,2.264128487440757453e-01,3.331767087220214307e-01,3.930122977471910417e-01,1.012020823487546295e+00,2.471153418882749975e-01,5.204860916710458696e-01,2.471153418882749975e-01,2.471153418882749975e-01,3.331767087220214307e-01,1.008785859390627593e+00,3.502976616728119552e-01,2.471153418882749975e-01
0.000000000000000000e+00,0.000000000000000000e+00,1.842921829374972731e-01,2.931928861653432250e-02,0.000000000000000000e+00,2.931928861653432250e-02,6.919318882864899933e-03,1.960642366320826113e-01,6.294071208685636520e-03,0.000000000000000000e+00,6.294071208685636520e-03,6.294071208685636520e-03,2.931928861653432250e-02,2.618267371435649693e-01,6.088699446991086006e-03,6.294071208685636520e-03
5.447923384781461209e-01,1.756205755809787661e-01,2.149690238584298640e-01,1.214342256309464574e+00,1.146372271003201604e+00,1.214342256309464574e+00,1.229068492772057652e+00,4.903089419531170279e-01,1.257147801341488957e+00,1.092612633714452386e+00,1.257147801341488957e+00,1.257147801341488957e+00,1.214342256309464574e+00,4.214916537166573107e-01,1.244206873001530766e+00,1.257147801341488957e+00
1.247607942044851370e+00,2.427149568989989348e+00,2.425302597068366595e+00,2.533968421630561352e-02,0.000000000000000000e+00,2.533968421630561352e-02,2.963744266889989376e-02,2.909670991553866770e+00,0.000000000000000000e+00,2.726446371219935827e+00,0.000000000000000000e+00,0.000000000000000000e+00,2.533968421630561352e-02,2.911396356030309107e+00,5.571568259620107710e-02,0.000000000000000000e+00
9.208584817388327792e-01,9.832413707918021828e-01,8.493679446983151138e-01,1.152005834424926434e+00,1.283447684516431764e+00,1.152005834424926434e+00,1.245609312580199912e+00,1.102153705811360851e+00,1.180703127552988008e+00,5.707160360761918128e-01,1.180703127552988008e+00,1.180703127552988008e+00,1.152005834424926434e+00,7.443030537397135049e-01,1.093614661054743920e+00,1.180703127552988008e+00
1.394723337376490235e+00,1.159357877448201180e+00,9.904806381091475487e-01,7.037627155077643692e-01,6.343350594979710877e-01,7.037627155077643692e-01,3.312452480313368142e-01,1.155383786652237177e+00,9.851787613006308675e-01,9.308031313121318817e-01,9.851787613006308675e-01,9.851787613006308675e-01,7.037627155077643692e-01,1.636026989901438355e+00,7.195365855586715043e-01,9.851787613006308675e-01
1.944116951781325042e+00,2.969246803317219019e+00,2.457954869838431478e+00,0.000000000000000000e+00,0.000000000000000000e+00,0.000000000000000000e+00,0.000000000000000000e+00,3.014231852488592267e+00,0.000000000000000000e+00,1.235795851578586735e+00,0.000000000000000000e+00,0.000000000000000000e+00,0.000000000000000000e+00,2.995589617334189825e+00,0.000000000000000000e+00,0.000000000000000000e+00
1.645875530652119778e+00,1.601585165233700536e+00,1.305725929662003182e+00,1.407493608639924787e+00,1.395121904657571577e+00,1.407493608639924787e+00,1.365882883415906690e+00,1.547463377341045998e+00,1.533067094729631208e+00,7.605855265137506649e-01,1.533067094729631208e+00,1.533067094729631208e+00,1.407493608639924787e+00,1.186485876663937233e+00,1.470774064408033155e+00,1.533067094729631208e+00
6.252972995862364769e-01,2.437093359330901876e-01,2.323050005361437798e-02,1.157143632881343365e+00,1.177276621572673321e+00,1.157143632881343365e+00,1.178765992633998394e+00,1.424179109744727612e-02,1.344663213007152081e+00,2.582803182303905487e-02,1.344663213007152081e+00,1.344663213007152081e+00,1.157143632881343365e+00,1.523214951157569885e-02,1.023755016736686230e+00,1.344663213007152081e+00
1.030727695429959567e+00,9.226868013975035865e-01,2.383886465147952549e+00,0.000000000000000000e+00,0.000000000000000000e+00,0.000000000000000000e+00,0.000000000000000000e+00,2.582958359656913672e+00,0.000000000000000000e+00,2.405225410416278464e+00,0.000000000000000000e+00,0.000000000000000000e+00,0.000000000000000000e+00,2.602441868752066512e+00,0.000000000000000000e+00,0.000000000000000000e+00
1.908822277182480320e-01,3.247026283497689292e-01,1.264816733164479956e-01,6.097113384021213278e-01,7.247403940273215994e-01,6.097113384021213278e-01,6.864885581744601950e-01,4.972372526390245184e-01,6.872563032520702109e-01,0.000000000000000000e+00,6.872563032520702109e-01,6.872563032520702109e-01,6.097113384021213278e-01,2.113010460598161444e-01,8.929108796728542075e-01,6.872563032520702109e-01
0.000000000000000000e+00,4.605128846887964755e-01,4.427717717189807445e-01,0.000000000000000000e+00,0.000000000000000000e+00,0.000000000000000000e+00,0.000000000000000000e+00,2.061528114427346736e-01,0.000000000000000000e+00,3.344427957490552217e-01,0.000000000000000000e+00,0.000000000000000000e+00,0.000000000000000000e+00,2.007001887832302600e-01,0.000000000000000000e+00,0.000000000000000000e+00
7.879034852958284318e-01,5.398100742022506893e-01,7.501225373125635087e-01,4.630945089738816023e-01,3.537583258585073054e-01,4.630945089738816023e-01,5.766490022651851177e-01,7.686860351241193712e-01,3.777880177367478609e-01,2.505213895055931062e-01,3.777880177367478609e-01,3.777880177367478609e-01,4.630945089738816023e-01,7.889635501778684556e-01,2.522881794429849833e-01,3.777880177367478609e-01
1.561348245773842791e+00,2.229966570423130179e+00,2.145169477018498583e+00,7.765650661895051599e-05,1.712167021341883810e-01,7.765650661895051599e-05,1.681768054422718706e-01,2.223295030275039608e+00,1.311997453740332276e-03,1.877223346269602189e+00,1.311997453740332276e-03,1.311997453740332276e-03,7.765650661895051599e-05,1.774453761801851215e+00,0.000000000000000000e+00,1.311997453740332276e-03
8.212096744682639837e-01,3.861135513288900256e-01,3.231970862252637744e-01,8.651725577656179667e-01,3.920202523004263639e-01,8.651725577656179667e-01,8.084649892989546061e-01,8.027599134948104620e-01,5.228707760397810489e-01,4.196067943703383207e-01,5.228707760397810489e-01,5.228707760397810489e-01,8.651725577656179667e-01,6.041684588417410851e-01,9.899462538305670023e-01,5.228707760397810489e-01
8.645996793056838214e-01,9.554299267474561930e-01,7.723078260896727443e-01,7.294311920704785734e-01,9.664254117524251342e-03,7.294311920704785734e-01,4.805487889098003507e-01,9.175835086498409510e-01,2.092323623946867883e-02,1.105295550223672763e+00,2.092323623946867883e-02,2.092323623946867883e-02,7.294311920704785734e-01,1.104501204681582749e+00,7.603861560637596995e-01,2.092323623946867883e-02
1.256336076010484248e+00,5.736833050032146275e-01,2.552342112758196890e-01,1.886165115807671100e+00,1.621857616875786334e+00,1.886165115807671100e+00,2.070703573350328952e+00,5.419928123592399061e-01,1.393848333333153278e+00,9.178120126598514616e-01,1.393848333333153278e+00,1.393848333333153278e+00,1.886165115807671100e+00,5.458389680716209114e-01,1.536432433698792011e+00,1.393848333333153278e+00
