9.509413838386535645e-01
6.282511353492736816e-01
5.790823101997375488e-01
5.516155958175659180e-01
5.303918719291687012e-01
5.258754491806030273e-01
5.245161056518554688e-01
5.244660377502441406e-01
5.179788470268249512e-01
5.156164765357971191e-01
5.143825411796569824e-01
5.142838358879089355e-01
5.140717625617980957e-01
5.137621164321899414e-01
5.140658020973205566e-01
5.136625170707702637e-01
5.135000944137573242e-01
5.130843520164489746e-01
5.129150748252868652e-01
5.127870440483093262e-01
5.126677155494689941e-01
5.124800801277160645e-01
5.124119520187377930e-01
5.123468637466430664e-01
5.125184655189514160e-01
5.125032067298889160e-01
5.124443173408508301e-01
5.125536322593688965e-01
5.124167799949645996e-01
5.123703479766845703e-01
5.121666789054870605e-01
5.120314955711364746e-01
5.121588110923767090e-01
5.121468305587768555e-01
5.121920108795166016e-01
5.118015408515930176e-01
