9.879015088081359863e-01
6.535061001777648926e-01
6.063888669013977051e-01
5.814683437347412109e-01
5.692515969276428223e-01
5.714129805564880371e-01
5.538923144340515137e-01
5.601835846900939941e-01
5.493249297142028809e-01
5.396845936775207520e-01
5.552130937576293945e-01
5.372655391693115234e-01
5.348849296569824219e-01
5.378224253654479980e-01
5.273410677909851074e-01
5.487762093544006348e-01
5.440883040428161621e-01
5.322166681289672852e-01
5.204194784164428711e-01
5.235657095909118652e-01
5.353419184684753418e-01
5.421432852745056152e-01
5.599501132965087891e-01
5.465987324714660645e-01
5.519070625305175781e-01
5.278142094612121582e-01
5.415127873420715332e-01
5.314258933067321777e-01
5.439401268959045410e-01
5.273234844207763672e-01
5.349849462509155273e-01
5.399721860885620117e-01
5.252012610435485840e-01
5.366573333740234375e-01
5.301434397697448730e-01
5.365379452705383301e-01
