1.000000000000000000e+00,8.699297904968261719e-01
5.610000000000000000e+02,7.305598258972167969e-02
1.123000000000000000e+03,5.845876410603523254e-02
1.685000000000000000e+03,5.222539231181144714e-02
2.247000000000000000e+03,5.558625236153602600e-02
2.809000000000000000e+03,7.640250772237777710e-02
3.371000000000000000e+03,6.790496408939361572e-02
3.933000000000000000e+03,7.193573564291000366e-02
4.495000000000000000e+03,4.554141685366630554e-02
5.057000000000000000e+03,1.384033914655447006e-02
5.619000000000000000e+03,8.141198009252548218e-02
6.181000000000000000e+03,4.074743762612342834e-02
6.743000000000000000e+03,8.131390064954757690e-02
7.305000000000000000e+03,4.714173078536987305e-02
7.867000000000000000e+03,3.699458763003349304e-02
8.429000000000000000e+03,4.692995175719261169e-02
8.991000000000000000e+03,5.880706384778022766e-02
9.553000000000000000e+03,9.338545799255371094e-02
1.011500000000000000e+04,2.002460416406393051e-03
1.067700000000000000e+04,4.636729881167411804e-02
1.123900000000000000e+04,5.888834223151206970e-02
1.180100000000000000e+04,2.455141395330429077e-02
1.236300000000000000e+04,1.005906052887439728e-02
1.292500000000000000e+04,6.062725186347961426e-02
1.348700000000000000e+04,5.470048263669013977e-02
1.404900000000000000e+04,1.176048815250396729e-01
1.461100000000000000e+04,2.818634361028671265e-02
1.517300000000000000e+04,6.515076756477355957e-02
1.573500000000000000e+04,5.371136963367462158e-02
1.629700000000000000e+04,3.954118117690086365e-02
1.685900000000000000e+04,3.458849713206291199e-02
1.742100000000000000e+04,2.933300286531448364e-02
1.798300000000000000e+04,4.005419835448265076e-02
1.854500000000000000e+04,3.149583563208580017e-02
1.910700000000000000e+04,4.260869696736335754e-03
1.966900000000000000e+04,3.497000783681869507e-02
