1.000000000000000000e+00,5.378881931304931641e+00
5.610000000000000000e+02,8.344073891639709473e-01
1.123000000000000000e+03,7.566423416137695312e-01
1.685000000000000000e+03,6.652603745460510254e-01
2.247000000000000000e+03,6.368693709373474121e-01
2.809000000000000000e+03,5.494089722633361816e-01
3.371000000000000000e+03,4.875837564468383789e-01
3.933000000000000000e+03,4.484689831733703613e-01
4.495000000000000000e+03,4.153494834899902344e-01
5.057000000000000000e+03,3.544612526893615723e-01
5.619000000000000000e+03,3.252230286598205566e-01
6.181000000000000000e+03,3.135777115821838379e-01
6.743000000000000000e+03,3.385780751705169678e-01
7.305000000000000000e+03,2.848251461982727051e-01
7.867000000000000000e+03,3.140175044536590576e-01
8.429000000000000000e+03,3.225804567337036133e-01
8.991000000000000000e+03,2.969068586826324463e-01
9.553000000000000000e+03,2.761501967906951904e-01
1.011500000000000000e+04,2.636992335319519043e-01
1.067700000000000000e+04,1.890895664691925049e-01
1.123900000000000000e+04,2.311748713254928589e-01
1.180100000000000000e+04,2.602567076683044434e-01
1.236300000000000000e+04,2.256560772657394409e-01
1.292500000000000000e+04,2.376681417226791382e-01
1.348700000000000000e+04,2.291046679019927979e-01
1.404900000000000000e+04,1.741346865892410278e-01
1.461100000000000000e+04,2.227933555841445923e-01
