1.000000000000000000e+00,1.051830172538757324e+00
5.610000000000000000e+02,1.387494355440139771e-01
1.123000000000000000e+03,6.093822047114372253e-02
1.685000000000000000e+03,6.169640645384788513e-02
2.247000000000000000e+03,5.254923179745674133e-02
2.809000000000000000e+03,7.201690226793289185e-02
3.371000000000000000e+03,4.129130765795707703e-02
3.933000000000000000e+03,6.078957393765449524e-02
4.495000000000000000e+03,5.542135238647460938e-02
5.057000000000000000e+03,6.684891413897275925e-03
5.619000000000000000e+03,5.002789199352264404e-02
6.181000000000000000e+03,1.608749851584434509e-02
6.743000000000000000e+03,4.858049750328063965e-02
7.305000000000000000e+03,2.264696545898914337e-02
7.867000000000000000e+03,1.589000783860683441e-02
8.429000000000000000e+03,1.954416185617446899e-02
8.991000000000000000e+03,1.824116520583629608e-02
9.553000000000000000e+03,4.056926071643829346e-02
1.011500000000000000e+04,6.078882142901420593e-03
1.067700000000000000e+04,5.104433372616767883e-02
1.123900000000000000e+04,3.802380710840225220e-02
1.180100000000000000e+04,1.248510088771581650e-02
1.236300000000000000e+04,2.244366798549890518e-03
1.292500000000000000e+04,2.518142573535442352e-02
1.348700000000000000e+04,3.622839227318763733e-02
1.404900000000000000e+04,3.078320622444152832e-02
1.461100000000000000e+04,4.703397396951913834e-03
1.517300000000000000e+04,1.737162284553050995e-02
1.573500000000000000e+04,3.802073001861572266e-02
1.629700000000000000e+04,2.937357686460018158e-02
1.685900000000000000e+04,1.383563037961721420e-02
1.742100000000000000e+04,4.175185039639472961e-02
1.798300000000000000e+04,3.426152095198631287e-02
1.854500000000000000e+04,2.230367623269557953e-03
1.910700000000000000e+04,3.001149743795394897e-03
1.966900000000000000e+04,1.297610159963369370e-02
