1.000000000000000000e+00,2.940619707107543945e+00
1.124000000000000000e+03,5.371239781379699707e-01
2.249000000000000000e+03,3.030599057674407959e-01
3.374000000000000000e+03,2.764333486557006836e-01
4.499000000000000000e+03,2.282303422689437866e-01
5.624000000000000000e+03,3.044238686561584473e-01
6.749000000000000000e+03,1.550503820180892944e-01
7.874000000000000000e+03,1.251262426376342773e-01
8.999000000000000000e+03,1.738390922546386719e-01
1.012400000000000000e+04,1.283023804426193237e-01
1.124900000000000000e+04,1.375354230403900146e-01
1.237400000000000000e+04,1.513630598783493042e-01
1.349900000000000000e+04,1.354319304227828979e-01
1.462400000000000000e+04,1.223656013607978821e-01
1.574900000000000000e+04,1.266508549451828003e-01
1.687400000000000000e+04,1.108323931694030762e-01
1.799900000000000000e+04,1.012034863233566284e-01
1.912400000000000000e+04,6.608746945858001709e-02
