1.000000000000000000e+00,9.753697514533996582e-01
5.610000000000000000e+02,1.113668009638786316e-01
1.123000000000000000e+03,5.442947149276733398e-02
1.685000000000000000e+03,4.979267716407775879e-02
2.247000000000000000e+03,4.737143591046333313e-02
2.809000000000000000e+03,6.590074300765991211e-02
3.371000000000000000e+03,3.447074443101882935e-02
3.933000000000000000e+03,4.841068014502525330e-02
4.495000000000000000e+03,4.063087329268455505e-02
5.057000000000000000e+03,4.291626624763011932e-03
5.619000000000000000e+03,6.497780233621597290e-02
6.181000000000000000e+03,3.404488787055015564e-02
6.743000000000000000e+03,4.559388756752014160e-02
7.305000000000000000e+03,4.074775800108909607e-02
7.867000000000000000e+03,8.693512529134750366e-03
8.429000000000000000e+03,1.298894081264734268e-02
8.991000000000000000e+03,2.914834953844547272e-02
9.553000000000000000e+03,3.875711560249328613e-02
1.011500000000000000e+04,8.863007649779319763e-03
1.067700000000000000e+04,3.364719077944755554e-02
1.123900000000000000e+04,3.596091270446777344e-02
1.180100000000000000e+04,3.597295843064785004e-03
1.236300000000000000e+04,3.740904619917273521e-03
1.292500000000000000e+04,1.343155372887849808e-02
1.348700000000000000e+04,9.980815462768077850e-03
1.404900000000000000e+04,2.252950333058834076e-02
1.461100000000000000e+04,6.918173748999834061e-03
1.517300000000000000e+04,4.940661787986755371e-02
1.573500000000000000e+04,1.973707601428031921e-02
1.629700000000000000e+04,1.052805874496698380e-02
1.685900000000000000e+04,8.018462918698787689e-03
1.742100000000000000e+04,7.960987277328968048e-03
1.798300000000000000e+04,1.118970010429620743e-02
1.854500000000000000e+04,1.194233889691531658e-03
1.910700000000000000e+04,2.644006861373782158e-03
1.966900000000000000e+04,2.319814084330573678e-04
