3.323912515213467422e-03,9.995443961813624822e-01,-8.964863889633556057e-04,2.069136544526103093e-03,8.220096269597895961e-04,2.484061272939894725e-03,2.749411709504559053e-03,-1.378447643716784179e-03,1.744686661781201737e-03,1.085371199115731241e-04,2.484061272939894725e-03,2.331732614942110676e-03,2.370575218790602155e-03,-7.827347766242310611e-04,2.331732614942110676e-03,2.484061272939894725e-03
4.720048693169974670e-03,7.431828863653110098e-05,-6.777456526682087545e-04,-1.837559226017377667e-03,-1.378614419933253763e-03,-1.099770187150408626e-02,7.043144503860200838e-04,5.062437772673990689e-04,1.061765642787698634e-04,1.420874642121205738e-03,-1.099770187150408626e-02,9.280693518892801192e-05,1.227162360158421056e-04,-2.458172026305152939e-04,9.280693518892801192e-05,-1.099770187150408626e-02
5.075646763231910462e-03,2.168006356633531834e-03,7.578592922965401036e-04,1.385905929835856525e-03,8.075210217432064741e-04,1.704929280078512459e-03,1.805367393607277843e-03,-1.193488249585169733e-03,1.850948816012415021e-03,-2.125834008947144460e-04,1.704929280078512459e-03,1.986159605771142377e-03,2.226214438005677965e-03,9.123370540755022578e-04,1.986159605771142377e-03,1.704929280078512459e-03
6.992615800979141288e-03,-3.074654081530134222e-03,2.787720044537851747e-03,9.432714092571672579e-03,1.000000000000000000e+00,1.000000000000000000e+00,1.000000000000000000e+00,2.826070587917934142e-04,1.000000000000000000e+00,3.873860815806326810e-03,1.000000000000000000e+00,1.000000000000000000e+00,1.000000000000000000e+00,-7.806964400788464487e-03,1.000000000000000000e+00,1.000000000000000000e+00
6.795016157120884089e-03,-3.855331553597499041e-03,-8.344870540382477372e-03,1.000000000000000000e+00,9.999056433728293891e-01,9.999998018527865851e-01,9.999999999999998890e-01,-3.726861662118946192e-04,1.000000000000000000e+00,3.163174430355394917e-03,9.999998018527865851e-01,1.000000000000000000e+00,9.999974169885335051e-01,-9.083341460264968484e-03,1.000000000000000000e+00,9.999998018527865851e-01
7.722002701939271845e-03,4.671520766814031729e-03,-8.247811119900577605e-04,1.000000000000000000e+00,1.000000000000000000e+00,1.000000000000000000e+00,1.000000000000000000e+00,5.372822285404265513e-03,1.000000000000000000e+00,4.976646367731030023e-03,1.000000000000000000e+00,1.000000000000000000e+00,1.000000000000000000e+00,-1.181693885427280042e-03,1.000000000000000000e+00,1.000000000000000000e+00
7.311142957868084838e-03,2.940563437771227025e-03,-7.422368574877077733e-03,6.683961881117564743e-03,8.789655549814509028e-01,6.911272577256205932e-03,3.761568586205073055e-03,3.888808869465269422e-03,5.234056098414483979e-03,4.726572314311367796e-03,6.911272577256205932e-03,7.439029227893099137e-03,1.000000000000000000e+00,-7.862223407180261511e-03,7.439029227893099137e-03,6.911272577256205932e-03
5.468673033867245230e-03,2.016900456818265363e-03,-1.327803428343429966e-03,1.744415600137920290e-03,7.443265360740007434e-04,2.060127451956614199e-03,2.423897879060390829e-03,-1.430522549434996187e-04,1.676262460699031419e-03,-3.393418984252114532e-04,2.060127451956614199e-03,2.095301904141344193e-03,2.249233936883938273e-03,8.507946336954469056e-04,2.095301904141344193e-03,2.060127451956614199e-03
7.870208531841406049e-03,-1.137946223953632298e-02,-1.048519758346600113e-02,8.187055432853087081e-03,1.000000000000000000e+00,5.879146729663449200e-01,6.571226325197097005e-03,-1.074728561701980036e-02,7.232731463663899865e-03,-5.009844712751359945e-03,5.879146729663449200e-01,7.195131987518965655e-01,1.000000000000000000e+00,-1.378028895069122878e-02,7.195131987518965655e-01,5.879146729663449200e-01
3.483037783171254436e-03,1.934016488412119116e-03,4.845666850765490059e-04,1.167273583149281796e-04,-6.139879882297599343e-04,4.391817912883994642e-04,1.065805360785646114e-03,3.491897784809688365e-04,4.977903298692136665e-04,1.866490748633408032e-03,4.391817912883994642e-04,5.391153618165822874e-04,9.826889232390527071e-04,1.235527380882909566e-03,5.391153618165822874e-04,4.391817912883994642e-04
7.722002701939271845e-03,4.671520766814031729e-03,-8.247811119900577605e-04,1.000000000000000000e+00,1.000000000000000000e+00,1.000000000000000000e+00,1.000000000000000000e+00,5.372822285404265513e-03,1.000000000000000000e+00,4.976646367731030023e-03,1.000000000000000000e+00,1.000000000000000000e+00,1.000000000000000000e+00,-1.181693885427280042e-03,1.000000000000000000e+00,1.000000000000000000e+00
7.324344953110078701e-03,-4.463304506633519395e-03,-4.266517506951007267e-03,1.025573926758540158e-02,1.000000000000000000e+00,1.000000000000000000e+00,1.000000000000000000e+00,-2.310150289337114561e-03,1.000000000000000000e+00,1.603533261603917216e-03,1.000000000000000000e+00,1.000000000000000000e+00,1.000000000000000000e+00,-8.231174371785103527e-03,1.000000000000000000e+00,1.000000000000000000e+00
6.400568659382571690e-03,-3.866646064127855862e-03,-1.328003586606848335e-02,6.840576369570956425e-03,5.164358152724610705e-03,7.908044940440240797e-03,1.000000000000000000e+00,-5.574983533402850036e-03,1.000000000000000000e+00,-1.864360685300730245e-03,7.908044940440240797e-03,7.328017712615063350e-03,5.661648469978475436e-03,-1.096173379821846136e-02,7.328017712615063350e-03,7.908044940440240797e-03
4.428590250520651576e-03,9.941876517859408666e-04,1.973660870046909348e-05,-8.961367748419510858e-04,-1.289322067366113420e-03,-2.800085719133775975e-04,1.016163807745515922e-03,-1.584754116452590910e-03,-9.444830893505834946e-05,4.941117260864360790e-04,-2.800085719133775975e-04,-1.136366590927760916e-04,2.934469454156352053e-04,-2.672234526513138646e-04,-1.136366590927760916e-04,-2.800085719133775975e-04
7.324344953110078701e-03,-4.463304506633519395e-03,-4.266517506951007267e-03,1.025573926758540158e-02,1.000000000000000000e+00,1.000000000000000000e+00,1.000000000000000000e+00,-2.310150289337114561e-03,1.000000000000000000e+00,1.603533261603917216e-03,1.000000000000000000e+00,1.000000000000000000e+00,1.000000000000000000e+00,-8.231174371785103527e-03,1.000000000000000000e+00,1.000000000000000000e+00
7.722002701939271845e-03,4.671520766814031729e-03,-8.247811119900577605e-04,1.000000000000000000e+00,1.000000000000000000e+00,1.000000000000000000e+00,1.000000000000000000e+00,5.372822285404265513e-03,1.000000000000000000e+00,4.976646367731030023e-03,1.000000000000000000e+00,1.000000000000000000e+00,1.000000000000000000e+00,-1.181693885427280042e-03,1.000000000000000000e+00,1.000000000000000000e+00
