1.000000000000000000e+00,1.255406856536865234e+00
1.124000000000000000e+03,4.524119794368743896e-01
2.249000000000000000e+03,3.167175948619842529e-01
3.374000000000000000e+03,3.081958293914794922e-01
4.499000000000000000e+03,2.742434740066528320e-01
5.624000000000000000e+03,3.058625757694244385e-01
6.749000000000000000e+03,1.945096552371978760e-01
7.874000000000000000e+03,2.029709219932556152e-01
8.999000000000000000e+03,2.122171670198440552e-01
1.012400000000000000e+04,1.820309758186340332e-01
1.124900000000000000e+04,1.951043158769607544e-01
1.237400000000000000e+04,1.777231991291046143e-01
1.349900000000000000e+04,1.551261544227600098e-01
1.462400000000000000e+04,1.229714900255203247e-01
1.574900000000000000e+04,1.468674838542938232e-01
1.687400000000000000e+04,1.135361194610595703e-01
1.799900000000000000e+04,1.348778158426284790e-01
1.912400000000000000e+04,8.524698764085769653e-02
