1.139816999435424805e+00
3.374899327754974365e-01
2.791232168674468994e-01
2.297643572092056274e-01
1.981770247220993042e-01
1.756144613027572632e-01
1.670456528663635254e-01
1.632672399282455444e-01
1.602919101715087891e-01
1.577838808298110962e-01
1.558346003293991089e-01
1.543882936239242554e-01
1.532457023859024048e-01
1.523011922836303711e-01
1.517628282308578491e-01
1.511169821023941040e-01
1.502142399549484253e-01
1.493118554353713989e-01
1.478509753942489624e-01
1.461014598608016968e-01
1.442883759737014771e-01
1.428193449974060059e-01
1.412112265825271606e-01
1.397112756967544556e-01
1.385670602321624756e-01
1.374846845865249634e-01
1.364578455686569214e-01
