1.123732328414916992e+00
3.703749179840087891e-01
2.909280359745025635e-01
2.631939053535461426e-01
2.260406166315078735e-01
1.769044995307922363e-01
1.623224020004272461e-01
1.759928464889526367e-01
1.659809052944183350e-01
1.629699319601058960e-01
1.442430615425109863e-01
1.461832970380783081e-01
1.820667386054992676e-01
1.395163983106613159e-01
1.364208012819290161e-01
1.356069147586822510e-01
1.263121217489242554e-01
1.755274087190628052e-01
1.114807948470115662e-01
1.674006432294845581e-01
1.297767907381057739e-01
1.600122004747390747e-01
1.518553644418716431e-01
1.351267546415328979e-01
1.518715173006057739e-01
1.645333468914031982e-01
1.454800516366958618e-01
