1.000000000000000000e+00,3.058333873748779297e+00
5.610000000000000000e+02,8.051058053970336914e-01
1.123000000000000000e+03,7.304092049598693848e-01
1.685000000000000000e+03,6.362183094024658203e-01
2.247000000000000000e+03,5.142629146575927734e-01
2.809000000000000000e+03,4.737372398376464844e-01
3.371000000000000000e+03,4.496826231479644775e-01
3.933000000000000000e+03,3.865909576416015625e-01
4.495000000000000000e+03,3.511928021907806396e-01
5.057000000000000000e+03,3.581654131412506104e-01
5.619000000000000000e+03,3.155191838741302490e-01
6.181000000000000000e+03,2.948187887668609619e-01
6.743000000000000000e+03,3.014796376228332520e-01
7.305000000000000000e+03,2.328556030988693237e-01
7.867000000000000000e+03,3.133213818073272705e-01
8.429000000000000000e+03,2.667524218559265137e-01
8.991000000000000000e+03,2.581976056098937988e-01
9.553000000000000000e+03,2.102950066328048706e-01
1.011500000000000000e+04,2.240876555442810059e-01
1.067700000000000000e+04,1.384506374597549438e-01
1.123900000000000000e+04,2.207516878843307495e-01
1.180100000000000000e+04,1.939172595739364624e-01
1.236300000000000000e+04,2.212754487991333008e-01
1.292500000000000000e+04,2.254635691642761230e-01
1.348700000000000000e+04,1.719588041305541992e-01
1.404900000000000000e+04,1.196038872003555298e-01
1.461100000000000000e+04,1.830048561096191406e-01
