2.247985363006591797e+00
3.883682191371917725e-01
2.118591070175170898e-01
1.355523914098739624e-01
1.079570427536964417e-01
9.491471201181411743e-02
8.856076002120971680e-02
8.617374300956726074e-02
8.218425512313842773e-02
7.822502404451370239e-02
7.668791711330413818e-02
7.500944286584854126e-02
7.445672899484634399e-02
7.423398643732070923e-02
7.104127109050750732e-02
6.944812834262847900e-02
6.852320581674575806e-02
6.691054254770278931e-02
6.629242748022079468e-02
6.706905364990234375e-02
6.702942401170730591e-02
6.615760177373886108e-02
6.376661360263824463e-02
6.169489398598670959e-02
6.058333441615104675e-02
5.721448734402656555e-02
5.465622618794441223e-02
