1.019081592559814453e+00
9.997711181640625000e-01
2.906346619129180908e-01
2.742503583431243896e-01
2.551256120204925537e-01
2.263000458478927612e-01
1.867766529321670532e-01
1.993249505758285522e-01
2.025093585252761841e-01
1.949814558029174805e-01
1.886782497167587280e-01
1.805599480867385864e-01
1.947521418333053589e-01
1.802435517311096191e-01
1.812157034873962402e-01
1.852799654006958008e-01
1.619714498519897461e-01
1.840626001358032227e-01
1.527878642082214355e-01
1.947668343782424927e-01
1.864037960767745972e-01
2.048507928848266602e-01
1.875218302011489868e-01
1.790513843297958374e-01
1.972798258066177368e-01
1.998023837804794312e-01
1.613087058067321777e-01
