1.000000000000000000e+00,8.054604530334472656e+00
5.610000000000000000e+02,8.074890971183776855e-01
1.123000000000000000e+03,7.551496028900146484e-01
1.685000000000000000e+03,6.922793388366699219e-01
2.247000000000000000e+03,6.075534820556640625e-01
2.809000000000000000e+03,5.347396135330200195e-01
3.371000000000000000e+03,4.999505877494812012e-01
3.933000000000000000e+03,4.415704011917114258e-01
4.495000000000000000e+03,4.157753884792327881e-01
5.057000000000000000e+03,3.392125964164733887e-01
5.619000000000000000e+03,3.333745300769805908e-01
6.181000000000000000e+03,2.823388278484344482e-01
6.743000000000000000e+03,3.038043975830078125e-01
7.305000000000000000e+03,2.888886332511901855e-01
7.867000000000000000e+03,2.939073443412780762e-01
8.429000000000000000e+03,3.038474917411804199e-01
8.991000000000000000e+03,2.785257399082183838e-01
9.553000000000000000e+03,2.880652248859405518e-01
1.011500000000000000e+04,2.484798878431320190e-01
1.067700000000000000e+04,1.819808781147003174e-01
1.123900000000000000e+04,2.294169962406158447e-01
1.180100000000000000e+04,2.628363966941833496e-01
1.236300000000000000e+04,2.198929935693740845e-01
1.292500000000000000e+04,2.368816435337066650e-01
1.348700000000000000e+04,2.555218935012817383e-01
1.404900000000000000e+04,1.811570227146148682e-01
1.461100000000000000e+04,2.078055441379547119e-01
