9.953896403312683105e-01
6.666666865348815918e-01
6.666666269302368164e-01
6.666666865348815918e-01
6.666666865348815918e-01
6.666666865348815918e-01
6.666666269302368164e-01
6.666666865348815918e-01
6.666666269302368164e-01
6.666666269302368164e-01
6.666666865348815918e-01
6.666666865348815918e-01
6.666666269302368164e-01
6.666666269302368164e-01
6.666666269302368164e-01
6.666666865348815918e-01
6.666666865348815918e-01
6.666666269302368164e-01
6.666666269302368164e-01
6.666666269302368164e-01
6.666666865348815918e-01
6.666666865348815918e-01
6.666666865348815918e-01
6.666666269302368164e-01
6.666665673255920410e-01
6.666666269302368164e-01
6.666668057441711426e-01
6.666667461395263672e-01
6.666667461395263672e-01
6.666666865348815918e-01
6.666666865348815918e-01
6.666666865348815918e-01
6.666667461395263672e-01
6.666666269302368164e-01
6.666666269302368164e-01
6.666666865348815918e-01
