1.000000000000000000e+00,4.044764518737792969e+00
5.610000000000000000e+02,7.838267087936401367e-01
1.123000000000000000e+03,7.375746965408325195e-01
1.685000000000000000e+03,6.452646255493164062e-01
2.247000000000000000e+03,5.764635801315307617e-01
2.809000000000000000e+03,5.059325695037841797e-01
3.371000000000000000e+03,4.810446500778198242e-01
3.933000000000000000e+03,4.357311725616455078e-01
4.495000000000000000e+03,4.232179820537567139e-01
5.057000000000000000e+03,3.957946598529815674e-01
5.619000000000000000e+03,3.799781203269958496e-01
6.181000000000000000e+03,3.085683286190032959e-01
6.743000000000000000e+03,3.257006704807281494e-01
7.305000000000000000e+03,3.072483837604522705e-01
7.867000000000000000e+03,3.011126518249511719e-01
8.429000000000000000e+03,3.142243027687072754e-01
8.991000000000000000e+03,3.134502470493316650e-01
9.553000000000000000e+03,2.968784868717193604e-01
1.011500000000000000e+04,2.750707864761352539e-01
1.067700000000000000e+04,2.087392657995223999e-01
1.123900000000000000e+04,2.235015779733657837e-01
1.180100000000000000e+04,2.266748398542404175e-01
1.236300000000000000e+04,2.364137321710586548e-01
1.292500000000000000e+04,2.278471291065216064e-01
1.348700000000000000e+04,2.106249034404754639e-01
1.404900000000000000e+04,1.821316778659820557e-01
1.461100000000000000e+04,1.704998463392257690e-01
