9.886733889579772949e-01
2.448090463876724243e-01
1.413924098014831543e-01
1.006451174616813660e-01
7.980447262525558472e-02
6.874130666255950928e-02
6.164100766181945801e-02
5.534434691071510315e-02
5.019580200314521790e-02
4.731375351548194885e-02
4.429182037711143494e-02
4.195447638630867004e-02
3.986459970474243164e-02
3.738841414451599121e-02
3.487971797585487366e-02
3.294699266552925110e-02
3.230850026011466980e-02
3.160343691706657410e-02
3.283569589257240295e-02
3.240483999252319336e-02
3.225232660770416260e-02
3.246894106268882751e-02
3.298275545239448547e-02
3.395150229334831238e-02
3.466724604368209839e-02
3.526076301932334900e-02
3.538720309734344482e-02
