9.893457293510437012e-01
2.770986557006835938e-01
1.786898374557495117e-01
1.331147253513336182e-01
1.349436491727828979e-01
9.396488219499588013e-02
5.461722984910011292e-02
8.872257918119430542e-02
7.182721048593521118e-02
7.950202375650405884e-02
4.369942471385002136e-02
6.394935399293899536e-02
5.749358236789703369e-02
5.190141871571540833e-02
5.164159461855888367e-02
4.574120044708251953e-02
4.697765409946441650e-02
9.532824158668518066e-02
2.825374901294708252e-02
6.654671579599380493e-02
5.887123942375183105e-02
5.693021044135093689e-02
4.602397605776786804e-02
4.729858040809631348e-02
3.221092745661735535e-02
5.738715827465057373e-02
6.302536278963088989e-02
