1.000000000000000000e+00,3.675918102264404297e+00
5.610000000000000000e+02,7.770508527755737305e-01
1.123000000000000000e+03,7.363418340682983398e-01
1.685000000000000000e+03,6.447864174842834473e-01
2.247000000000000000e+03,5.703727602958679199e-01
2.809000000000000000e+03,5.053215026855468750e-01
3.371000000000000000e+03,4.602180123329162598e-01
3.933000000000000000e+03,4.310080409049987793e-01
4.495000000000000000e+03,3.984461426734924316e-01
5.057000000000000000e+03,3.081690967082977295e-01
5.619000000000000000e+03,3.921514749526977539e-01
6.181000000000000000e+03,2.955974936485290527e-01
6.743000000000000000e+03,2.938127517700195312e-01
7.305000000000000000e+03,2.795852422714233398e-01
7.867000000000000000e+03,2.842125594615936279e-01
8.429000000000000000e+03,2.666054666042327881e-01
8.991000000000000000e+03,2.549652755260467529e-01
9.553000000000000000e+03,2.766066491603851318e-01
1.011500000000000000e+04,2.406018525362014771e-01
1.067700000000000000e+04,1.723871380090713501e-01
1.123900000000000000e+04,2.056792527437210083e-01
1.180100000000000000e+04,2.278292477130889893e-01
1.236300000000000000e+04,2.162242233753204346e-01
1.292500000000000000e+04,2.576294839382171631e-01
1.348700000000000000e+04,2.006178498268127441e-01
1.404900000000000000e+04,1.807739734649658203e-01
1.461100000000000000e+04,2.184388786554336548e-01
