1.000000000000000000e+00,2.211791038513183594e+00
5.610000000000000000e+02,7.657687067985534668e-01
1.123000000000000000e+03,6.672846674919128418e-01
1.685000000000000000e+03,5.918136835098266602e-01
2.247000000000000000e+03,4.786361753940582275e-01
2.809000000000000000e+03,3.591065406799316406e-01
3.371000000000000000e+03,3.444065451622009277e-01
3.933000000000000000e+03,2.873446047306060791e-01
4.495000000000000000e+03,2.957939505577087402e-01
5.057000000000000000e+03,2.540895044803619385e-01
5.619000000000000000e+03,2.575542330741882324e-01
6.181000000000000000e+03,2.603736519813537598e-01
6.743000000000000000e+03,2.686141729354858398e-01
7.305000000000000000e+03,1.999844312667846680e-01
7.867000000000000000e+03,2.334828525781631470e-01
8.429000000000000000e+03,2.282639741897583008e-01
8.991000000000000000e+03,2.004389017820358276e-01
9.553000000000000000e+03,1.977101117372512817e-01
1.011500000000000000e+04,1.534339636564254761e-01
1.067700000000000000e+04,1.796949356794357300e-01
1.123900000000000000e+04,1.958175301551818848e-01
1.180100000000000000e+04,2.287536412477493286e-01
1.236300000000000000e+04,1.853748261928558350e-01
1.292500000000000000e+04,1.333815753459930420e-01
1.348700000000000000e+04,9.519735723733901978e-02
1.404900000000000000e+04,9.901010245084762573e-02
1.461100000000000000e+04,1.565891206264495850e-01
