9.894933104515075684e-01
6.242962479591369629e-01
5.951925516128540039e-01
5.660984516143798828e-01
5.580900907516479492e-01
5.529428720474243164e-01
5.483365654945373535e-01
5.453358292579650879e-01
5.434591174125671387e-01
5.442977547645568848e-01
5.451158881187438965e-01
5.451261997222900391e-01
5.453353524208068848e-01
5.453985929489135742e-01
5.438548922538757324e-01
5.411204695701599121e-01
5.394108295440673828e-01
5.381017923355102539e-01
5.372050404548645020e-01
5.350221991539001465e-01
5.325393676757812500e-01
5.303094983100891113e-01
5.286777615547180176e-01
5.274508595466613770e-01
5.261378288269042969e-01
5.239507555961608887e-01
5.219342112541198730e-01
5.203817486763000488e-01
5.187544822692871094e-01
5.181851983070373535e-01
5.177862048149108887e-01
5.175388455390930176e-01
5.172822475433349609e-01
5.167599916458129883e-01
5.161485075950622559e-01
5.162570476531982422e-01
