9.885644912719726562e-01
6.204591393470764160e-01
6.231262087821960449e-01
5.461546778678894043e-01
5.779160857200622559e-01
5.742771625518798828e-01
5.744462609291076660e-01
5.398640036582946777e-01
5.688517689704895020e-01
5.274530053138732910e-01
5.469564199447631836e-01
5.299494862556457520e-01
5.551222562789916992e-01
5.565544962882995605e-01
5.196319818496704102e-01
5.308013558387756348e-01
5.631625652313232422e-01
5.274844765663146973e-01
5.383525490760803223e-01
5.378431677818298340e-01
5.447013378143310547e-01
5.271092653274536133e-01
5.425451993942260742e-01
5.252950787544250488e-01
5.359346270561218262e-01
5.376117229461669922e-01
5.370644927024841309e-01
5.151358246803283691e-01
5.295445919036865234e-01
5.168883204460144043e-01
5.158627033233642578e-01
5.261122584342956543e-01
5.192641615867614746e-01
5.204905867576599121e-01
5.201236605644226074e-01
5.167849659919738770e-01
