9.304990172386169434e-01
6.331834197044372559e-01
6.173483729362487793e-01
5.528157353401184082e-01
5.431022644042968750e-01
5.299065709114074707e-01
5.219165086746215820e-01
5.180490612983703613e-01
5.176168084144592285e-01
5.161638855934143066e-01
5.138819813728332520e-01
5.116143226623535156e-01
5.104840397834777832e-01
5.097188949584960938e-01
5.091536045074462891e-01
5.088230967521667480e-01
5.087623000144958496e-01
5.080780982971191406e-01
5.072055459022521973e-01
5.066494941711425781e-01
5.058313012123107910e-01
5.057116150856018066e-01
5.053914189338684082e-01
5.048954486846923828e-01
5.045767426490783691e-01
5.037794709205627441e-01
5.032598376274108887e-01
5.028571486473083496e-01
5.024019479751586914e-01
5.016900897026062012e-01
5.019838809967041016e-01
5.017384290695190430e-01
5.016255974769592285e-01
5.013941526412963867e-01
5.015980601310729980e-01
5.011891722679138184e-01
