9.251403212547302246e-01
6.683234572410583496e-01
6.219171881675720215e-01
6.003442406654357910e-01
5.496233105659484863e-01
5.305685400962829590e-01
5.259422063827514648e-01
5.117109417915344238e-01
5.073441863059997559e-01
5.038773417472839355e-01
5.081716179847717285e-01
5.023718476295471191e-01
5.045338273048400879e-01
4.999932348728179932e-01
5.022882819175720215e-01
5.101029276847839355e-01
5.072459578514099121e-01
5.036938786506652832e-01
5.022342205047607422e-01
5.007722973823547363e-01
4.983096122741699219e-01
5.063892006874084473e-01
5.041415691375732422e-01
4.963679313659667969e-01
5.064942240715026855e-01
4.987535178661346436e-01
5.117446780204772949e-01
4.959225356578826904e-01
4.994267225265502930e-01
4.943273067474365234e-01
4.963422715663909912e-01
4.965025186538696289e-01
5.006595253944396973e-01
5.014991164207458496e-01
5.010083317756652832e-01
4.999471604824066162e-01
