8.640525817871093750e+00
9.330326914787292480e-01
9.265825748443603516e-01
8.811721801757812500e-01
7.857871055603027344e-01
7.304420471191406250e-01
6.573514938354492188e-01
5.197858214378356934e-01
4.339966773986816406e-01
3.926014900207519531e-01
3.269611001014709473e-01
2.703447341918945312e-01
2.213882058858871460e-01
1.886418312788009644e-01
1.713281720876693726e-01
1.593878865242004395e-01
1.489903628826141357e-01
1.454632431268692017e-01
1.394759267568588257e-01
1.352717429399490356e-01
1.311834901571273804e-01
1.240601018071174622e-01
1.258412897586822510e-01
1.186678409576416016e-01
1.218584999442100525e-01
1.241654679179191589e-01
1.218543350696563721e-01
1.157037913799285889e-01
1.154935359954833984e-01
1.120461449027061462e-01
1.109187975525856018e-01
1.118192076683044434e-01
1.134331747889518738e-01
1.127172037959098816e-01
1.068021282553672791e-01
1.120025441050529480e-01
