8.303067207336425781e+00
9.371125102043151855e-01
9.350143074989318848e-01
8.781731128692626953e-01
7.893447875976562500e-01
7.115634083747863770e-01
6.475945711135864258e-01
5.101590752601623535e-01
4.776982963085174561e-01
3.707440793514251709e-01
3.385711908340454102e-01
2.473054379224777222e-01
2.332188636064529419e-01
1.980768442153930664e-01
1.858921796083450317e-01
1.772791594266891479e-01
1.573527008295059204e-01
1.674550771713256836e-01
1.560343056917190552e-01
2.011963725090026855e-01
1.388833969831466675e-01
1.710239201784133911e-01
1.481775194406509399e-01
1.173106953501701355e-01
1.206586360931396484e-01
1.717779636383056641e-01
1.755948662757873535e-01
1.653882414102554321e-01
1.203514412045478821e-01
1.339981704950332642e-01
1.298845261335372925e-01
1.448516100645065308e-01
8.819235116243362427e-02
1.302759349346160889e-01
1.135733723640441895e-01
1.072580814361572266e-01
