1.000000000000000000e+00,2.646069049835205078e+00
5.610000000000000000e+02,7.687082886695861816e-01
1.123000000000000000e+03,6.882048249244689941e-01
1.685000000000000000e+03,5.825337171554565430e-01
2.247000000000000000e+03,5.132722854614257812e-01
2.809000000000000000e+03,3.560919761657714844e-01
3.371000000000000000e+03,3.318491876125335693e-01
3.933000000000000000e+03,3.578191697597503662e-01
4.495000000000000000e+03,3.846998214721679688e-01
5.057000000000000000e+03,3.124221861362457275e-01
5.619000000000000000e+03,3.157671391963958740e-01
6.181000000000000000e+03,2.633584141731262207e-01
6.743000000000000000e+03,2.821786999702453613e-01
7.305000000000000000e+03,2.253046333789825439e-01
7.867000000000000000e+03,2.489676475524902344e-01
8.429000000000000000e+03,2.576627135276794434e-01
8.991000000000000000e+03,2.201763242483139038e-01
9.553000000000000000e+03,1.773142218589782715e-01
1.011500000000000000e+04,2.552734911441802979e-01
1.067700000000000000e+04,1.827165931463241577e-01
1.123900000000000000e+04,1.743668317794799805e-01
1.180100000000000000e+04,2.031418532133102417e-01
1.236300000000000000e+04,1.795447915792465210e-01
1.292500000000000000e+04,1.787047386169433594e-01
1.348700000000000000e+04,1.295184344053268433e-01
1.404900000000000000e+04,1.560714542865753174e-01
1.461100000000000000e+04,1.501013785600662231e-01
