9.889021515846252441e-01
6.755048632621765137e-01
6.125264763832092285e-01
5.921290516853332520e-01
5.765691399574279785e-01
5.631070137023925781e-01
5.499451160430908203e-01
5.384642481803894043e-01
5.305158495903015137e-01
5.257499217987060547e-01
5.229931473731994629e-01
5.224700570106506348e-01
5.227131843566894531e-01
5.213505029678344727e-01
5.197477936744689941e-01
5.182503461837768555e-01
5.176199674606323242e-01
5.167684555053710938e-01
5.153045058250427246e-01
5.132004618644714355e-01
5.119323730468750000e-01
5.109495520591735840e-01
5.103278756141662598e-01
5.100107192993164062e-01
5.091813206672668457e-01
5.089226961135864258e-01
5.084924101829528809e-01
5.078271627426147461e-01
5.072721838951110840e-01
5.068584680557250977e-01
5.065144896507263184e-01
5.058558583259582520e-01
5.051588416099548340e-01
5.051584839820861816e-01
5.050328373908996582e-01
5.050935745239257812e-01
