9.996836781501770020e-01
6.689887046813964844e-01
5.979322791099548340e-01
5.780168175697326660e-01
5.578081011772155762e-01
5.422775149345397949e-01
5.370286107063293457e-01
5.490716099739074707e-01
5.457451939582824707e-01
5.443767905235290527e-01
5.457102656364440918e-01
5.392891764640808105e-01
5.436150431632995605e-01
5.331233739852905273e-01
5.099177956581115723e-01
5.266955494880676270e-01
5.299991965293884277e-01
5.193758010864257812e-01
5.267152190208435059e-01
5.195105671882629395e-01
5.266652107238769531e-01
5.137901306152343750e-01
5.393509864807128906e-01
5.421745181083679199e-01
5.259214043617248535e-01
5.169963240623474121e-01
5.211783051490783691e-01
5.152093768119812012e-01
5.233905315399169922e-01
5.101708769798278809e-01
5.145258307456970215e-01
5.314230918884277344e-01
5.198382735252380371e-01
5.225090384483337402e-01
5.369083285331726074e-01
5.192304849624633789e-01
