-4.572163522243499756e-01
-2.008433192968368530e-01
-3.825210928916931152e-01
2.295695394277572632e-01
-6.311450600624084473e-01
2.141641527414321899e-01
-6.068663597106933594e-01
-2.099180072546005249e-01
-2.549368441104888916e-01
1.492815278470516205e-02
-4.082943797111511230e-01
2.264140546321868896e-01
-2.317942976951599121e-01
-1.642391532659530640e-01
-2.095234692096710205e-01
1.983650028705596924e-01
-1.748347729444503784e-01
-2.107825428247451782e-01
7.841825485229492188e-02
2.717459201812744141e-02
2.834327816963195801e-01
-2.643814384937286377e-01
2.512801289558410645e-01
-7.134698797017335892e-03
-1.393411010503768921e-01
-4.906774461269378662e-01
-9.905700385570526123e-02
2.321148812770843506e-01
6.206813082098960876e-02
-2.058495283126831055e-01
-9.829672425985336304e-02
-5.113738402724266052e-02
-3.585730493068695068e-01
-2.587395012378692627e-01
-1.448677182197570801e-01
2.158159911632537842e-01
-4.539480507373809814e-01
-1.359210163354873657e-01
-1.958561837673187256e-01
-1.782103329896926880e-01
