1.000000000000000000e+00,1.011369705200195312e+00
5.610000000000000000e+02,8.613722771406173706e-02
1.123000000000000000e+03,5.677179992198944092e-02
1.685000000000000000e+03,4.878399893641471863e-02
2.247000000000000000e+03,3.850321099162101746e-02
2.809000000000000000e+03,5.075189471244812012e-02
3.371000000000000000e+03,4.284549877047538757e-02
3.933000000000000000e+03,4.891628026962280273e-02
4.495000000000000000e+03,1.576829515397548676e-02
5.057000000000000000e+03,1.039056107401847839e-02
5.619000000000000000e+03,3.175717592239379883e-02
6.181000000000000000e+03,1.450477447360754013e-02
6.743000000000000000e+03,4.648923873901367188e-02
7.305000000000000000e+03,2.102061361074447632e-02
7.867000000000000000e+03,1.107092853635549545e-02
8.429000000000000000e+03,1.311367470771074295e-02
8.991000000000000000e+03,2.100356481969356537e-02
9.553000000000000000e+03,6.793791800737380981e-02
1.011500000000000000e+04,1.627901685424149036e-03
1.067700000000000000e+04,3.022534959018230438e-02
1.123900000000000000e+04,2.309326641261577606e-02
1.180100000000000000e+04,1.186825917102396488e-03
1.236300000000000000e+04,1.702404115349054337e-03
1.292500000000000000e+04,3.204255923628807068e-02
1.348700000000000000e+04,2.307861484587192535e-02
1.404900000000000000e+04,3.597905114293098450e-02
1.461100000000000000e+04,6.504820194095373154e-03
1.517300000000000000e+04,2.330291457474231720e-02
1.573500000000000000e+04,3.078613430261611938e-02
1.629700000000000000e+04,3.191075846552848816e-02
1.685900000000000000e+04,2.781162736937403679e-03
1.742100000000000000e+04,6.568533834069967270e-03
1.798300000000000000e+04,1.233195886015892029e-02
1.854500000000000000e+04,8.600183646194636822e-04
1.910700000000000000e+04,1.060144230723381042e-02
1.966900000000000000e+04,9.434379171580076218e-04
