1.000000000000000000e+00,2.171691179275512695e+00
5.610000000000000000e+02,7.399839162826538086e-01
1.123000000000000000e+03,6.628781557083129883e-01
1.685000000000000000e+03,5.947201251983642578e-01
2.247000000000000000e+03,5.232818722724914551e-01
2.809000000000000000e+03,4.845703542232513428e-01
3.371000000000000000e+03,4.616800844669342041e-01
3.933000000000000000e+03,4.530601799488067627e-01
4.495000000000000000e+03,3.946154713630676270e-01
5.057000000000000000e+03,3.737899661064147949e-01
5.619000000000000000e+03,3.586068749427795410e-01
6.181000000000000000e+03,2.998568713665008545e-01
6.743000000000000000e+03,2.918862402439117432e-01
7.305000000000000000e+03,2.739549577236175537e-01
7.867000000000000000e+03,2.585545778274536133e-01
8.429000000000000000e+03,2.531491816043853760e-01
8.991000000000000000e+03,2.709940075874328613e-01
9.553000000000000000e+03,2.682178616523742676e-01
1.011500000000000000e+04,2.383017539978027344e-01
1.067700000000000000e+04,2.081433534622192383e-01
1.123900000000000000e+04,2.064028084278106689e-01
1.180100000000000000e+04,2.504450678825378418e-01
1.236300000000000000e+04,2.039462924003601074e-01
1.292500000000000000e+04,2.334241867065429688e-01
1.348700000000000000e+04,1.682093143463134766e-01
1.404900000000000000e+04,1.546469479799270630e-01
1.461100000000000000e+04,1.763687133789062500e-01
