1.000000000000000000e+00,1.000087976455688477e+00
5.610000000000000000e+02,2.513604462146759033e-01
1.123000000000000000e+03,2.374367266893386841e-01
1.685000000000000000e+03,2.137814909219741821e-01
2.247000000000000000e+03,1.844663172960281372e-01
2.809000000000000000e+03,1.698698252439498901e-01
3.371000000000000000e+03,1.921227574348449707e-01
3.933000000000000000e+03,1.855345964431762695e-01
4.495000000000000000e+03,1.531233638525009155e-01
5.057000000000000000e+03,1.196694374084472656e-01
5.619000000000000000e+03,1.772772222757339478e-01
6.181000000000000000e+03,1.172532513737678528e-01
6.743000000000000000e+03,1.400092095136642456e-01
7.305000000000000000e+03,1.338813006877899170e-01
7.867000000000000000e+03,1.014856025576591492e-01
8.429000000000000000e+03,9.277356415987014771e-02
8.991000000000000000e+03,1.115934923291206360e-01
9.553000000000000000e+03,1.415264606475830078e-01
1.011500000000000000e+04,3.821313008666038513e-02
1.067700000000000000e+04,8.964348584413528442e-02
1.123900000000000000e+04,1.365536004304885864e-01
1.180100000000000000e+04,5.890357494354248047e-02
1.236300000000000000e+04,4.815353453159332275e-02
1.292500000000000000e+04,1.163499578833580017e-01
1.348700000000000000e+04,1.057336032390594482e-01
1.404900000000000000e+04,1.279725283384323120e-01
1.461100000000000000e+04,6.987269222736358643e-02
1.517300000000000000e+04,1.057067438960075378e-01
1.573500000000000000e+04,8.992628008127212524e-02
1.629700000000000000e+04,6.138899549841880798e-02
1.685900000000000000e+04,6.498059630393981934e-02
1.742100000000000000e+04,8.045130223035812378e-02
1.798300000000000000e+04,6.431295722723007202e-02
1.854500000000000000e+04,6.828280538320541382e-02
1.910700000000000000e+04,4.888557270169258118e-02
1.966900000000000000e+04,9.819813817739486694e-02
