1.000000000000000000e+00,9.151775240898132324e-01
5.610000000000000000e+02,8.977071195840835571e-02
1.123000000000000000e+03,5.106247588992118835e-02
1.685000000000000000e+03,4.244076833128929138e-02
2.247000000000000000e+03,5.209712684154510498e-02
2.809000000000000000e+03,8.175053447484970093e-02
3.371000000000000000e+03,4.475440457463264465e-02
3.933000000000000000e+03,6.986654549837112427e-02
4.495000000000000000e+03,3.585497662425041199e-02
5.057000000000000000e+03,8.848465047776699066e-03
5.619000000000000000e+03,7.271798700094223022e-02
6.181000000000000000e+03,3.089868277311325073e-02
6.743000000000000000e+03,7.762879878282546997e-02
7.305000000000000000e+03,5.661690607666969299e-02
7.867000000000000000e+03,2.911327034235000610e-02
8.429000000000000000e+03,3.561465069651603699e-02
8.991000000000000000e+03,5.143169686198234558e-02
9.553000000000000000e+03,5.620160698890686035e-02
1.011500000000000000e+04,4.351770970970392227e-03
1.067700000000000000e+04,5.897680297493934631e-02
1.123900000000000000e+04,9.003845602273941040e-02
1.180100000000000000e+04,3.746215254068374634e-02
1.236300000000000000e+04,1.201364118605852127e-02
1.292500000000000000e+04,4.429461434483528137e-02
1.348700000000000000e+04,8.202513307332992554e-02
1.404900000000000000e+04,6.927338242530822754e-02
1.461100000000000000e+04,2.036581514403223991e-03
1.517300000000000000e+04,5.500544980168342590e-02
1.573500000000000000e+04,4.374451562762260437e-02
1.629700000000000000e+04,3.886470571160316467e-02
1.685900000000000000e+04,1.902336440980434418e-02
1.742100000000000000e+04,3.817836567759513855e-02
1.798300000000000000e+04,1.671313866972923279e-02
1.854500000000000000e+04,3.265897557139396667e-02
1.910700000000000000e+04,2.883862005546689034e-03
1.966900000000000000e+04,3.458512574434280396e-02
