1.000000000000000000e+00,9.812523722648620605e-01
5.610000000000000000e+02,6.908288598060607910e-02
1.123000000000000000e+03,5.441495403647422791e-02
1.685000000000000000e+03,6.045040488243103027e-02
2.247000000000000000e+03,6.944072246551513672e-02
2.809000000000000000e+03,9.702264517545700073e-02
3.371000000000000000e+03,5.798371136188507080e-02
3.933000000000000000e+03,7.540491968393325806e-02
4.495000000000000000e+03,4.533166810870170593e-02
5.057000000000000000e+03,7.197600323706865311e-03
5.619000000000000000e+03,9.082678705453872681e-02
6.181000000000000000e+03,5.086499825119972229e-02
6.743000000000000000e+03,8.170732110738754272e-02
7.305000000000000000e+03,5.570760741829872131e-02
7.867000000000000000e+03,4.212975502014160156e-02
8.429000000000000000e+03,3.491448983550071716e-02
8.991000000000000000e+03,6.086657941341400146e-02
9.553000000000000000e+03,8.619058132171630859e-02
1.011500000000000000e+04,4.547093529254198074e-03
1.067700000000000000e+04,5.679673328995704651e-02
1.123900000000000000e+04,7.172404974699020386e-02
1.180100000000000000e+04,3.709758445620536804e-02
1.236300000000000000e+04,9.387531317770481110e-03
1.292500000000000000e+04,4.896464943885803223e-02
1.348700000000000000e+04,6.566119939088821411e-02
1.404900000000000000e+04,1.020584478974342346e-01
1.461100000000000000e+04,2.011061646044254303e-02
1.517300000000000000e+04,3.628313913941383362e-02
1.573500000000000000e+04,3.485238924622535706e-02
1.629700000000000000e+04,2.377924881875514984e-02
1.685900000000000000e+04,1.909219287335872650e-02
1.742100000000000000e+04,1.705472543835639954e-02
1.798300000000000000e+04,2.917814999818801880e-02
1.854500000000000000e+04,2.225413173437118530e-02
1.910700000000000000e+04,2.007773518562316895e-02
1.966900000000000000e+04,1.099018100649118423e-02
