7.800366282463073730e-01
5.909770131111145020e-01
5.637719631195068359e-01
5.519041419029235840e-01
5.477306246757507324e-01
5.475143194198608398e-01
5.452507138252258301e-01
5.437815189361572266e-01
5.411365032196044922e-01
5.394924879074096680e-01
5.383433699607849121e-01
5.383810997009277344e-01
5.384368300437927246e-01
5.378841757774353027e-01
5.366349220275878906e-01
5.347872376441955566e-01
5.328564643859863281e-01
5.319907665252685547e-01
5.307320952415466309e-01
5.304456353187561035e-01
5.304073691368103027e-01
5.294823050498962402e-01
5.286105871200561523e-01
5.277141928672790527e-01
5.265360474586486816e-01
5.263316035270690918e-01
5.259372591972351074e-01
5.257784724235534668e-01
5.250689387321472168e-01
5.246349573135375977e-01
5.240622162818908691e-01
5.238026380538940430e-01
5.229844450950622559e-01
5.221096873283386230e-01
5.212461948394775391e-01
5.202977657318115234e-01
