7.786287665367126465e-01
5.873827338218688965e-01
6.019678711891174316e-01
5.699908137321472168e-01
5.650691390037536621e-01
5.597718358039855957e-01
5.398985743522644043e-01
5.379964709281921387e-01
5.652159452438354492e-01
5.501262545585632324e-01
5.526438355445861816e-01
5.272657871246337891e-01
5.489055514335632324e-01
5.514099001884460449e-01
5.338630676269531250e-01
5.336071848869323730e-01
5.341078042984008789e-01
5.289811491966247559e-01
5.212504267692565918e-01
5.451368689537048340e-01
5.393158793449401855e-01
5.231530666351318359e-01
5.266606211662292480e-01
5.372694134712219238e-01
5.338230133056640625e-01
5.419908165931701660e-01
5.520647764205932617e-01
5.310711860656738281e-01
5.272869467735290527e-01
5.228233933448791504e-01
5.245640277862548828e-01
5.471329092979431152e-01
5.463247895240783691e-01
5.322455763816833496e-01
5.498635768890380859e-01
5.395950675010681152e-01
