1.000000000000000000e+00,1.014607310295104980e+00
5.610000000000000000e+02,2.956694960594177246e-01
1.123000000000000000e+03,2.859255373477935791e-01
1.685000000000000000e+03,2.045660018920898438e-01
2.247000000000000000e+03,1.665263772010803223e-01
2.809000000000000000e+03,1.643753200769424438e-01
3.371000000000000000e+03,1.574033647775650024e-01
3.933000000000000000e+03,1.662700772285461426e-01
4.495000000000000000e+03,1.425707638263702393e-01
5.057000000000000000e+03,1.054163202643394470e-01
5.619000000000000000e+03,1.546482294797897339e-01
6.181000000000000000e+03,1.234677657485008240e-01
6.743000000000000000e+03,1.350420266389846802e-01
7.305000000000000000e+03,1.519597321748733521e-01
7.867000000000000000e+03,1.181448101997375488e-01
8.429000000000000000e+03,1.480306535959243774e-01
8.991000000000000000e+03,1.424996852874755859e-01
9.553000000000000000e+03,1.624301522970199585e-01
1.011500000000000000e+04,1.127411127090454102e-01
1.067700000000000000e+04,1.291207820177078247e-01
1.123900000000000000e+04,1.375163644552230835e-01
1.180100000000000000e+04,1.082795858383178711e-01
1.236300000000000000e+04,1.179167926311492920e-01
1.292500000000000000e+04,1.587494760751724243e-01
1.348700000000000000e+04,1.294316798448562622e-01
1.404900000000000000e+04,1.428863108158111572e-01
1.461100000000000000e+04,1.153142079710960388e-01
1.517300000000000000e+04,1.190665587782859802e-01
1.573500000000000000e+04,1.060714349150657654e-01
1.629700000000000000e+04,1.028450503945350647e-01
1.685900000000000000e+04,1.129916906356811523e-01
1.742100000000000000e+04,1.197889074683189392e-01
1.798300000000000000e+04,1.211509034037590027e-01
1.854500000000000000e+04,1.246955990791320801e-01
1.910700000000000000e+04,9.866777062416076660e-02
1.966900000000000000e+04,1.449830383062362671e-01
