1.000000000000000000e+00,5.462894916534423828e+00
5.610000000000000000e+02,8.529514074325561523e-01
1.123000000000000000e+03,8.036915063858032227e-01
1.685000000000000000e+03,7.284149527549743652e-01
2.247000000000000000e+03,6.625771522521972656e-01
2.809000000000000000e+03,6.041398048400878906e-01
3.371000000000000000e+03,5.700203180313110352e-01
3.933000000000000000e+03,4.822702109813690186e-01
4.495000000000000000e+03,3.820875287055969238e-01
5.057000000000000000e+03,3.433226644992828369e-01
5.619000000000000000e+03,3.168433010578155518e-01
6.181000000000000000e+03,2.204103916883468628e-01
6.743000000000000000e+03,2.472777813673019409e-01
7.305000000000000000e+03,1.928881257772445679e-01
7.867000000000000000e+03,2.016122490167617798e-01
8.429000000000000000e+03,2.292233258485794067e-01
8.991000000000000000e+03,2.234996110200881958e-01
9.553000000000000000e+03,1.282254308462142944e-01
1.011500000000000000e+04,1.424886435270309448e-01
1.067700000000000000e+04,1.189267337322235107e-01
1.123900000000000000e+04,1.142533570528030396e-01
1.180100000000000000e+04,1.704897880554199219e-01
1.236300000000000000e+04,1.559483259916305542e-01
1.292500000000000000e+04,1.241973936557769775e-01
1.348700000000000000e+04,9.677495807409286499e-02
1.404900000000000000e+04,6.328219175338745117e-02
1.461100000000000000e+04,1.352566480636596680e-01
