1.000000000000000000e+00,9.563908576965332031e-01
5.610000000000000000e+02,6.794023513793945312e-02
1.123000000000000000e+03,5.541278794407844543e-02
1.685000000000000000e+03,4.873692989349365234e-02
2.247000000000000000e+03,4.311939701437950134e-02
2.809000000000000000e+03,7.332260161638259888e-02
3.371000000000000000e+03,4.644340649247169495e-02
3.933000000000000000e+03,6.202024221420288086e-02
4.495000000000000000e+03,3.493082895874977112e-02
5.057000000000000000e+03,9.922322817146778107e-03
5.619000000000000000e+03,7.032301276922225952e-02
6.181000000000000000e+03,3.527935594320297241e-02
6.743000000000000000e+03,4.770698025822639465e-02
7.305000000000000000e+03,3.162707388401031494e-02
7.867000000000000000e+03,2.318661101162433624e-02
8.429000000000000000e+03,1.593659259378910065e-02
8.991000000000000000e+03,3.284860402345657349e-02
9.553000000000000000e+03,8.883764594793319702e-02
1.011500000000000000e+04,1.666459604166448116e-03
1.067700000000000000e+04,2.685306221246719360e-02
1.123900000000000000e+04,3.293309733271598816e-02
1.180100000000000000e+04,2.975842915475368500e-03
1.236300000000000000e+04,2.077868580818176270e-02
1.292500000000000000e+04,2.699366025626659393e-02
1.348700000000000000e+04,4.229056462645530701e-02
1.404900000000000000e+04,4.985888674855232239e-02
1.461100000000000000e+04,3.554230555891990662e-03
1.517300000000000000e+04,5.292568728327751160e-02
1.573500000000000000e+04,6.378051359206438065e-03
1.629700000000000000e+04,1.298654451966285706e-02
1.685900000000000000e+04,7.736213505268096924e-03
1.742100000000000000e+04,2.026076428592205048e-02
1.798300000000000000e+04,3.055127710103988647e-02
1.854500000000000000e+04,1.303134858608245850e-02
1.910700000000000000e+04,9.112905710935592651e-03
1.966900000000000000e+04,5.895528942346572876e-03
