1.000000000000000000e+00,4.330269813537597656e+00
5.610000000000000000e+02,7.846317887306213379e-01
1.123000000000000000e+03,6.881746649742126465e-01
1.685000000000000000e+03,6.617128252983093262e-01
2.247000000000000000e+03,6.289788484573364258e-01
2.809000000000000000e+03,5.771763920783996582e-01
3.371000000000000000e+03,5.392663478851318359e-01
3.933000000000000000e+03,4.896157383918762207e-01
4.495000000000000000e+03,4.443546533584594727e-01
5.057000000000000000e+03,3.849097788333892822e-01
5.619000000000000000e+03,4.120068848133087158e-01
6.181000000000000000e+03,3.614643216133117676e-01
6.743000000000000000e+03,3.740164339542388916e-01
7.305000000000000000e+03,3.374127745628356934e-01
7.867000000000000000e+03,3.211975097656250000e-01
8.429000000000000000e+03,3.303756415843963623e-01
8.991000000000000000e+03,3.188383877277374268e-01
9.553000000000000000e+03,3.134583234786987305e-01
1.011500000000000000e+04,3.103590607643127441e-01
1.067700000000000000e+04,2.186732292175292969e-01
1.123900000000000000e+04,2.336294651031494141e-01
1.180100000000000000e+04,2.914255261421203613e-01
1.236300000000000000e+04,2.899236083030700684e-01
1.292500000000000000e+04,2.793357968330383301e-01
1.348700000000000000e+04,2.293543219566345215e-01
1.404900000000000000e+04,2.189779281616210938e-01
1.461100000000000000e+04,2.208610326051712036e-01
