1.000000000000000000e+00,1.913206815719604492e+00
5.610000000000000000e+02,7.671845555305480957e-01
1.123000000000000000e+03,6.909012794494628906e-01
1.685000000000000000e+03,6.297487020492553711e-01
2.247000000000000000e+03,5.446801185607910156e-01
2.809000000000000000e+03,4.467841386795043945e-01
3.371000000000000000e+03,4.145211875438690186e-01
3.933000000000000000e+03,3.963254690170288086e-01
4.495000000000000000e+03,3.509708046913146973e-01
5.057000000000000000e+03,3.470278382301330566e-01
5.619000000000000000e+03,3.265042304992675781e-01
6.181000000000000000e+03,2.749383151531219482e-01
6.743000000000000000e+03,2.887745499610900879e-01
7.305000000000000000e+03,2.137174606323242188e-01
7.867000000000000000e+03,2.047650814056396484e-01
8.429000000000000000e+03,2.540214955806732178e-01
8.991000000000000000e+03,2.243538051843643188e-01
9.553000000000000000e+03,1.983072310686111450e-01
1.011500000000000000e+04,2.908984720706939697e-01
1.067700000000000000e+04,1.874234229326248169e-01
1.123900000000000000e+04,2.056387513875961304e-01
1.180100000000000000e+04,2.378891259431838989e-01
1.236300000000000000e+04,1.760841906070709229e-01
1.292500000000000000e+04,1.585326790809631348e-01
1.348700000000000000e+04,1.394737213850021362e-01
1.404900000000000000e+04,1.376689970493316650e-01
1.461100000000000000e+04,1.827544569969177246e-01
