1.000000000000000000e+00,8.607385754585266113e-01
5.610000000000000000e+02,1.341649293899536133e-01
1.123000000000000000e+03,5.482124909758567810e-02
1.685000000000000000e+03,4.968610778450965881e-02
2.247000000000000000e+03,6.115697324275970459e-02
2.809000000000000000e+03,7.223415374755859375e-02
3.371000000000000000e+03,5.986325070261955261e-02
3.933000000000000000e+03,7.951159030199050903e-02
4.495000000000000000e+03,5.259698256850242615e-02
5.057000000000000000e+03,4.693887662142515182e-03
5.619000000000000000e+03,1.048937067389488220e-01
6.181000000000000000e+03,2.627142705023288727e-02
6.743000000000000000e+03,8.448154479265213013e-02
7.305000000000000000e+03,5.787445977330207825e-02
7.867000000000000000e+03,4.044048488140106201e-02
8.429000000000000000e+03,2.487336844205856323e-02
8.991000000000000000e+03,4.237652197480201721e-02
9.553000000000000000e+03,9.292493015527725220e-02
1.011500000000000000e+04,1.148034166544675827e-02
1.067700000000000000e+04,4.191554710268974304e-02
1.123900000000000000e+04,6.490080058574676514e-02
1.180100000000000000e+04,1.618861407041549683e-02
1.236300000000000000e+04,1.500078197568655014e-02
1.292500000000000000e+04,3.847686573863029480e-02
1.348700000000000000e+04,5.417633429169654846e-02
1.404900000000000000e+04,8.258796483278274536e-02
1.461100000000000000e+04,2.583937905728816986e-02
1.517300000000000000e+04,5.230615660548210144e-02
1.573500000000000000e+04,3.090436570346355438e-02
1.629700000000000000e+04,3.818323835730552673e-02
1.685900000000000000e+04,2.297959476709365845e-02
1.742100000000000000e+04,1.780850253999233246e-02
1.798300000000000000e+04,2.924987673759460449e-02
1.854500000000000000e+04,1.078403368592262268e-02
1.910700000000000000e+04,1.296066492795944214e-02
1.966900000000000000e+04,3.311944380402565002e-02
