1.000000000000000000e+00,4.003176212310791016e+00
5.610000000000000000e+02,7.955217361450195312e-01
1.123000000000000000e+03,7.705334424972534180e-01
1.685000000000000000e+03,7.517586946487426758e-01
2.247000000000000000e+03,7.062107324600219727e-01
2.809000000000000000e+03,5.491579771041870117e-01
3.371000000000000000e+03,4.646780490875244141e-01
3.933000000000000000e+03,3.934462964534759521e-01
4.495000000000000000e+03,3.453273773193359375e-01
5.057000000000000000e+03,2.934141159057617188e-01
5.619000000000000000e+03,2.677956819534301758e-01
6.181000000000000000e+03,2.558857202529907227e-01
6.743000000000000000e+03,2.580587863922119141e-01
7.305000000000000000e+03,2.188812345266342163e-01
7.867000000000000000e+03,2.446576803922653198e-01
8.429000000000000000e+03,2.111216783523559570e-01
8.991000000000000000e+03,2.425186485052108765e-01
9.553000000000000000e+03,2.274498045444488525e-01
1.011500000000000000e+04,1.880440711975097656e-01
1.067700000000000000e+04,1.647546291351318359e-01
1.123900000000000000e+04,1.528799235820770264e-01
1.180100000000000000e+04,2.079411447048187256e-01
1.236300000000000000e+04,1.887739598751068115e-01
1.292500000000000000e+04,1.978383213281631470e-01
1.348700000000000000e+04,2.020782977342605591e-01
1.404900000000000000e+04,1.293597817420959473e-01
1.461100000000000000e+04,1.605494171380996704e-01
