1.000000000000000000e+00,6.602575302124023438e+00
5.610000000000000000e+02,8.784231543540954590e-01
1.123000000000000000e+03,7.938925027847290039e-01
1.685000000000000000e+03,6.631744503974914551e-01
2.247000000000000000e+03,5.744505524635314941e-01
2.809000000000000000e+03,4.702220857143402100e-01
3.371000000000000000e+03,4.102132916450500488e-01
3.933000000000000000e+03,3.455459773540496826e-01
4.495000000000000000e+03,2.922299802303314209e-01
5.057000000000000000e+03,2.563973963260650635e-01
5.619000000000000000e+03,2.094485163688659668e-01
6.181000000000000000e+03,2.036174684762954712e-01
6.743000000000000000e+03,2.215666323900222778e-01
7.305000000000000000e+03,1.793256402015686035e-01
7.867000000000000000e+03,1.625442355871200562e-01
8.429000000000000000e+03,1.676679253578186035e-01
8.991000000000000000e+03,1.699669659137725830e-01
9.553000000000000000e+03,1.363765895366668701e-01
1.011500000000000000e+04,1.360825896263122559e-01
1.067700000000000000e+04,9.838944673538208008e-02
1.123900000000000000e+04,1.208032146096229553e-01
1.180100000000000000e+04,1.379638761281967163e-01
1.236300000000000000e+04,1.789288520812988281e-01
1.292500000000000000e+04,1.297875493764877319e-01
1.348700000000000000e+04,1.218465194106101990e-01
1.404900000000000000e+04,6.971262395381927490e-02
1.461100000000000000e+04,1.473949104547500610e-01
