9.614378809928894043e-01
6.731278300285339355e-01
6.340098977088928223e-01
5.866171717643737793e-01
5.622347593307495117e-01
5.563938021659851074e-01
5.514773726463317871e-01
5.425104498863220215e-01
5.281152129173278809e-01
5.168345570564270020e-01
5.102407932281494141e-01
5.066525340080261230e-01
5.042957663536071777e-01
5.031553506851196289e-01
5.033934712409973145e-01
5.034715533256530762e-01
5.033712387084960938e-01
5.033326745033264160e-01
5.037139058113098145e-01
5.034984946250915527e-01
5.033903121948242188e-01
5.032653212547302246e-01
5.033569931983947754e-01
5.033381581306457520e-01
5.032315850257873535e-01
5.030252337455749512e-01
5.028374195098876953e-01
5.025153756141662598e-01
5.022311210632324219e-01
5.021873116493225098e-01
5.019479393959045410e-01
5.019898414611816406e-01
5.019869208335876465e-01
5.020102262496948242e-01
5.020706057548522949e-01
5.021257996559143066e-01
