9.524671435356140137e-01
6.822862029075622559e-01
6.353484988212585449e-01
5.939784646034240723e-01
5.433134436607360840e-01
5.608077645301818848e-01
5.501030683517456055e-01
5.508574843406677246e-01
5.436713695526123047e-01
5.189096331596374512e-01
5.190475583076477051e-01
5.083560347557067871e-01
5.089230537414550781e-01
5.015901327133178711e-01
5.021264553070068359e-01
5.100807547569274902e-01
5.032358169555664062e-01
5.081105232238769531e-01
4.983841478824615479e-01
5.102627873420715332e-01
4.957923591136932373e-01
4.972263574600219727e-01
5.075411796569824219e-01
4.974416196346282959e-01
5.004601478576660156e-01
4.973220527172088623e-01
5.078657865524291992e-01
4.962880909442901611e-01
4.989447593688964844e-01
4.957972764968872070e-01
4.941143989562988281e-01
5.028910040855407715e-01
5.002007484436035156e-01
4.978570938110351562e-01
4.998114109039306641e-01
5.045879483222961426e-01
