1.000000000000000000e+00,1.854162573814392090e+00
1.124000000000000000e+03,5.601263642311096191e-01
2.249000000000000000e+03,3.630745708942413330e-01
3.374000000000000000e+03,3.156963884830474854e-01
4.499000000000000000e+03,2.330934554338455200e-01
5.624000000000000000e+03,2.458236515522003174e-01
6.749000000000000000e+03,1.802376210689544678e-01
7.874000000000000000e+03,1.195483580231666565e-01
8.999000000000000000e+03,1.778122335672378540e-01
1.012400000000000000e+04,9.627535939216613770e-02
1.124900000000000000e+04,1.487193256616592407e-01
1.237400000000000000e+04,1.354570686817169189e-01
1.349900000000000000e+04,8.298651129007339478e-02
1.462400000000000000e+04,1.110094934701919556e-01
1.574900000000000000e+04,1.102667078375816345e-01
1.687400000000000000e+04,1.085680648684501648e-01
1.799900000000000000e+04,1.307136714458465576e-01
1.912400000000000000e+04,7.781995832920074463e-02
