1.000000000000000000e+00,5.338386058807373047e+00
1.124000000000000000e+03,6.628587841987609863e-01
2.249000000000000000e+03,4.361609816551208496e-01
3.374000000000000000e+03,4.201630353927612305e-01
4.499000000000000000e+03,3.328814208507537842e-01
5.624000000000000000e+03,3.313244581222534180e-01
6.749000000000000000e+03,2.752541303634643555e-01
7.874000000000000000e+03,2.162981629371643066e-01
8.999000000000000000e+03,2.883453965187072754e-01
1.012400000000000000e+04,2.191507071256637573e-01
1.124900000000000000e+04,2.352167218923568726e-01
1.237400000000000000e+04,2.722044587135314941e-01
1.349900000000000000e+04,1.993148475885391235e-01
1.462400000000000000e+04,1.647481471300125122e-01
1.574900000000000000e+04,2.001591622829437256e-01
1.687400000000000000e+04,1.300491392612457275e-01
1.799900000000000000e+04,1.475817412137985229e-01
1.912400000000000000e+04,1.301531940698623657e-01
