1.000000000000000000e+00,9.666147232055664062e-01
5.610000000000000000e+02,8.080189675092697144e-02
1.123000000000000000e+03,3.990166261792182922e-02
1.685000000000000000e+03,4.356024786829948425e-02
2.247000000000000000e+03,4.149660468101501465e-02
2.809000000000000000e+03,6.252343952655792236e-02
3.371000000000000000e+03,4.496895149350166321e-02
3.933000000000000000e+03,6.402227282524108887e-02
4.495000000000000000e+03,2.848056517541408539e-02
5.057000000000000000e+03,5.623150151222944260e-03
5.619000000000000000e+03,4.499441385269165039e-02
6.181000000000000000e+03,3.103857301175594330e-02
6.743000000000000000e+03,3.494519740343093872e-02
7.305000000000000000e+03,2.689616382122039795e-02
7.867000000000000000e+03,7.614572998136281967e-03
8.429000000000000000e+03,1.170331612229347229e-02
8.991000000000000000e+03,1.391034480184316635e-02
9.553000000000000000e+03,3.786310926079750061e-02
1.011500000000000000e+04,1.146451104432344437e-02
1.067700000000000000e+04,1.905460469424724579e-02
1.123900000000000000e+04,2.742199599742889404e-02
1.180100000000000000e+04,1.203980646096169949e-03
1.236300000000000000e+04,8.335874299518764019e-04
1.292500000000000000e+04,1.531420368701219559e-02
1.348700000000000000e+04,6.322667002677917480e-03
1.404900000000000000e+04,2.186418324708938599e-02
1.461100000000000000e+04,6.854917388409376144e-03
1.517300000000000000e+04,3.641447424888610840e-02
1.573500000000000000e+04,1.502578239887952805e-02
1.629700000000000000e+04,7.047968450933694839e-03
1.685900000000000000e+04,1.293985638767480850e-02
1.742100000000000000e+04,5.626881495118141174e-03
1.798300000000000000e+04,1.064167171716690063e-02
1.854500000000000000e+04,1.041299314238131046e-03
1.910700000000000000e+04,1.415101811289787292e-03
1.966900000000000000e+04,6.857496337033808231e-04
