1.000000000000000000e+00,9.677267074584960938e-01
5.610000000000000000e+02,1.209062114357948303e-01
1.123000000000000000e+03,6.119841337203979492e-02
1.685000000000000000e+03,6.508439779281616211e-02
2.247000000000000000e+03,6.543182581663131714e-02
2.809000000000000000e+03,7.340727001428604126e-02
3.371000000000000000e+03,5.340266227722167969e-02
3.933000000000000000e+03,8.876928687095642090e-02
4.495000000000000000e+03,5.961880460381507874e-02
5.057000000000000000e+03,4.854862112551927567e-03
5.619000000000000000e+03,6.894566863775253296e-02
6.181000000000000000e+03,4.791829362511634827e-02
6.743000000000000000e+03,5.348163843154907227e-02
7.305000000000000000e+03,5.088950321078300476e-02
7.867000000000000000e+03,3.077465109527111053e-02
8.429000000000000000e+03,2.462164498865604401e-02
8.991000000000000000e+03,4.082078114151954651e-02
9.553000000000000000e+03,8.267704397439956665e-02
1.011500000000000000e+04,7.702590897679328918e-03
1.067700000000000000e+04,4.843132570385932922e-02
1.123900000000000000e+04,5.234509706497192383e-02
1.180100000000000000e+04,1.429096143692731857e-02
1.236300000000000000e+04,3.454427234828472137e-03
1.292500000000000000e+04,4.826543852686882019e-02
1.348700000000000000e+04,5.922590196132659912e-02
1.404900000000000000e+04,9.918993711471557617e-02
1.461100000000000000e+04,6.717512849718332291e-03
1.517300000000000000e+04,3.882110491394996643e-02
1.573500000000000000e+04,8.735381998121738434e-03
1.629700000000000000e+04,3.447394445538520813e-02
1.685900000000000000e+04,2.547162584960460663e-02
1.742100000000000000e+04,9.869397617876529694e-03
1.798300000000000000e+04,2.554318867623806000e-02
1.854500000000000000e+04,3.376808017492294312e-03
1.910700000000000000e+04,4.176270682364702225e-03
1.966900000000000000e+04,8.374781347811222076e-03
