1.162844061851501465e+00
3.510300219058990479e-01
2.538875639438629150e-01
2.310267686843872070e-01
2.214169502258300781e-01
2.131215482950210571e-01
2.066649794578552246e-01
2.011514753103256226e-01
1.945085674524307251e-01
1.870125532150268555e-01
1.788011640310287476e-01
1.718154102563858032e-01
1.652990430593490601e-01
1.595409512519836426e-01
1.542299985885620117e-01
1.494498699903488159e-01
1.445866227149963379e-01
1.407277882099151611e-01
1.371442824602127075e-01
1.330763250589370728e-01
1.299471706151962280e-01
1.278667449951171875e-01
1.263076215982437134e-01
1.246073544025421143e-01
1.233764886856079102e-01
1.228344514966011047e-01
1.223291829228401184e-01
