1.000000000000000000e+00,1.031183004379272461e+00
5.610000000000000000e+02,1.164157465100288391e-01
1.123000000000000000e+03,5.875325202941894531e-02
1.685000000000000000e+03,5.665469542145729065e-02
2.247000000000000000e+03,4.716554284095764160e-02
2.809000000000000000e+03,8.334147930145263672e-02
3.371000000000000000e+03,4.945437237620353699e-02
3.933000000000000000e+03,7.495013624429702759e-02
4.495000000000000000e+03,3.858125209808349609e-02
5.057000000000000000e+03,6.911225616931915283e-03
5.619000000000000000e+03,5.152283236384391785e-02
6.181000000000000000e+03,3.752018138766288757e-02
6.743000000000000000e+03,6.395596265792846680e-02
7.305000000000000000e+03,3.111278079450130463e-02
7.867000000000000000e+03,1.190553326159715652e-02
8.429000000000000000e+03,1.279808487743139267e-02
8.991000000000000000e+03,1.553749945014715195e-02
9.553000000000000000e+03,5.030775070190429688e-02
1.011500000000000000e+04,1.446661190129816532e-03
1.067700000000000000e+04,3.714575991034507751e-02
1.123900000000000000e+04,1.920357346534729004e-02
1.180100000000000000e+04,6.799882394261658192e-04
1.236300000000000000e+04,3.855080576613545418e-03
1.292500000000000000e+04,3.771434351801872253e-02
1.348700000000000000e+04,1.057893689721822739e-02
1.404900000000000000e+04,2.363718114793300629e-02
1.461100000000000000e+04,3.639969043433666229e-03
1.517300000000000000e+04,1.350459735840559006e-02
1.573500000000000000e+04,7.939517498016357422e-03
1.629700000000000000e+04,1.895912364125251770e-02
1.685900000000000000e+04,4.637979436665773392e-03
1.742100000000000000e+04,2.540177199989557266e-03
1.798300000000000000e+04,3.097499487921595573e-03
1.854500000000000000e+04,5.697748158127069473e-03
1.910700000000000000e+04,1.592064462602138519e-02
1.966900000000000000e+04,2.683266357053071260e-04
