1.228298664093017578e+00
6.615247726440429688e-01
6.315261125564575195e-01
5.907530188560485840e-01
5.702858567237854004e-01
5.540704131126403809e-01
5.350336432456970215e-01
5.207056403160095215e-01
5.128883123397827148e-01
5.089629888534545898e-01
5.091801285743713379e-01
5.102208256721496582e-01
5.105997920036315918e-01
5.093613266944885254e-01
5.082053542137145996e-01
5.078594684600830078e-01
5.072765350341796875e-01
5.076969265937805176e-01
5.084455609321594238e-01
5.082610249519348145e-01
5.072711706161499023e-01
5.067406296730041504e-01
5.064929723739624023e-01
5.062630772590637207e-01
5.054035782814025879e-01
5.052640438079833984e-01
5.052387118339538574e-01
5.051475167274475098e-01
5.046691298484802246e-01
5.043768882751464844e-01
5.042529702186584473e-01
5.039891004562377930e-01
5.038299560546875000e-01
5.038154125213623047e-01
5.035737156867980957e-01
5.033902525901794434e-01
