1.210382819175720215e+00
6.729584336280822754e-01
6.536613106727600098e-01
5.877494812011718750e-01
5.564551353454589844e-01
5.425182580947875977e-01
5.250840783119201660e-01
5.189452767372131348e-01
5.203402042388916016e-01
5.109609961509704590e-01
5.141085386276245117e-01
5.007279515266418457e-01
5.140540003776550293e-01
5.058910846710205078e-01
5.037493109703063965e-01
5.095059871673583984e-01
5.026281476020812988e-01
5.031561255455017090e-01
4.962635934352874756e-01
5.084326863288879395e-01
4.970749318599700928e-01
4.967843294143676758e-01
5.079416632652282715e-01
4.945402145385742188e-01
4.952063560485839844e-01
4.901395738124847412e-01
5.100835561752319336e-01
4.994007349014282227e-01
5.032379031181335449e-01
5.008748173713684082e-01
5.010533928871154785e-01
5.011631846427917480e-01
5.028736591339111328e-01
5.072687268257141113e-01
5.061776638031005859e-01
4.937576353549957275e-01
