1.000000000000000000e+00,9.732565879821777344e-01
5.610000000000000000e+02,2.474310398101806641e-01
1.123000000000000000e+03,2.128628045320510864e-01
1.685000000000000000e+03,2.012881785631179810e-01
2.247000000000000000e+03,1.701660603284835815e-01
2.809000000000000000e+03,1.602305322885513306e-01
3.371000000000000000e+03,1.698307842016220093e-01
3.933000000000000000e+03,1.848089694976806641e-01
4.495000000000000000e+03,1.639467328786849976e-01
5.057000000000000000e+03,1.312310099601745605e-01
5.619000000000000000e+03,1.693989783525466919e-01
6.181000000000000000e+03,1.305804103612899780e-01
6.743000000000000000e+03,1.488367319107055664e-01
7.305000000000000000e+03,1.748254448175430298e-01
7.867000000000000000e+03,1.329144686460494995e-01
8.429000000000000000e+03,1.615950614213943481e-01
8.991000000000000000e+03,1.383048146963119507e-01
9.553000000000000000e+03,1.693804115056991577e-01
1.011500000000000000e+04,9.904545545578002930e-02
1.067700000000000000e+04,1.261120438575744629e-01
1.123900000000000000e+04,1.609875112771987915e-01
1.180100000000000000e+04,9.814196079969406128e-02
1.236300000000000000e+04,1.195380911231040955e-01
1.292500000000000000e+04,1.333706378936767578e-01
1.348700000000000000e+04,1.286602169275283813e-01
1.404900000000000000e+04,1.531958281993865967e-01
1.461100000000000000e+04,1.169536635279655457e-01
1.517300000000000000e+04,1.321859508752822876e-01
1.573500000000000000e+04,9.828212112188339233e-02
1.629700000000000000e+04,1.061497926712036133e-01
1.685900000000000000e+04,1.171331107616424561e-01
1.742100000000000000e+04,1.258697062730789185e-01
1.798300000000000000e+04,1.129046306014060974e-01
1.854500000000000000e+04,1.039936617016792297e-01
1.910700000000000000e+04,1.010686978697776794e-01
1.966900000000000000e+04,1.011389568448066711e-01
