1.000000000000000000e+00,1.002296209335327148e+00
5.610000000000000000e+02,8.822106570005416870e-02
1.123000000000000000e+03,6.803447753190994263e-02
1.685000000000000000e+03,6.183211132884025574e-02
2.247000000000000000e+03,5.167140439152717590e-02
2.809000000000000000e+03,9.211510419845581055e-02
3.371000000000000000e+03,5.729953572154045105e-02
3.933000000000000000e+03,7.516782730817794800e-02
4.495000000000000000e+03,5.883538722991943359e-02
5.057000000000000000e+03,5.226086825132369995e-03
5.619000000000000000e+03,5.674642324447631836e-02
6.181000000000000000e+03,4.181103780865669250e-02
6.743000000000000000e+03,6.820150464773178101e-02
7.305000000000000000e+03,4.971984401345252991e-02
7.867000000000000000e+03,2.042544633150100708e-02
8.429000000000000000e+03,2.732430398464202881e-02
8.991000000000000000e+03,4.677657410502433777e-02
9.553000000000000000e+03,7.006175071001052856e-02
1.011500000000000000e+04,4.375225398689508438e-03
1.067700000000000000e+04,4.897528886795043945e-02
1.123900000000000000e+04,4.992741346359252930e-02
1.180100000000000000e+04,1.171509549021720886e-02
1.236300000000000000e+04,1.262424234300851822e-02
1.292500000000000000e+04,4.451718926429748535e-02
1.348700000000000000e+04,3.999546542763710022e-02
1.404900000000000000e+04,4.162995144724845886e-02
1.461100000000000000e+04,6.288692820817232132e-03
1.517300000000000000e+04,3.366820886731147766e-02
1.573500000000000000e+04,2.337095141410827637e-02
1.629700000000000000e+04,2.237640134990215302e-02
1.685900000000000000e+04,1.263744663447141647e-02
1.742100000000000000e+04,3.380696848034858704e-02
1.798300000000000000e+04,1.193237211555242538e-02
1.854500000000000000e+04,1.971395500004291534e-02
1.910700000000000000e+04,1.213514129631221294e-03
1.966900000000000000e+04,2.259154804050922394e-02
