1.000000000000000000e+00,8.744433522224426270e-01
5.610000000000000000e+02,1.175013408064842224e-01
1.123000000000000000e+03,7.058405131101608276e-02
1.685000000000000000e+03,6.104883924126625061e-02
2.247000000000000000e+03,5.037069320678710938e-02
2.809000000000000000e+03,7.706490904092788696e-02
3.371000000000000000e+03,6.516989320516586304e-02
3.933000000000000000e+03,7.768771052360534668e-02
4.495000000000000000e+03,5.442993342876434326e-02
5.057000000000000000e+03,1.332619506865739822e-02
5.619000000000000000e+03,6.997596472501754761e-02
6.181000000000000000e+03,4.316428303718566895e-02
6.743000000000000000e+03,9.509128332138061523e-02
7.305000000000000000e+03,7.925229519605636597e-02
7.867000000000000000e+03,2.904345653951168060e-02
8.429000000000000000e+03,3.916967660188674927e-02
8.991000000000000000e+03,5.131694301962852478e-02
9.553000000000000000e+03,8.913600444793701172e-02
1.011500000000000000e+04,4.085022490471601486e-03
1.067700000000000000e+04,5.524327978491783142e-02
1.123900000000000000e+04,9.546840935945510864e-02
1.180100000000000000e+04,3.362974524497985840e-02
1.236300000000000000e+04,5.076728295534849167e-03
1.292500000000000000e+04,4.715157672762870789e-02
1.348700000000000000e+04,5.807860568165779114e-02
1.404900000000000000e+04,9.199142456054687500e-02
1.461100000000000000e+04,9.605858474969863892e-03
1.517300000000000000e+04,5.001356080174446106e-02
1.573500000000000000e+04,3.366034850478172302e-02
1.629700000000000000e+04,2.241283655166625977e-02
1.685900000000000000e+04,3.387338295578956604e-02
1.742100000000000000e+04,3.520295396447181702e-02
1.798300000000000000e+04,3.259538486599922180e-02
1.854500000000000000e+04,4.140559583902359009e-02
1.910700000000000000e+04,1.353565324097871780e-02
1.966900000000000000e+04,5.624361708760261536e-02
