1.000000000000000000e+00,1.779869556427001953e+00
1.124000000000000000e+03,4.977669417858123779e-01
2.249000000000000000e+03,3.162619769573211670e-01
3.374000000000000000e+03,2.509315609931945801e-01
4.499000000000000000e+03,2.043125033378601074e-01
5.624000000000000000e+03,2.030680924654006958e-01
6.749000000000000000e+03,1.364513337612152100e-01
7.874000000000000000e+03,1.153606250882148743e-01
8.999000000000000000e+03,1.469047963619232178e-01
1.012400000000000000e+04,1.302627474069595337e-01
1.124900000000000000e+04,1.268723756074905396e-01
1.237400000000000000e+04,1.206075027585029602e-01
1.349900000000000000e+04,9.207912534475326538e-02
1.462400000000000000e+04,1.346010863780975342e-01
1.574900000000000000e+04,1.067497134208679199e-01
1.687400000000000000e+04,8.680005371570587158e-02
1.799900000000000000e+04,1.024261415004730225e-01
1.912400000000000000e+04,7.900731265544891357e-02
