1.006335020065307617e+00
7.502936720848083496e-01
6.671635508537292480e-01
6.666667461395263672e-01
6.666666269302368164e-01
6.666666269302368164e-01
6.666665673255920410e-01
6.666665673255920410e-01
6.666666865348815918e-01
6.666666865348815918e-01
6.666666865348815918e-01
6.666666865348815918e-01
6.666666865348815918e-01
6.666666865348815918e-01
6.666666865348815918e-01
6.666666269302368164e-01
6.666666269302368164e-01
6.666666865348815918e-01
6.666666865348815918e-01
6.666666865348815918e-01
6.666666269302368164e-01
6.666666865348815918e-01
6.666666269302368164e-01
6.666666269302368164e-01
6.666666269302368164e-01
6.666666269302368164e-01
6.666666865348815918e-01
6.666666269302368164e-01
6.666666865348815918e-01
6.666666269302368164e-01
6.666666865348815918e-01
6.666666269302368164e-01
6.666666269302368164e-01
6.666666865348815918e-01
6.666666865348815918e-01
6.666666865348815918e-01
