1.000000000000000000e+00,1.017370343208312988e+00
5.610000000000000000e+02,8.835063129663467407e-02
1.123000000000000000e+03,6.258266419172286987e-02
1.685000000000000000e+03,6.292840838432312012e-02
2.247000000000000000e+03,6.804858893156051636e-02
2.809000000000000000e+03,1.017770990729331970e-01
3.371000000000000000e+03,6.300469487905502319e-02
3.933000000000000000e+03,7.825385779142379761e-02
4.495000000000000000e+03,6.578094512224197388e-02
5.057000000000000000e+03,3.388363169506192207e-03
5.619000000000000000e+03,7.533381879329681396e-02
6.181000000000000000e+03,3.891156986355781555e-02
6.743000000000000000e+03,7.911343127489089966e-02
7.305000000000000000e+03,3.870638832449913025e-02
7.867000000000000000e+03,2.885981649160385132e-02
8.429000000000000000e+03,5.086873471736907959e-02
8.991000000000000000e+03,6.053620949387550354e-02
9.553000000000000000e+03,1.106019616127014160e-01
1.011500000000000000e+04,1.307949703186750412e-02
1.067700000000000000e+04,3.957573696970939636e-02
1.123900000000000000e+04,5.792454257607460022e-02
1.180100000000000000e+04,4.952217638492584229e-02
1.236300000000000000e+04,1.220826804637908936e-02
1.292500000000000000e+04,5.647043511271476746e-02
1.348700000000000000e+04,7.060310989618301392e-02
1.404900000000000000e+04,1.137045845389366150e-01
1.461100000000000000e+04,2.016013674437999725e-02
1.517300000000000000e+04,5.446879565715789795e-02
1.573500000000000000e+04,4.557428136467933655e-02
1.629700000000000000e+04,3.991673141717910767e-02
1.685900000000000000e+04,2.264060638844966888e-02
1.742100000000000000e+04,3.248965367674827576e-02
1.798300000000000000e+04,2.981217391788959503e-02
1.854500000000000000e+04,1.539061497896909714e-02
1.910700000000000000e+04,5.210797768086194992e-03
1.966900000000000000e+04,4.521751403808593750e-02
