1.000000000000000000e+00,2.623447179794311523e+00
1.124000000000000000e+03,5.786813497543334961e-01
2.249000000000000000e+03,4.201508164405822754e-01
3.374000000000000000e+03,3.450175225734710693e-01
4.499000000000000000e+03,2.749780416488647461e-01
5.624000000000000000e+03,2.615731060504913330e-01
6.749000000000000000e+03,1.297424584627151489e-01
7.874000000000000000e+03,1.613028347492218018e-01
8.999000000000000000e+03,1.335161328315734863e-01
1.012400000000000000e+04,1.030210629105567932e-01
1.124900000000000000e+04,1.842215657234191895e-01
1.237400000000000000e+04,1.139763221144676208e-01
1.349900000000000000e+04,9.082157909870147705e-02
1.462400000000000000e+04,1.273507624864578247e-01
1.574900000000000000e+04,1.422424465417861938e-01
1.687400000000000000e+04,8.516433089971542358e-02
1.799900000000000000e+04,1.372644305229187012e-01
1.912400000000000000e+04,7.398676872253417969e-02
