1.000000000000000000e+00,3.008000135421752930e+00
5.610000000000000000e+02,7.773934602737426758e-01
1.123000000000000000e+03,6.980786919593811035e-01
1.685000000000000000e+03,6.395525932312011719e-01
2.247000000000000000e+03,5.749725103378295898e-01
2.809000000000000000e+03,5.556660890579223633e-01
3.371000000000000000e+03,4.741619527339935303e-01
3.933000000000000000e+03,4.133141934871673584e-01
4.495000000000000000e+03,4.135712981224060059e-01
5.057000000000000000e+03,4.135860502719879150e-01
5.619000000000000000e+03,4.083034992218017578e-01
6.181000000000000000e+03,3.237118422985076904e-01
6.743000000000000000e+03,2.946547865867614746e-01
7.305000000000000000e+03,2.715829312801361084e-01
7.867000000000000000e+03,2.549883127212524414e-01
8.429000000000000000e+03,2.437301874160766602e-01
8.991000000000000000e+03,2.424519956111907959e-01
9.553000000000000000e+03,2.350866049528121948e-01
1.011500000000000000e+04,2.430303990840911865e-01
1.067700000000000000e+04,2.349295318126678467e-01
1.123900000000000000e+04,1.926708072423934937e-01
1.180100000000000000e+04,2.193758487701416016e-01
1.236300000000000000e+04,2.174884974956512451e-01
1.292500000000000000e+04,1.626526117324829102e-01
1.348700000000000000e+04,1.773525178432464600e-01
1.404900000000000000e+04,1.398401856422424316e-01
1.461100000000000000e+04,1.918474733829498291e-01
