1.000000000000000000e+00,8.633545041084289551e-01
5.610000000000000000e+02,1.585587412118911743e-01
1.123000000000000000e+03,6.004112958908081055e-02
1.685000000000000000e+03,4.863191768527030945e-02
2.247000000000000000e+03,6.715555489063262939e-02
2.809000000000000000e+03,8.338601142168045044e-02
3.371000000000000000e+03,5.853328108787536621e-02
3.933000000000000000e+03,7.439155131578445435e-02
4.495000000000000000e+03,4.567801952362060547e-02
5.057000000000000000e+03,6.558651570230722427e-03
5.619000000000000000e+03,8.114971220493316650e-02
6.181000000000000000e+03,4.222207888960838318e-02
6.743000000000000000e+03,7.871966809034347534e-02
7.305000000000000000e+03,5.990225449204444885e-02
7.867000000000000000e+03,3.945466876029968262e-02
8.429000000000000000e+03,3.219293430447578430e-02
8.991000000000000000e+03,5.138937011361122131e-02
9.553000000000000000e+03,9.114330261945724487e-02
1.011500000000000000e+04,1.291493698954582214e-02
1.067700000000000000e+04,6.154767796397209167e-02
1.123900000000000000e+04,6.967816501855850220e-02
1.180100000000000000e+04,1.845487765967845917e-02
1.236300000000000000e+04,1.691885665059089661e-02
1.292500000000000000e+04,7.824418693780899048e-02
1.348700000000000000e+04,1.080531105399131775e-01
1.404900000000000000e+04,8.627510070800781250e-02
1.461100000000000000e+04,1.123945321887731552e-02
1.517300000000000000e+04,6.596535444259643555e-02
1.573500000000000000e+04,1.553548499941825867e-02
1.629700000000000000e+04,2.557111345231533051e-02
1.685900000000000000e+04,3.843484446406364441e-02
1.742100000000000000e+04,2.616917528212070465e-02
1.798300000000000000e+04,2.785002626478672028e-02
1.854500000000000000e+04,4.841890931129455566e-02
1.910700000000000000e+04,7.557898294180631638e-03
1.966900000000000000e+04,7.383843883872032166e-03
