9.879947304725646973e-01
6.596136093139648438e-01
5.947492718696594238e-01
5.679990649223327637e-01
5.554617643356323242e-01
5.509194731712341309e-01
5.494111180305480957e-01
5.500128865242004395e-01
5.502780079841613770e-01
5.495145320892333984e-01
5.491399765014648438e-01
5.484835505485534668e-01
5.482154488563537598e-01
5.484991669654846191e-01
5.489550828933715820e-01
5.493831038475036621e-01
5.498264431953430176e-01
5.504477620124816895e-01
5.504844784736633301e-01
5.505579710006713867e-01
5.507488846778869629e-01
5.510105490684509277e-01
5.509968400001525879e-01
5.508040189743041992e-01
5.500827431678771973e-01
5.496283173561096191e-01
5.484903454780578613e-01
5.477006435394287109e-01
5.470280051231384277e-01
5.466632246971130371e-01
5.463121533393859863e-01
5.469762682914733887e-01
5.470517277717590332e-01
5.469105839729309082e-01
5.468367934226989746e-01
5.468483567237854004e-01
