9.911752343177795410e-01
6.510639190673828125e-01
5.872922539710998535e-01
5.849629044532775879e-01
5.544706583023071289e-01
5.582782626152038574e-01
5.443598031997680664e-01
5.600475668907165527e-01
5.593414902687072754e-01
5.474019050598144531e-01
5.670621395111083984e-01
5.368606448173522949e-01
5.571944117546081543e-01
5.532451272010803223e-01
5.415512323379516602e-01
5.567600131034851074e-01
5.465481877326965332e-01
5.434343218803405762e-01
5.445606112480163574e-01
5.495314598083496094e-01
5.439310669898986816e-01
5.351158976554870605e-01
5.385878086090087891e-01
5.569836497306823730e-01
5.325617194175720215e-01
5.558543801307678223e-01
5.433481931686401367e-01
5.385072827339172363e-01
5.749710202217102051e-01
5.270653367042541504e-01
5.392195582389831543e-01
5.404407382011413574e-01
5.490690469741821289e-01
5.558292269706726074e-01
5.465533733367919922e-01
5.323501229286193848e-01
