8.948829770088195801e-01
6.268939375877380371e-01
5.862963795661926270e-01
5.616562962532043457e-01
5.543364882469177246e-01
5.521441102027893066e-01
5.491188168525695801e-01
5.474664568901062012e-01
5.444247722625732422e-01
5.423102974891662598e-01
5.404524207115173340e-01
5.396690964698791504e-01
5.388504862785339355e-01
5.381610393524169922e-01
5.370035767555236816e-01
5.360388159751892090e-01
5.347222685813903809e-01
5.331193208694458008e-01
5.320025682449340820e-01
5.309494137763977051e-01
5.301108956336975098e-01
5.295634269714355469e-01
5.293962955474853516e-01
5.292775630950927734e-01
5.289289355278015137e-01
5.288689732551574707e-01
5.287464261054992676e-01
5.289094448089599609e-01
5.291739106178283691e-01
5.293566584587097168e-01
5.294463038444519043e-01
5.293657779693603516e-01
5.295327305793762207e-01
5.297677516937255859e-01
5.295999646186828613e-01
5.295638442039489746e-01
