8.994596004486083984e-01
6.314741373062133789e-01
6.069942712783813477e-01
5.928953886032104492e-01
5.575032830238342285e-01
5.745885372161865234e-01
5.575791001319885254e-01
5.513419508934020996e-01
5.710021853446960449e-01
5.593173503875732422e-01
5.582800507545471191e-01
5.459015369415283203e-01
5.692510604858398438e-01
5.323345661163330078e-01
5.633592009544372559e-01
5.827891230583190918e-01
5.428593754768371582e-01
5.620772838592529297e-01
5.507428050041198730e-01
5.532056093215942383e-01
5.723760128021240234e-01
5.388236641883850098e-01
5.590783357620239258e-01
5.579734444618225098e-01
5.410989522933959961e-01
5.365426540374755859e-01
5.425227284431457520e-01
5.305800437927246094e-01
5.447031855583190918e-01
5.397281646728515625e-01
5.415781140327453613e-01
5.509752631187438965e-01
5.496481060981750488e-01
5.616953372955322266e-01
5.453318357467651367e-01
5.370159745216369629e-01
