1.000000000000000000e+00,8.657125830650329590e-01
5.610000000000000000e+02,1.884872764348983765e-01
1.123000000000000000e+03,6.686059385538101196e-02
1.685000000000000000e+03,6.760547310113906860e-02
2.247000000000000000e+03,5.300429090857505798e-02
2.809000000000000000e+03,8.484867960214614868e-02
3.371000000000000000e+03,6.912799924612045288e-02
3.933000000000000000e+03,8.577922731637954712e-02
4.495000000000000000e+03,7.375349104404449463e-02
5.057000000000000000e+03,1.393391843885183334e-02
5.619000000000000000e+03,9.670770168304443359e-02
6.181000000000000000e+03,4.717610403895378113e-02
6.743000000000000000e+03,8.052261173725128174e-02
7.305000000000000000e+03,8.301667124032974243e-02
7.867000000000000000e+03,3.481778502464294434e-02
8.429000000000000000e+03,3.983383998274803162e-02
8.991000000000000000e+03,6.548505276441574097e-02
9.553000000000000000e+03,7.910752296447753906e-02
1.011500000000000000e+04,1.037110574543476105e-02
1.067700000000000000e+04,8.628377318382263184e-02
1.123900000000000000e+04,8.583997935056686401e-02
1.180100000000000000e+04,3.133599832653999329e-02
1.236300000000000000e+04,1.449410617351531982e-02
1.292500000000000000e+04,7.610118389129638672e-02
1.348700000000000000e+04,6.828287988901138306e-02
1.404900000000000000e+04,8.169769495725631714e-02
1.461100000000000000e+04,1.564818993210792542e-02
1.517300000000000000e+04,5.785491690039634705e-02
1.573500000000000000e+04,5.607808753848075867e-02
1.629700000000000000e+04,3.644042462110519409e-02
1.685900000000000000e+04,3.819390013813972473e-02
1.742100000000000000e+04,2.616108022630214691e-02
1.798300000000000000e+04,2.435249276459217072e-02
1.854500000000000000e+04,2.740063704550266266e-02
1.910700000000000000e+04,4.947212059050798416e-03
1.966900000000000000e+04,2.547607757151126862e-02
