1.000000000000000000e+00,9.748992323875427246e-01
5.610000000000000000e+02,7.959462702274322510e-02
1.123000000000000000e+03,6.106212735176086426e-02
1.685000000000000000e+03,5.144813284277915955e-02
2.247000000000000000e+03,3.976581618189811707e-02
2.809000000000000000e+03,5.873863771557807922e-02
3.371000000000000000e+03,3.699997439980506897e-02
3.933000000000000000e+03,4.877042770385742188e-02
4.495000000000000000e+03,2.703680098056793213e-02
5.057000000000000000e+03,8.240400813519954681e-03
5.619000000000000000e+03,4.795971140265464783e-02
6.181000000000000000e+03,2.247682772576808929e-02
6.743000000000000000e+03,5.151394009590148926e-02
7.305000000000000000e+03,2.429123409092426300e-02
7.867000000000000000e+03,2.354118227958679199e-02
8.429000000000000000e+03,1.187979523092508316e-02
8.991000000000000000e+03,2.906210161745548248e-02
9.553000000000000000e+03,5.860337615013122559e-02
1.011500000000000000e+04,6.660079234279692173e-04
1.067700000000000000e+04,3.140248730778694153e-02
1.123900000000000000e+04,3.224910423159599304e-02
1.180100000000000000e+04,8.874689228832721710e-04
1.236300000000000000e+04,4.782020114362239838e-03
1.292500000000000000e+04,2.670332230627536774e-02
1.348700000000000000e+04,1.109540462493896484e-02
1.404900000000000000e+04,3.946126624941825867e-02
1.461100000000000000e+04,1.359620317816734314e-02
1.517300000000000000e+04,1.867740228772163391e-02
1.573500000000000000e+04,1.084896828979253769e-02
1.629700000000000000e+04,2.074528671801090240e-02
1.685900000000000000e+04,2.409371733665466309e-02
1.742100000000000000e+04,2.622625045478343964e-02
1.798300000000000000e+04,1.831218041479587555e-02
1.854500000000000000e+04,8.955989032983779907e-03
1.910700000000000000e+04,2.027364680543541908e-03
1.966900000000000000e+04,1.733709685504436493e-02
