9.919628500938415527e-01
6.666666865348815918e-01
6.666666865348815918e-01
6.666666865348815918e-01
6.666666865348815918e-01
6.666666865348815918e-01
6.666666865348815918e-01
6.666666269302368164e-01
6.666666269302368164e-01
6.666666865348815918e-01
6.666666269302368164e-01
6.666666865348815918e-01
6.666666865348815918e-01
6.666666269302368164e-01
6.666666269302368164e-01
6.666666269302368164e-01
6.666666865348815918e-01
6.666666865348815918e-01
6.666666865348815918e-01
6.666666269302368164e-01
6.666666865348815918e-01
6.666666865348815918e-01
6.666666865348815918e-01
6.666666269302368164e-01
6.666666269302368164e-01
6.666666269302368164e-01
6.666666865348815918e-01
6.666667461395263672e-01
6.666666865348815918e-01
6.666666269302368164e-01
6.666666865348815918e-01
6.666666865348815918e-01
6.666666865348815918e-01
6.666666865348815918e-01
6.666667461395263672e-01
6.666666865348815918e-01
