1.000000000000000000e+00,9.306673407554626465e-01
5.610000000000000000e+02,8.653935790061950684e-02
1.123000000000000000e+03,4.867639765143394470e-02
1.685000000000000000e+03,3.827519714832305908e-02
2.247000000000000000e+03,2.713692933320999146e-02
2.809000000000000000e+03,3.511035069823265076e-02
3.371000000000000000e+03,2.375095523893833160e-02
3.933000000000000000e+03,3.544776514172554016e-02
4.495000000000000000e+03,2.129440195858478546e-02
5.057000000000000000e+03,1.256999280303716660e-02
5.619000000000000000e+03,1.239077653735876083e-02
6.181000000000000000e+03,1.805460080504417419e-02
6.743000000000000000e+03,3.435863554477691650e-02
7.305000000000000000e+03,1.485152821987867355e-02
7.867000000000000000e+03,3.563685342669487000e-03
8.429000000000000000e+03,1.307624205946922302e-02
8.991000000000000000e+03,2.101317606866359711e-02
9.553000000000000000e+03,5.033109709620475769e-02
1.011500000000000000e+04,2.422081306576728821e-04
1.067700000000000000e+04,3.397496417164802551e-02
1.123900000000000000e+04,3.419279679656028748e-02
1.180100000000000000e+04,1.502330851508304477e-04
1.236300000000000000e+04,8.317997679114341736e-03
1.292500000000000000e+04,2.319305948913097382e-02
1.348700000000000000e+04,1.183760073035955429e-02
1.404900000000000000e+04,2.858094312250614166e-02
1.461100000000000000e+04,4.447866696864366531e-03
1.517300000000000000e+04,1.136652845889329910e-02
1.573500000000000000e+04,1.211827341467142105e-02
1.629700000000000000e+04,1.497568469494581223e-02
1.685900000000000000e+04,4.940993967466056347e-04
1.742100000000000000e+04,8.733880706131458282e-03
1.798300000000000000e+04,2.087514288723468781e-02
1.854500000000000000e+04,6.849919911473989487e-03
1.910700000000000000e+04,1.654769876040518284e-03
1.966900000000000000e+04,6.404567393474280834e-04
