1.000000000000000000e+00,1.552252769470214844e+00
5.610000000000000000e+02,7.104015946388244629e-01
1.123000000000000000e+03,6.177864670753479004e-01
1.685000000000000000e+03,5.149943232536315918e-01
2.247000000000000000e+03,4.749537408351898193e-01
2.809000000000000000e+03,3.921794295310974121e-01
3.371000000000000000e+03,3.922084569931030273e-01
3.933000000000000000e+03,3.424497246742248535e-01
4.495000000000000000e+03,3.265947997570037842e-01
5.057000000000000000e+03,2.712991535663604736e-01
5.619000000000000000e+03,3.191585540771484375e-01
6.181000000000000000e+03,2.467944324016571045e-01
6.743000000000000000e+03,2.503031790256500244e-01
7.305000000000000000e+03,2.257088720798492432e-01
7.867000000000000000e+03,2.249764651060104370e-01
8.429000000000000000e+03,2.543327510356903076e-01
8.991000000000000000e+03,2.164927124977111816e-01
9.553000000000000000e+03,1.809826493263244629e-01
1.011500000000000000e+04,2.146159559488296509e-01
1.067700000000000000e+04,1.583025455474853516e-01
1.123900000000000000e+04,1.657072752714157104e-01
1.180100000000000000e+04,2.327872514724731445e-01
1.236300000000000000e+04,1.482009887695312500e-01
1.292500000000000000e+04,1.602605283260345459e-01
1.348700000000000000e+04,1.593615859746932983e-01
1.404900000000000000e+04,1.249500811100006104e-01
1.461100000000000000e+04,1.612960547208786011e-01
