1.515626549720764160e+00
6.919670701026916504e-01
6.589338183403015137e-01
6.188364028930664062e-01
5.973742008209228516e-01
5.648512244224548340e-01
5.537484884262084961e-01
5.465283989906311035e-01
5.429056286811828613e-01
5.425391197204589844e-01
5.433124303817749023e-01
5.437303781509399414e-01
5.427277684211730957e-01
5.402300953865051270e-01
5.387938618659973145e-01
5.387423038482666016e-01
5.385902523994445801e-01
5.380188822746276855e-01
5.370759963989257812e-01
5.364096760749816895e-01
5.357229113578796387e-01
5.360218882560729980e-01
5.356066823005676270e-01
5.353724360466003418e-01
5.356066823005676270e-01
5.355936884880065918e-01
5.357447862625122070e-01
5.354418754577636719e-01
5.355848670005798340e-01
5.354358553886413574e-01
5.348015427589416504e-01
5.344795584678649902e-01
5.346108078956604004e-01
5.344871282577514648e-01
5.341748595237731934e-01
5.335554480552673340e-01
