1.578546643257141113e+00
7.105062007904052734e-01
6.750981211662292480e-01
6.333823800086975098e-01
6.134406328201293945e-01
5.971547365188598633e-01
5.947261452674865723e-01
5.750197172164916992e-01
5.770005583763122559e-01
5.717797875404357910e-01
5.809516310691833496e-01
5.676832795143127441e-01
5.834056735038757324e-01
5.661140084266662598e-01
5.484248399734497070e-01
5.616211295127868652e-01
5.675355792045593262e-01
5.348020792007446289e-01
5.522657036781311035e-01
5.336562991142272949e-01
5.315433144569396973e-01
5.252863168716430664e-01
5.513834357261657715e-01
5.419034361839294434e-01
5.424585342407226562e-01
5.306351780891418457e-01
5.515655875205993652e-01
5.252515673637390137e-01
5.481594204902648926e-01
5.309010148048400879e-01
5.444448590278625488e-01
5.342937111854553223e-01
5.427954196929931641e-01
5.335702300071716309e-01
5.418882966041564941e-01
5.326564311981201172e-01
