1.000000000000000000e+00,8.679929733276367188e+00
5.610000000000000000e+02,8.430973887443542480e-01
1.123000000000000000e+03,7.607590556144714355e-01
1.685000000000000000e+03,7.399105429649353027e-01
2.247000000000000000e+03,6.753709912300109863e-01
2.809000000000000000e+03,6.015300750732421875e-01
3.371000000000000000e+03,5.339252948760986328e-01
3.933000000000000000e+03,4.938542246818542480e-01
4.495000000000000000e+03,4.539895653724670410e-01
5.057000000000000000e+03,3.873802721500396729e-01
5.619000000000000000e+03,3.543525636196136475e-01
6.181000000000000000e+03,3.193145394325256348e-01
6.743000000000000000e+03,2.731765806674957275e-01
7.305000000000000000e+03,2.368303686380386353e-01
7.867000000000000000e+03,2.481389343738555908e-01
8.429000000000000000e+03,2.794619798660278320e-01
8.991000000000000000e+03,2.526144683361053467e-01
9.553000000000000000e+03,2.078666687011718750e-01
1.011500000000000000e+04,2.097496539354324341e-01
1.067700000000000000e+04,1.490717530250549316e-01
1.123900000000000000e+04,2.067717909812927246e-01
1.180100000000000000e+04,1.623811423778533936e-01
1.236300000000000000e+04,2.088512480258941650e-01
1.292500000000000000e+04,1.756766140460968018e-01
1.348700000000000000e+04,1.698087900876998901e-01
1.404900000000000000e+04,1.621688306331634521e-01
1.461100000000000000e+04,1.464850306510925293e-01
