1.000000000000000000e+00,3.318939208984375000e+00
5.610000000000000000e+02,7.984277606010437012e-01
1.123000000000000000e+03,7.317110896110534668e-01
1.685000000000000000e+03,6.192464828491210938e-01
2.247000000000000000e+03,5.567053556442260742e-01
2.809000000000000000e+03,4.983051419258117676e-01
3.371000000000000000e+03,4.318432211875915527e-01
3.933000000000000000e+03,4.281584620475769043e-01
4.495000000000000000e+03,3.598446547985076904e-01
5.057000000000000000e+03,3.226916790008544922e-01
5.619000000000000000e+03,2.931736707687377930e-01
6.181000000000000000e+03,2.865681946277618408e-01
6.743000000000000000e+03,3.047312200069427490e-01
7.305000000000000000e+03,2.501525878906250000e-01
7.867000000000000000e+03,2.728182077407836914e-01
8.429000000000000000e+03,2.362070083618164062e-01
8.991000000000000000e+03,2.617012560367584229e-01
9.553000000000000000e+03,1.841709315776824951e-01
1.011500000000000000e+04,2.414921820163726807e-01
1.067700000000000000e+04,1.478096842765808105e-01
1.123900000000000000e+04,1.573147773742675781e-01
1.180100000000000000e+04,2.078002989292144775e-01
1.236300000000000000e+04,2.145039886236190796e-01
1.292500000000000000e+04,1.543583571910858154e-01
1.348700000000000000e+04,1.488664299249649048e-01
1.404900000000000000e+04,1.024829298257827759e-01
1.461100000000000000e+04,1.698402017354965210e-01
