1.000000000000000000e+00,9.538902640342712402e-01
5.610000000000000000e+02,1.244472488760948181e-01
1.123000000000000000e+03,4.829005897045135498e-02
1.685000000000000000e+03,5.026567354798316956e-02
2.247000000000000000e+03,5.791437253355979919e-02
2.809000000000000000e+03,6.535042077302932739e-02
3.371000000000000000e+03,5.747967958450317383e-02
3.933000000000000000e+03,7.339052110910415649e-02
4.495000000000000000e+03,4.716008529067039490e-02
5.057000000000000000e+03,1.184331253170967102e-02
5.619000000000000000e+03,9.756626933813095093e-02
6.181000000000000000e+03,4.135697707533836365e-02
6.743000000000000000e+03,6.678536534309387207e-02
7.305000000000000000e+03,6.212928518652915955e-02
7.867000000000000000e+03,3.711559250950813293e-02
8.429000000000000000e+03,3.618855029344558716e-02
8.991000000000000000e+03,6.010660529136657715e-02
9.553000000000000000e+03,5.979219079017639160e-02
1.011500000000000000e+04,1.120376307517290115e-02
1.067700000000000000e+04,4.197132959961891174e-02
1.123900000000000000e+04,5.954698845744132996e-02
1.180100000000000000e+04,3.053171001374721527e-02
1.236300000000000000e+04,1.874350570142269135e-02
1.292500000000000000e+04,3.470629826188087463e-02
1.348700000000000000e+04,5.748037993907928467e-02
1.404900000000000000e+04,8.047441393136978149e-02
1.461100000000000000e+04,2.753892354667186737e-02
1.517300000000000000e+04,4.335315153002738953e-02
1.573500000000000000e+04,2.367920428514480591e-02
1.629700000000000000e+04,1.400925684720277786e-02
1.685900000000000000e+04,1.168688666075468063e-02
1.742100000000000000e+04,1.582559756934642792e-02
1.798300000000000000e+04,2.815397270023822784e-02
1.854500000000000000e+04,4.791697859764099121e-02
1.910700000000000000e+04,1.805496029555797577e-02
1.966900000000000000e+04,1.455933321267366409e-02
