1.000000000000000000e+00,1.883729100227355957e+00
5.610000000000000000e+02,7.519216537475585938e-01
1.123000000000000000e+03,6.864413619041442871e-01
1.685000000000000000e+03,5.970266461372375488e-01
2.247000000000000000e+03,5.565072298049926758e-01
2.809000000000000000e+03,4.358367323875427246e-01
3.371000000000000000e+03,4.360206127166748047e-01
3.933000000000000000e+03,3.810504078865051270e-01
4.495000000000000000e+03,3.359385132789611816e-01
5.057000000000000000e+03,3.660599589347839355e-01
5.619000000000000000e+03,3.676390051841735840e-01
6.181000000000000000e+03,2.931821346282958984e-01
6.743000000000000000e+03,3.297701776027679443e-01
7.305000000000000000e+03,2.672248482704162598e-01
7.867000000000000000e+03,2.519197165966033936e-01
8.429000000000000000e+03,3.058789074420928955e-01
8.991000000000000000e+03,3.228514194488525391e-01
9.553000000000000000e+03,2.499269992113113403e-01
1.011500000000000000e+04,2.483246624469757080e-01
1.067700000000000000e+04,2.153030335903167725e-01
1.123900000000000000e+04,2.088609039783477783e-01
1.180100000000000000e+04,2.540853917598724365e-01
1.236300000000000000e+04,1.755018979310989380e-01
1.292500000000000000e+04,1.781131923198699951e-01
1.348700000000000000e+04,1.439715474843978882e-01
1.404900000000000000e+04,1.824038177728652954e-01
1.461100000000000000e+04,1.881983429193496704e-01
