1.000000000000000000e+00,2.853785514831542969e+00
5.610000000000000000e+02,7.283888459205627441e-01
1.123000000000000000e+03,6.724777221679687500e-01
1.685000000000000000e+03,5.855782032012939453e-01
2.247000000000000000e+03,5.532293319702148438e-01
2.809000000000000000e+03,4.678941369056701660e-01
3.371000000000000000e+03,4.340829849243164062e-01
3.933000000000000000e+03,4.051962792873382568e-01
4.495000000000000000e+03,3.363071680068969727e-01
5.057000000000000000e+03,3.409309983253479004e-01
5.619000000000000000e+03,3.670153915882110596e-01
6.181000000000000000e+03,2.414928078651428223e-01
6.743000000000000000e+03,2.888840138912200928e-01
7.305000000000000000e+03,2.613424360752105713e-01
7.867000000000000000e+03,2.020348459482192993e-01
8.429000000000000000e+03,2.335016727447509766e-01
8.991000000000000000e+03,2.445212155580520630e-01
9.553000000000000000e+03,2.276459634304046631e-01
1.011500000000000000e+04,2.060048282146453857e-01
1.067700000000000000e+04,1.665531992912292480e-01
1.123900000000000000e+04,1.953072249889373779e-01
1.180100000000000000e+04,1.994867771863937378e-01
1.236300000000000000e+04,1.527052372694015503e-01
1.292500000000000000e+04,1.654066145420074463e-01
1.348700000000000000e+04,1.786726415157318115e-01
1.404900000000000000e+04,1.027984321117401123e-01
1.461100000000000000e+04,1.454292982816696167e-01
