8.648054003715515137e-01
6.368268132209777832e-01
5.750262737274169922e-01
5.598675608634948730e-01
5.481266975402832031e-01
5.413205623626708984e-01
5.365005731582641602e-01
5.313559770584106445e-01
5.272179245948791504e-01
5.238925814628601074e-01
5.213561058044433594e-01
5.197764635086059570e-01
5.189679265022277832e-01
5.189792513847351074e-01
5.194144845008850098e-01
5.185120701789855957e-01
5.177487730979919434e-01
5.175457000732421875e-01
5.183284282684326172e-01
5.185194611549377441e-01
5.187950730323791504e-01
5.189034342765808105e-01
5.189554691314697266e-01
5.192524790763854980e-01
5.199123024940490723e-01
5.203579068183898926e-01
5.207513570785522461e-01
5.213069915771484375e-01
5.225449204444885254e-01
5.236454606056213379e-01
5.244559049606323242e-01
5.250492095947265625e-01
5.257244706153869629e-01
5.263470411300659180e-01
5.265482068061828613e-01
5.269594192504882812e-01
