8.565111756324768066e-01
6.392514109611511230e-01
5.825741887092590332e-01
5.683359503746032715e-01
5.659409165382385254e-01
5.699158310890197754e-01
5.561498999595642090e-01
5.435733199119567871e-01
5.818641781806945801e-01
5.392145514488220215e-01
5.208955407142639160e-01
5.438768267631530762e-01
5.572896003723144531e-01
5.539146065711975098e-01
5.529350638389587402e-01
5.536786913871765137e-01
5.334521532058715820e-01
5.388678312301635742e-01
5.333666205406188965e-01
5.437324643135070801e-01
5.429151058197021484e-01
5.300149321556091309e-01
5.227490663528442383e-01
5.332357287406921387e-01
5.797069668769836426e-01
4.998568594455718994e-01
5.433326363563537598e-01
5.475865006446838379e-01
5.331891179084777832e-01
4.987512528896331787e-01
5.054741501808166504e-01
5.359854102134704590e-01
5.135080814361572266e-01
5.332264900207519531e-01
5.479065775871276855e-01
5.275300741195678711e-01
