1.000000000000000000e+00,2.697822570800781250e+00
1.124000000000000000e+03,6.864966154098510742e-01
2.249000000000000000e+03,4.938293993473052979e-01
3.374000000000000000e+03,4.133189618587493896e-01
4.499000000000000000e+03,3.338806033134460449e-01
5.624000000000000000e+03,3.249829113483428955e-01
6.749000000000000000e+03,1.966658383607864380e-01
7.874000000000000000e+03,1.891389489173889160e-01
8.999000000000000000e+03,1.847048848867416382e-01
1.012400000000000000e+04,1.578409522771835327e-01
1.124900000000000000e+04,2.056491672992706299e-01
1.237400000000000000e+04,1.663350313901901245e-01
1.349900000000000000e+04,1.575756818056106567e-01
1.462400000000000000e+04,1.240538433194160461e-01
1.574900000000000000e+04,1.489783823490142822e-01
1.687400000000000000e+04,7.811963558197021484e-02
1.799900000000000000e+04,1.136797517538070679e-01
1.912400000000000000e+04,8.664169907569885254e-02
