1.000000000000000000e+00,4.245128631591796875e+00
5.610000000000000000e+02,7.755590677261352539e-01
1.123000000000000000e+03,6.790872812271118164e-01
1.685000000000000000e+03,6.310706734657287598e-01
2.247000000000000000e+03,5.355757474899291992e-01
2.809000000000000000e+03,4.557316899299621582e-01
3.371000000000000000e+03,4.404664933681488037e-01
3.933000000000000000e+03,4.173762500286102295e-01
4.495000000000000000e+03,3.481290042400360107e-01
5.057000000000000000e+03,3.405922055244445801e-01
5.619000000000000000e+03,3.438073992729187012e-01
6.181000000000000000e+03,3.297755122184753418e-01
6.743000000000000000e+03,3.475906550884246826e-01
7.305000000000000000e+03,3.132934868335723877e-01
7.867000000000000000e+03,2.904959917068481445e-01
8.429000000000000000e+03,3.506823182106018066e-01
8.991000000000000000e+03,3.157518506050109863e-01
9.553000000000000000e+03,2.877675294876098633e-01
1.011500000000000000e+04,3.408055007457733154e-01
1.067700000000000000e+04,1.994203925132751465e-01
1.123900000000000000e+04,2.463330924510955811e-01
1.180100000000000000e+04,2.654754519462585449e-01
1.236300000000000000e+04,2.365345060825347900e-01
1.292500000000000000e+04,2.448475211858749390e-01
1.348700000000000000e+04,2.352604866027832031e-01
1.404900000000000000e+04,2.288779467344284058e-01
1.461100000000000000e+04,2.283255457878112793e-01
