2.531617641448974609e+00
7.825537919998168945e-01
6.311724781990051270e-01
5.282765626907348633e-01
4.478765428066253662e-01
3.813650310039520264e-01
3.320704698562622070e-01
2.899553179740905762e-01
2.646107375621795654e-01
2.438611537218093872e-01
2.219271659851074219e-01
1.999140530824661255e-01
1.941307634115219116e-01
1.805040389299392700e-01
1.750390529632568359e-01
1.637317687273025513e-01
1.553539186716079712e-01
1.494717150926589966e-01
1.441167145967483521e-01
1.385041028261184692e-01
1.339271515607833862e-01
1.363881230354309082e-01
1.291188597679138184e-01
