2.508370876312255859e+00
7.826093435287475586e-01
6.445419192314147949e-01
5.455713272094726562e-01
4.191302657127380371e-01
3.258823752403259277e-01
2.833266556262969971e-01
2.554697692394256592e-01
1.894476562738418579e-01
2.333139032125473022e-01
1.995998471975326538e-01
2.137122005224227905e-01
1.780781894922256470e-01
1.943606883287429810e-01
1.350501626729965210e-01
1.339965015649795532e-01
1.176761016249656677e-01
1.637739092111587524e-01
1.362453848123550415e-01
1.420168727636337280e-01
1.059580594301223755e-01
8.382057398557662964e-02
1.184812262654304504e-01
