1.000000000000000000e+00,1.228740811347961426e+00
5.610000000000000000e+02,1.395118832588195801e-01
1.123000000000000000e+03,5.830042064189910889e-02
1.685000000000000000e+03,5.533277615904808044e-02
2.247000000000000000e+03,4.251810535788536072e-02
2.809000000000000000e+03,5.463594198226928711e-02
3.371000000000000000e+03,3.530938550829887390e-02
3.933000000000000000e+03,4.171623289585113525e-02
4.495000000000000000e+03,2.229870669543743134e-02
5.057000000000000000e+03,2.904322231188416481e-03
5.619000000000000000e+03,2.047833427786827087e-02
6.181000000000000000e+03,2.948071993887424469e-02
6.743000000000000000e+03,4.677639901638031006e-02
7.305000000000000000e+03,2.317604981362819672e-02
7.867000000000000000e+03,7.666213437914848328e-03
8.429000000000000000e+03,1.359237730503082275e-02
8.991000000000000000e+03,2.055864594876766205e-02
9.553000000000000000e+03,5.543538555502891541e-02
1.011500000000000000e+04,5.296013783663511276e-03
1.067700000000000000e+04,3.627455607056617737e-02
1.123900000000000000e+04,1.493367925286293030e-02
1.180100000000000000e+04,1.132560719270259142e-04
1.236300000000000000e+04,4.553128092084079981e-04
1.292500000000000000e+04,3.148249164223670959e-02
1.348700000000000000e+04,1.192411128431558609e-02
1.404900000000000000e+04,2.275850437581539154e-02
1.461100000000000000e+04,3.908331040292978287e-03
1.517300000000000000e+04,2.382089383900165558e-02
1.573500000000000000e+04,5.991683807224035263e-03
1.629700000000000000e+04,2.580229751765727997e-02
1.685900000000000000e+04,2.554704900830984116e-03
1.742100000000000000e+04,1.113760191947221756e-02
1.798300000000000000e+04,7.974219508469104767e-03
1.854500000000000000e+04,1.079134363681077957e-02
1.910700000000000000e+04,1.021557394415140152e-02
1.966900000000000000e+04,7.395026623271405697e-04
