9.790560603141784668e-01
6.666666269302368164e-01
6.666666269302368164e-01
6.666666865348815918e-01
6.666666269302368164e-01
6.666666865348815918e-01
6.666666269302368164e-01
6.666666269302368164e-01
6.666666865348815918e-01
6.666666865348815918e-01
6.666666865348815918e-01
6.666666865348815918e-01
6.666666865348815918e-01
6.666666269302368164e-01
6.666666269302368164e-01
6.666666865348815918e-01
6.666666269302368164e-01
6.666666865348815918e-01
6.666666865348815918e-01
6.666665673255920410e-01
6.666666269302368164e-01
6.666665673255920410e-01
6.666666865348815918e-01
6.666666269302368164e-01
6.666666865348815918e-01
6.666667461395263672e-01
6.666672229766845703e-01
6.666667461395263672e-01
6.666665673255920410e-01
6.666666865348815918e-01
6.666665673255920410e-01
6.666672825813293457e-01
6.666666269302368164e-01
6.666665673255920410e-01
6.666666865348815918e-01
6.666666865348815918e-01
