9.667496085166931152e-01
2.184440642595291138e-01
9.685221314430236816e-02
1.118003651499748230e-01
1.141841486096382141e-01
7.915867120027542114e-02
3.424756601452827454e-02
8.551537990570068359e-02
7.150488346815109253e-02
6.294485926628112793e-02
2.460105530917644501e-02
4.975092038512229919e-02
7.818256318569183350e-02
5.165949836373329163e-02
2.219499647617340088e-02
5.235442519187927246e-02
4.090400040149688721e-02
6.861255317926406860e-02
1.670621708035469055e-02
4.017889872193336487e-02
4.329454898834228516e-02
6.628257781267166138e-02
4.466898739337921143e-02
5.307152494788169861e-02
6.093548610806465149e-02
7.873430103063583374e-02
4.829805716872215271e-02
