1.000000000000000000e+00,9.398537278175354004e-01
5.610000000000000000e+02,8.134218305349349976e-02
1.123000000000000000e+03,4.869599640369415283e-02
1.685000000000000000e+03,4.779758676886558533e-02
2.247000000000000000e+03,5.494380369782447815e-02
2.809000000000000000e+03,7.089389115571975708e-02
3.371000000000000000e+03,4.883261397480964661e-02
3.933000000000000000e+03,6.424462795257568359e-02
4.495000000000000000e+03,4.019757732748985291e-02
5.057000000000000000e+03,8.029493503272533417e-03
5.619000000000000000e+03,6.123821809887886047e-02
6.181000000000000000e+03,4.313107952475547791e-02
6.743000000000000000e+03,7.050494849681854248e-02
7.305000000000000000e+03,3.130844607949256897e-02
7.867000000000000000e+03,2.397697232663631439e-02
8.429000000000000000e+03,1.716419495642185211e-02
8.991000000000000000e+03,2.958774566650390625e-02
9.553000000000000000e+03,7.446192950010299683e-02
1.011500000000000000e+04,2.568253874778747559e-02
1.067700000000000000e+04,5.029107630252838135e-02
1.123900000000000000e+04,5.020919814705848694e-02
1.180100000000000000e+04,4.492901265621185303e-03
1.236300000000000000e+04,2.017567865550518036e-02
1.292500000000000000e+04,5.278488993644714355e-02
1.348700000000000000e+04,1.005983073264360428e-02
1.404900000000000000e+04,4.277511313557624817e-02
1.461100000000000000e+04,1.476382091641426086e-02
1.517300000000000000e+04,5.623681470751762390e-02
1.573500000000000000e+04,1.862999610602855682e-02
1.629700000000000000e+04,3.037854842841625214e-02
1.685900000000000000e+04,2.261036634445190430e-02
1.742100000000000000e+04,2.529977075755596161e-02
1.798300000000000000e+04,2.882947027683258057e-02
1.854500000000000000e+04,8.696206496097147465e-04
1.910700000000000000e+04,8.310359902679920197e-03
1.966900000000000000e+04,3.778237849473953247e-03
