-4.801445826888084412e-02
4.480115324258804321e-02
2.567859292030334473e-01
-9.011221677064895630e-02
-8.954822272062301636e-02
-2.055342793464660645e-01
2.568406760692596436e-01
-1.662253290414810181e-01
-1.863727346062660217e-02
2.041699737310409546e-01
-3.528266400098800659e-02
-4.955719038844108582e-02
2.165320664644241333e-01
1.192851066589355469e-01
6.734502315521240234e-02
1.101368889212608337e-01
3.048620820045471191e-01
2.427210807800292969e-01
-9.392697364091873169e-02
2.212790399789810181e-01
-1.045978255569934845e-02
-5.525060743093490601e-02
-8.216494321823120117e-02
7.741956412792205811e-02
1.053731441497802734e-01
6.390885915607213974e-03
3.285842761397361755e-02
8.714222162961959839e-02
-4.169685840606689453e-01
-6.797952950000762939e-02
8.242438733577728271e-02
-2.880963385105133057e-01
-6.392960995435714722e-02
1.030192617326974869e-02
-2.149859368801116943e-01
3.245351314544677734e-01
-1.045154407620429993e-01
-1.378062553703784943e-02
-3.018731065094470978e-02
4.356523603200912476e-02
