1.000000000000000000e+00,2.318681240081787109e+00
5.610000000000000000e+02,7.480863332748413086e-01
1.123000000000000000e+03,6.571656465530395508e-01
1.685000000000000000e+03,5.837221741676330566e-01
2.247000000000000000e+03,5.272125601768493652e-01
2.809000000000000000e+03,4.890131354331970215e-01
3.371000000000000000e+03,4.518011212348937988e-01
3.933000000000000000e+03,4.421567618846893311e-01
4.495000000000000000e+03,4.257943332195281982e-01
5.057000000000000000e+03,3.869209289550781250e-01
5.619000000000000000e+03,4.295728206634521484e-01
6.181000000000000000e+03,3.626918494701385498e-01
6.743000000000000000e+03,3.536805808544158936e-01
7.305000000000000000e+03,3.119613826274871826e-01
7.867000000000000000e+03,3.736330866813659668e-01
8.429000000000000000e+03,3.044834733009338379e-01
8.991000000000000000e+03,3.095582723617553711e-01
9.553000000000000000e+03,3.044018447399139404e-01
1.011500000000000000e+04,2.873109579086303711e-01
1.067700000000000000e+04,2.642417550086975098e-01
1.123900000000000000e+04,2.593369185924530029e-01
1.180100000000000000e+04,2.844299376010894775e-01
1.236300000000000000e+04,2.770767211914062500e-01
1.292500000000000000e+04,2.400501370429992676e-01
1.348700000000000000e+04,2.464633733034133911e-01
1.404900000000000000e+04,1.840388029813766479e-01
1.461100000000000000e+04,2.530435919761657715e-01
