1.000000000000000000e+00,1.012930035591125488e+00
5.610000000000000000e+02,2.806702554225921631e-01
1.123000000000000000e+03,2.806997001171112061e-01
1.685000000000000000e+03,2.246268540620803833e-01
2.247000000000000000e+03,2.062555998563766479e-01
2.809000000000000000e+03,1.946488767862319946e-01
3.371000000000000000e+03,1.997465491294860840e-01
3.933000000000000000e+03,1.982966214418411255e-01
4.495000000000000000e+03,1.678382307291030884e-01
5.057000000000000000e+03,1.404732912778854370e-01
5.619000000000000000e+03,1.947877854108810425e-01
6.181000000000000000e+03,1.186907291412353516e-01
6.743000000000000000e+03,1.362239271402359009e-01
7.305000000000000000e+03,1.346141546964645386e-01
7.867000000000000000e+03,1.011993661522865295e-01
8.429000000000000000e+03,1.030816435813903809e-01
8.991000000000000000e+03,1.296466141939163208e-01
9.553000000000000000e+03,1.601742655038833618e-01
1.011500000000000000e+04,6.083169206976890564e-02
1.067700000000000000e+04,1.161586120724678040e-01
1.123900000000000000e+04,1.539115160703659058e-01
1.180100000000000000e+04,7.796388119459152222e-02
1.236300000000000000e+04,5.389850214123725891e-02
1.292500000000000000e+04,1.287162601947784424e-01
1.348700000000000000e+04,1.076807007193565369e-01
1.404900000000000000e+04,1.520359516143798828e-01
1.461100000000000000e+04,7.716502249240875244e-02
1.517300000000000000e+04,1.243559047579765320e-01
1.573500000000000000e+04,7.946491241455078125e-02
1.629700000000000000e+04,6.316495686769485474e-02
1.685900000000000000e+04,8.913915604352951050e-02
1.742100000000000000e+04,9.102355688810348511e-02
1.798300000000000000e+04,8.103325963020324707e-02
1.854500000000000000e+04,7.189910858869552612e-02
1.910700000000000000e+04,4.286719858646392822e-02
1.966900000000000000e+04,1.006399616599082947e-01
