1.075433254241943359e+00
7.015023231506347656e-01
6.261628270149230957e-01
5.880149006843566895e-01
5.702751874923706055e-01
5.622499585151672363e-01
5.570471882820129395e-01
5.508152842521667480e-01
5.411335825920104980e-01
5.377211570739746094e-01
5.337179303169250488e-01
5.309489965438842773e-01
5.275318026542663574e-01
5.219209790229797363e-01
5.188749432563781738e-01
5.176579356193542480e-01
5.165761113166809082e-01
5.150933861732482910e-01
5.148656368255615234e-01
5.148130059242248535e-01
5.151742100715637207e-01
5.155373215675354004e-01
5.156574249267578125e-01
5.158330798149108887e-01
5.161416530609130859e-01
5.160730481147766113e-01
5.164850354194641113e-01
5.167601108551025391e-01
5.168834924697875977e-01
5.168165564537048340e-01
5.168883800506591797e-01
5.172148346900939941e-01
5.172827839851379395e-01
5.175786614418029785e-01
5.175443291664123535e-01
5.181611180305480957e-01
