1.069039821624755859e+00
7.166097760200500488e-01
6.720997691154479980e-01
5.993567109107971191e-01
5.745307207107543945e-01
5.773240327835083008e-01
5.739945769309997559e-01
5.487462878227233887e-01
5.517124533653259277e-01
5.399777293205261230e-01
5.538192987442016602e-01
5.242825150489807129e-01
5.578449368476867676e-01
5.181890130043029785e-01
5.007807612419128418e-01
5.302602648735046387e-01
5.236164927482604980e-01
5.289950966835021973e-01
5.279936194419860840e-01
5.193447470664978027e-01
5.313359498977661133e-01
5.191091895103454590e-01
5.375714302062988281e-01
5.419930815696716309e-01
5.058360099792480469e-01
5.193272233009338379e-01
5.285159945487976074e-01
5.148823857307434082e-01
5.162018537521362305e-01
5.303991436958312988e-01
5.265412330627441406e-01
5.233475565910339355e-01
5.379373431205749512e-01
5.297445058822631836e-01
5.320898890495300293e-01
5.259631276130676270e-01
