1.000000000000000000e+00,9.846636652946472168e-01
5.610000000000000000e+02,1.067190542817115784e-01
1.123000000000000000e+03,5.638026073575019836e-02
1.685000000000000000e+03,4.766207933425903320e-02
2.247000000000000000e+03,3.083557821810245514e-02
2.809000000000000000e+03,4.736496508121490479e-02
3.371000000000000000e+03,1.204898301512002945e-02
3.933000000000000000e+03,4.871109127998352051e-02
4.495000000000000000e+03,2.938349358737468719e-02
5.057000000000000000e+03,3.453955054283142090e-03
5.619000000000000000e+03,1.118884235620498657e-02
6.181000000000000000e+03,2.289992570877075195e-02
6.743000000000000000e+03,1.310528814792633057e-02
7.305000000000000000e+03,2.533397823572158813e-02
7.867000000000000000e+03,1.559869735501706600e-03
8.429000000000000000e+03,1.750948093831539154e-02
8.991000000000000000e+03,4.686544835567474365e-02
9.553000000000000000e+03,3.447299078106880188e-02
1.011500000000000000e+04,1.725846435874700546e-03
1.067700000000000000e+04,3.519236668944358826e-02
1.123900000000000000e+04,2.144705504179000854e-02
1.180100000000000000e+04,1.969071105122566223e-02
1.236300000000000000e+04,1.864164951257407665e-03
1.292500000000000000e+04,2.373074181377887726e-02
1.348700000000000000e+04,5.151726771146059036e-03
1.404900000000000000e+04,2.439395524561405182e-02
1.461100000000000000e+04,2.888763090595602989e-03
1.517300000000000000e+04,2.549948543310165405e-02
1.573500000000000000e+04,1.515107695013284683e-02
1.629700000000000000e+04,3.240101411938667297e-02
1.685900000000000000e+04,8.879051543772220612e-03
1.742100000000000000e+04,6.427403073757886887e-03
1.798300000000000000e+04,7.042233366519212723e-03
1.854500000000000000e+04,2.207640558481216431e-03
1.910700000000000000e+04,3.896365815307945013e-04
1.966900000000000000e+04,4.952473100274801254e-04
