1.000000000000000000e+00,1.015272259712219238e+00
5.610000000000000000e+02,7.960905134677886963e-02
1.123000000000000000e+03,5.843274667859077454e-02
1.685000000000000000e+03,4.575523734092712402e-02
2.247000000000000000e+03,3.636836633086204529e-02
2.809000000000000000e+03,5.601546540856361389e-02
3.371000000000000000e+03,4.047745838761329651e-02
3.933000000000000000e+03,5.963955447077751160e-02
4.495000000000000000e+03,3.359662741422653198e-02
5.057000000000000000e+03,2.947272500023245811e-03
5.619000000000000000e+03,3.355371206998825073e-02
6.181000000000000000e+03,2.566133625805377960e-02
6.743000000000000000e+03,3.807071968913078308e-02
7.305000000000000000e+03,2.975394017994403839e-02
7.867000000000000000e+03,1.578089967370033264e-02
8.429000000000000000e+03,1.336428150534629822e-02
8.991000000000000000e+03,1.827097311615943909e-02
9.553000000000000000e+03,4.705044254660606384e-02
1.011500000000000000e+04,1.162811089307069778e-02
1.067700000000000000e+04,2.269567549228668213e-02
1.123900000000000000e+04,1.601962000131607056e-02
1.180100000000000000e+04,1.677676453255116940e-03
1.236300000000000000e+04,2.569435629993677139e-03
1.292500000000000000e+04,2.202431671321392059e-02
1.348700000000000000e+04,2.957168780267238617e-02
1.404900000000000000e+04,2.475683577358722687e-02
1.461100000000000000e+04,1.811755076050758362e-02
1.517300000000000000e+04,3.843702375888824463e-02
1.573500000000000000e+04,2.116958796977996826e-02
1.629700000000000000e+04,1.844785735011100769e-02
1.685900000000000000e+04,1.069926377385854721e-02
1.742100000000000000e+04,2.168240956962108612e-02
1.798300000000000000e+04,2.116357348859310150e-02
1.854500000000000000e+04,1.457041129469871521e-03
1.910700000000000000e+04,1.254017557948827744e-02
1.966900000000000000e+04,1.060285791754722595e-02
