1.002555012702941895e+00
2.354112714529037476e-01
1.138443276286125183e-01
8.947694301605224609e-02
8.178497105836868286e-02
7.632736861705780029e-02
7.146310061216354370e-02
6.559416651725769043e-02
5.892529711127281189e-02
5.122725665569305420e-02
4.533642530441284180e-02
4.204945266246795654e-02
4.126073792576789856e-02
3.919481113553047180e-02
3.685128316283226013e-02
3.247240558266639709e-02
3.227735683321952820e-02
3.223913908004760742e-02
2.902585826814174652e-02
2.910147607326507568e-02
2.845329232513904572e-02
2.766126394271850586e-02
2.577487565577030182e-02
2.469066530466079712e-02
2.346763201057910919e-02
2.481619454920291901e-02
2.475956641137599945e-02
