1.000000000000000000e+00,1.478922247886657715e+00
5.610000000000000000e+02,1.096208766102790833e-01
1.123000000000000000e+03,5.428804457187652588e-02
1.685000000000000000e+03,4.640804231166839600e-02
2.247000000000000000e+03,4.536922276020050049e-02
2.809000000000000000e+03,7.511544972658157349e-02
3.371000000000000000e+03,4.743615165352821350e-02
3.933000000000000000e+03,8.119382709264755249e-02
4.495000000000000000e+03,4.578271135687828064e-02
5.057000000000000000e+03,1.282773166894912720e-02
5.619000000000000000e+03,8.184177428483963013e-02
6.181000000000000000e+03,4.725575447082519531e-02
6.743000000000000000e+03,6.045959517359733582e-02
7.305000000000000000e+03,4.003391787409782410e-02
7.867000000000000000e+03,3.945408016443252563e-02
8.429000000000000000e+03,2.456068247556686401e-02
8.991000000000000000e+03,3.952407464385032654e-02
9.553000000000000000e+03,1.048035398125648499e-01
1.011500000000000000e+04,1.274938602000474930e-02
1.067700000000000000e+04,3.253484889864921570e-02
1.123900000000000000e+04,4.458716139197349548e-02
1.180100000000000000e+04,2.104157116264104843e-03
1.236300000000000000e+04,1.814890652894973755e-02
1.292500000000000000e+04,4.400761798024177551e-02
1.348700000000000000e+04,1.709720492362976074e-02
1.404900000000000000e+04,2.333250083029270172e-02
1.461100000000000000e+04,7.275603245943784714e-03
1.517300000000000000e+04,3.947833925485610962e-02
1.573500000000000000e+04,7.449926342815160751e-03
1.629700000000000000e+04,2.558352239429950714e-02
1.685900000000000000e+04,1.228846726007759571e-03
1.742100000000000000e+04,2.304042689502239227e-02
1.798300000000000000e+04,8.199595846235752106e-03
1.854500000000000000e+04,1.043912675231695175e-02
1.910700000000000000e+04,1.606051437556743622e-02
1.966900000000000000e+04,6.170003325678408146e-04
