1.000000000000000000e+00,8.938199043273925781e+00
5.610000000000000000e+02,8.333081007003784180e-01
1.123000000000000000e+03,7.630662918090820312e-01
1.685000000000000000e+03,7.237735390663146973e-01
2.247000000000000000e+03,6.758863925933837891e-01
2.809000000000000000e+03,6.401562690734863281e-01
3.371000000000000000e+03,5.842432975769042969e-01
3.933000000000000000e+03,5.176036357879638672e-01
4.495000000000000000e+03,4.752404987812042236e-01
5.057000000000000000e+03,4.484704732894897461e-01
5.619000000000000000e+03,4.270179271697998047e-01
6.181000000000000000e+03,3.684181869029998779e-01
6.743000000000000000e+03,3.784464299678802490e-01
7.305000000000000000e+03,3.411648869514465332e-01
7.867000000000000000e+03,3.397714197635650635e-01
8.429000000000000000e+03,3.490485548973083496e-01
8.991000000000000000e+03,3.211959898471832275e-01
9.553000000000000000e+03,2.830025255680084229e-01
1.011500000000000000e+04,2.493913322687149048e-01
1.067700000000000000e+04,2.065951079130172729e-01
1.123900000000000000e+04,2.142106145620346069e-01
1.180100000000000000e+04,2.322962284088134766e-01
1.236300000000000000e+04,2.276676893234252930e-01
1.292500000000000000e+04,2.099541574716567993e-01
1.348700000000000000e+04,1.981647014617919922e-01
1.404900000000000000e+04,1.947543919086456299e-01
1.461100000000000000e+04,1.769532859325408936e-01
