9.229731559753417969e-01
6.497402191162109375e-01
5.715701580047607422e-01
5.526012778282165527e-01
5.454769730567932129e-01
5.419003367424011230e-01
5.395143628120422363e-01
5.377318859100341797e-01
5.352433323860168457e-01
5.325238704681396484e-01
5.302701592445373535e-01
5.289124846458435059e-01
5.272596478462219238e-01
5.259785056114196777e-01
5.246197581291198730e-01
5.228474736213684082e-01
5.203203558921813965e-01
5.173078179359436035e-01
5.155059099197387695e-01
5.143815279006958008e-01
5.135570764541625977e-01
5.125100016593933105e-01
5.109677314758300781e-01
5.090498328208923340e-01
5.074710845947265625e-01
5.056686401367187500e-01
5.038231015205383301e-01
5.024691224098205566e-01
5.013552308082580566e-01
4.998724758625030518e-01
4.991384744644165039e-01
4.988491833209991455e-01
4.983197450637817383e-01
4.977816343307495117e-01
4.974843561649322510e-01
4.972781240940093994e-01
