9.281430244445800781e-01
6.340706348419189453e-01
5.565531253814697266e-01
5.230855345726013184e-01
5.428300499916076660e-01
5.434275865554809570e-01
5.401493906974792480e-01
5.244799256324768066e-01
5.487123727798461914e-01
5.291060805320739746e-01
5.389612317085266113e-01
5.291687846183776855e-01
5.434650182723999023e-01
5.234323143959045410e-01
5.310537815093994141e-01
5.357539057731628418e-01
5.278663635253906250e-01
5.105337500572204590e-01
5.247723460197448730e-01
5.315839648246765137e-01
5.221052169799804688e-01
5.175429582595825195e-01
5.107430815696716309e-01
5.215900540351867676e-01
5.193249583244323730e-01
5.054144263267517090e-01
5.179257988929748535e-01
4.983334541320800781e-01
5.240331888198852539e-01
4.889888763427734375e-01
4.901987016201019287e-01
5.271127223968505859e-01
5.134216547012329102e-01
5.180978775024414062e-01
5.036242604255676270e-01
5.143401026725769043e-01
