1.000000000000000000e+00,1.465847969055175781e+00
5.610000000000000000e+02,1.842340379953384399e-01
1.123000000000000000e+03,7.361105829477310181e-02
1.685000000000000000e+03,5.598964914679527283e-02
2.247000000000000000e+03,3.311488404870033264e-02
2.809000000000000000e+03,6.549599021673202515e-02
3.371000000000000000e+03,1.584611274302005768e-02
3.933000000000000000e+03,6.248284876346588135e-02
4.495000000000000000e+03,2.188020013272762299e-02
5.057000000000000000e+03,4.856812302023172379e-03
5.619000000000000000e+03,6.739508360624313354e-02
6.181000000000000000e+03,1.979128830134868622e-02
6.743000000000000000e+03,6.863530259579420090e-03
7.305000000000000000e+03,3.463562205433845520e-02
7.867000000000000000e+03,1.924831978976726532e-02
8.429000000000000000e+03,2.423081547021865845e-02
8.991000000000000000e+03,4.912313818931579590e-02
9.553000000000000000e+03,4.453491047024726868e-02
1.011500000000000000e+04,2.014799974858760834e-02
1.067700000000000000e+04,1.986039802432060242e-02
1.123900000000000000e+04,3.316457197070121765e-02
1.180100000000000000e+04,8.923633955419063568e-03
1.236300000000000000e+04,4.644785542041063309e-03
1.292500000000000000e+04,3.372546657919883728e-02
1.348700000000000000e+04,3.375249356031417847e-02
1.404900000000000000e+04,4.379369691014289856e-02
1.461100000000000000e+04,1.634544506669044495e-02
1.517300000000000000e+04,3.344100341200828552e-02
1.573500000000000000e+04,6.175950169563293457e-03
1.629700000000000000e+04,1.133088371716439724e-03
1.685900000000000000e+04,3.995373845100402832e-03
1.742100000000000000e+04,1.765520311892032623e-02
1.798300000000000000e+04,9.662510827183723450e-03
1.854500000000000000e+04,8.152445661835372448e-05
1.910700000000000000e+04,1.353902480332180858e-04
1.966900000000000000e+04,1.841048710048198700e-02
