1.217722296714782715e+00
6.486019492149353027e-01
6.040011644363403320e-01
5.839949846267700195e-01
5.723732113838195801e-01
5.594431757926940918e-01
5.442686080932617188e-01
5.297880768775939941e-01
5.242078900337219238e-01
5.172973275184631348e-01
5.131954550743103027e-01
5.109322667121887207e-01
5.095977187156677246e-01
5.078678727149963379e-01
5.067719817161560059e-01
5.056014657020568848e-01
5.050814747810363770e-01
5.046620965003967285e-01
5.041859745979309082e-01
5.039057135581970215e-01
5.037778615951538086e-01
5.035028457641601562e-01
5.033864974975585938e-01
5.032090544700622559e-01
5.030710101127624512e-01
5.029310584068298340e-01
5.028421878814697266e-01
5.029159188270568848e-01
5.030059218406677246e-01
5.030092597007751465e-01
5.031812191009521484e-01
5.032332539558410645e-01
5.032865405082702637e-01
5.034374594688415527e-01
5.035912394523620605e-01
5.037785172462463379e-01
