1.203364729881286621e+00
6.388096213340759277e-01
6.147850751876831055e-01
5.896487832069396973e-01
5.537839531898498535e-01
5.337608456611633301e-01
5.373026728630065918e-01
5.342006087303161621e-01
5.396128892898559570e-01
5.139237046241760254e-01
5.161421895027160645e-01
5.058171749114990234e-01
5.122269988059997559e-01
5.017440319061279297e-01
5.015135407447814941e-01
5.100032091140747070e-01
5.082752108573913574e-01
5.036509633064270020e-01
5.023651719093322754e-01
5.040777325630187988e-01
5.040047764778137207e-01
4.962918460369110107e-01
5.069213509559631348e-01
5.009364485740661621e-01
5.011858344078063965e-01
4.937987625598907471e-01
5.071881413459777832e-01
4.936014115810394287e-01
5.045274496078491211e-01
4.988677501678466797e-01
4.911572039127349854e-01
5.063232779502868652e-01
5.038934946060180664e-01
5.038126707077026367e-01
4.996255636215209961e-01
4.965308010578155518e-01
