9.093826413154602051e-01
6.416828036308288574e-01
5.941228270530700684e-01
5.564824938774108887e-01
5.443103909492492676e-01
5.399682521820068359e-01
5.392329692840576172e-01
5.396874547004699707e-01
5.402070879936218262e-01
5.424551963806152344e-01
5.434365868568420410e-01
5.425689816474914551e-01
5.409976840019226074e-01
5.399101376533508301e-01
5.391860604286193848e-01
5.388299822807312012e-01
5.386100411415100098e-01
5.383509993553161621e-01
5.379765629768371582e-01
5.377617478370666504e-01
5.369223952293395996e-01
5.368211865425109863e-01
5.366430282592773438e-01
5.356087684631347656e-01
5.342984795570373535e-01
5.334554314613342285e-01
5.326448678970336914e-01
5.310343503952026367e-01
5.298522114753723145e-01
5.289127230644226074e-01
5.284512639045715332e-01
5.279853940010070801e-01
5.276620984077453613e-01
5.271007418632507324e-01
5.251448750495910645e-01
5.234225392341613770e-01
