8.860521316528320312e-01
6.188035607337951660e-01
6.003665328025817871e-01
5.645499825477600098e-01
5.562431812286376953e-01
5.515357255935668945e-01
5.477216839790344238e-01
5.434965491294860840e-01
5.536476969718933105e-01
5.396215915679931641e-01
5.475652813911437988e-01
5.424876809120178223e-01
5.566224455833435059e-01
5.338068604469299316e-01
5.403543114662170410e-01
5.418717265129089355e-01
5.632801651954650879e-01
5.384126305580139160e-01
5.303232669830322266e-01
5.397714972496032715e-01
5.313899517059326172e-01
5.413058996200561523e-01
5.365052223205566406e-01
5.454055666923522949e-01
5.226076245307922363e-01
5.257192850112915039e-01
5.120612382888793945e-01
5.162724852561950684e-01
5.489912629127502441e-01
5.191331505775451660e-01
5.305742025375366211e-01
5.283751487731933594e-01
5.518672466278076172e-01
5.136961936950683594e-01
5.293146967887878418e-01
5.397059917449951172e-01
