1.000000000000000000e+00,9.223540425300598145e-01
5.610000000000000000e+02,6.682231277227401733e-02
1.123000000000000000e+03,4.855220392346382141e-02
1.685000000000000000e+03,4.582961276173591614e-02
2.247000000000000000e+03,5.387142673134803772e-02
2.809000000000000000e+03,7.248289138078689575e-02
3.371000000000000000e+03,4.289761558175086975e-02
3.933000000000000000e+03,6.437335908412933350e-02
4.495000000000000000e+03,3.540132939815521240e-02
5.057000000000000000e+03,2.703172154724597931e-03
5.619000000000000000e+03,5.692382156848907471e-02
6.181000000000000000e+03,2.821177057921886444e-02
6.743000000000000000e+03,5.778716877102851868e-02
7.305000000000000000e+03,6.722387671470642090e-02
7.867000000000000000e+03,3.069795854389667511e-02
8.429000000000000000e+03,1.995107345283031464e-02
8.991000000000000000e+03,2.713262848556041718e-02
9.553000000000000000e+03,8.137736469507217407e-02
1.011500000000000000e+04,4.314838442951440811e-04
1.067700000000000000e+04,2.828317135572433472e-02
1.123900000000000000e+04,4.171526432037353516e-02
1.180100000000000000e+04,9.333619964309036732e-04
1.236300000000000000e+04,1.905092783272266388e-02
1.292500000000000000e+04,3.718727827072143555e-02
1.348700000000000000e+04,1.352701336145401001e-02
1.404900000000000000e+04,4.493268951773643494e-02
1.461100000000000000e+04,1.137402374297380447e-02
1.517300000000000000e+04,4.053106904029846191e-02
1.573500000000000000e+04,1.998873986303806305e-02
1.629700000000000000e+04,2.188164740800857544e-02
1.685900000000000000e+04,2.158350497484207153e-02
1.742100000000000000e+04,2.333625592291355133e-02
1.798300000000000000e+04,1.731945760548114777e-02
1.854500000000000000e+04,6.028841016814112663e-04
1.910700000000000000e+04,1.201166119426488876e-02
1.966900000000000000e+04,1.133665069937705994e-02
