1.197530746459960938e+00
6.570303440093994141e-01
6.222103238105773926e-01
5.876166820526123047e-01
5.729665756225585938e-01
5.665942430496215820e-01
5.628198385238647461e-01
5.590102672576904297e-01
5.551215410232543945e-01
5.500826835632324219e-01
5.440287590026855469e-01
5.412166118621826172e-01
5.388730168342590332e-01
5.388820767402648926e-01
5.404193401336669922e-01
5.421056747436523438e-01
5.427513718605041504e-01
5.432407259941101074e-01
5.432711243629455566e-01
5.436119437217712402e-01
5.442013144493103027e-01
5.448622703552246094e-01
5.458750128746032715e-01
5.458003878593444824e-01
5.459766387939453125e-01
5.461957454681396484e-01
5.466119647026062012e-01
5.465934872627258301e-01
5.463622808456420898e-01
5.463630557060241699e-01
5.460545420646667480e-01
5.444176793098449707e-01
5.429665446281433105e-01
5.419203639030456543e-01
5.418034195899963379e-01
5.408343076705932617e-01
