1.118257284164428711e+00
6.557937264442443848e-01
6.291491389274597168e-01
5.743616223335266113e-01
5.503135323524475098e-01
5.807702541351318359e-01
5.486474037170410156e-01
5.609952807426452637e-01
5.619874596595764160e-01
5.590940117835998535e-01
5.344043970108032227e-01
5.084238052368164062e-01
5.461046099662780762e-01
5.545496344566345215e-01
5.468310117721557617e-01
5.639950037002563477e-01
5.171139836311340332e-01
5.286726951599121094e-01
5.252432227134704590e-01
5.338172316551208496e-01
5.347134470939636230e-01
5.320828557014465332e-01
5.358764529228210449e-01
5.040444731712341309e-01
5.343630313873291016e-01
5.292390584945678711e-01
5.316396951675415039e-01
5.374425053596496582e-01
5.224231481552124023e-01
5.473557114601135254e-01
5.293276906013488770e-01
5.257387757301330566e-01
5.456457734107971191e-01
4.959880411624908447e-01
5.264177918434143066e-01
5.069029927253723145e-01
