1.000000000000000000e+00,1.359663963317871094e+00
5.610000000000000000e+02,1.000010967254638672e+00
1.123000000000000000e+03,1.000003933906555176e+00
1.685000000000000000e+03,1.000170826911926270e+00
2.247000000000000000e+03,1.000000000000000000e+00
2.809000000000000000e+03,1.000000119209289551e+00
3.371000000000000000e+03,1.000081539154052734e+00
3.933000000000000000e+03,1.000000119209289551e+00
4.495000000000000000e+03,1.000000000000000000e+00
5.057000000000000000e+03,1.000000000000000000e+00
5.619000000000000000e+03,1.000000000000000000e+00
6.181000000000000000e+03,1.000000000000000000e+00
6.743000000000000000e+03,1.000000000000000000e+00
7.305000000000000000e+03,1.000000000000000000e+00
7.867000000000000000e+03,1.000000000000000000e+00
8.429000000000000000e+03,1.000000000000000000e+00
8.991000000000000000e+03,1.000000000000000000e+00
9.553000000000000000e+03,1.000000000000000000e+00
1.011500000000000000e+04,1.000000000000000000e+00
1.067700000000000000e+04,1.000000000000000000e+00
1.123900000000000000e+04,1.000000000000000000e+00
1.180100000000000000e+04,1.000000000000000000e+00
1.236300000000000000e+04,1.000000000000000000e+00
1.292500000000000000e+04,1.000000000000000000e+00
1.348700000000000000e+04,1.000000000000000000e+00
1.404900000000000000e+04,1.000000000000000000e+00
1.461100000000000000e+04,1.000000000000000000e+00
1.517300000000000000e+04,1.000000000000000000e+00
1.573500000000000000e+04,1.000000000000000000e+00
1.629700000000000000e+04,1.000000000000000000e+00
1.685900000000000000e+04,1.000000000000000000e+00
1.742100000000000000e+04,1.000000000000000000e+00
1.798300000000000000e+04,1.000000000000000000e+00
1.854500000000000000e+04,1.000000000000000000e+00
1.910700000000000000e+04,1.000000000000000000e+00
1.966900000000000000e+04,1.000000000000000000e+00
