1.000000000000000000e+00,3.742335796356201172e+00
5.610000000000000000e+02,8.015828728675842285e-01
1.123000000000000000e+03,7.144566774368286133e-01
1.685000000000000000e+03,6.375592947006225586e-01
2.247000000000000000e+03,5.890774726867675781e-01
2.809000000000000000e+03,5.441269874572753906e-01
3.371000000000000000e+03,4.630904793739318848e-01
3.933000000000000000e+03,4.641056358814239502e-01
4.495000000000000000e+03,3.904643356800079346e-01
5.057000000000000000e+03,3.321006596088409424e-01
5.619000000000000000e+03,2.839060723781585693e-01
6.181000000000000000e+03,2.805907130241394043e-01
6.743000000000000000e+03,2.711684107780456543e-01
7.305000000000000000e+03,2.124997675418853760e-01
7.867000000000000000e+03,2.040011286735534668e-01
8.429000000000000000e+03,2.254322618246078491e-01
8.991000000000000000e+03,2.259455025196075439e-01
9.553000000000000000e+03,1.645508110523223877e-01
1.011500000000000000e+04,1.938229352235794067e-01
1.067700000000000000e+04,1.343437135219573975e-01
1.123900000000000000e+04,1.482432633638381958e-01
1.180100000000000000e+04,2.126628756523132324e-01
1.236300000000000000e+04,1.628653407096862793e-01
1.292500000000000000e+04,1.422917991876602173e-01
1.348700000000000000e+04,1.356083154678344727e-01
1.404900000000000000e+04,9.075167775154113770e-02
1.461100000000000000e+04,1.594590246677398682e-01
