1.000000000000000000e+00,9.785001873970031738e-01
5.610000000000000000e+02,9.817489236593246460e-02
1.123000000000000000e+03,6.397181749343872070e-02
1.685000000000000000e+03,5.781677365303039551e-02
2.247000000000000000e+03,7.268076390027999878e-02
2.809000000000000000e+03,7.663258910179138184e-02
3.371000000000000000e+03,5.599860474467277527e-02
3.933000000000000000e+03,8.471893519163131714e-02
4.495000000000000000e+03,6.202035024762153625e-02
5.057000000000000000e+03,6.367570254951715469e-03
5.619000000000000000e+03,7.566636055707931519e-02
6.181000000000000000e+03,5.714576318860054016e-02
6.743000000000000000e+03,8.175484836101531982e-02
7.305000000000000000e+03,7.074379175901412964e-02
7.867000000000000000e+03,4.229776188731193542e-02
8.429000000000000000e+03,4.753077402710914612e-02
8.991000000000000000e+03,8.024550974369049072e-02
9.553000000000000000e+03,9.700205177068710327e-02
1.011500000000000000e+04,6.060637999325990677e-03
1.067700000000000000e+04,7.944830507040023804e-02
1.123900000000000000e+04,6.589324772357940674e-02
1.180100000000000000e+04,2.033371850848197937e-02
1.236300000000000000e+04,1.198473852127790451e-02
1.292500000000000000e+04,7.239607721567153931e-02
1.348700000000000000e+04,7.713501155376434326e-02
1.404900000000000000e+04,1.077063009142875671e-01
1.461100000000000000e+04,1.404111925512552261e-02
1.517300000000000000e+04,7.086057215929031372e-02
1.573500000000000000e+04,5.482480302453041077e-02
1.629700000000000000e+04,3.231039270758628845e-02
1.685900000000000000e+04,5.518242716789245605e-02
1.742100000000000000e+04,4.671861603856086731e-02
1.798300000000000000e+04,4.417244717478752136e-02
1.854500000000000000e+04,4.454553499817848206e-02
1.910700000000000000e+04,1.498096156865358353e-02
1.966900000000000000e+04,4.637524113059043884e-02
