1.000000000000000000e+00,1.011389374732971191e+00
5.610000000000000000e+02,9.638798981904983521e-02
1.123000000000000000e+03,4.492300376296043396e-02
1.685000000000000000e+03,4.585476592183113098e-02
2.247000000000000000e+03,4.704153537750244141e-02
2.809000000000000000e+03,6.301105022430419922e-02
3.371000000000000000e+03,2.767702005803585052e-02
3.933000000000000000e+03,5.461162701249122620e-02
4.495000000000000000e+03,2.902346663177013397e-02
5.057000000000000000e+03,6.470292340964078903e-03
5.619000000000000000e+03,2.455479465425014496e-02
6.181000000000000000e+03,2.020820975303649902e-02
6.743000000000000000e+03,1.861008815467357635e-02
7.305000000000000000e+03,2.323742769658565521e-02
7.867000000000000000e+03,2.131982240825891495e-03
8.429000000000000000e+03,1.156790088862180710e-02
8.991000000000000000e+03,2.704318054020404816e-02
9.553000000000000000e+03,4.344958066940307617e-02
1.011500000000000000e+04,9.277406497858464718e-04
1.067700000000000000e+04,1.288938149809837341e-02
1.123900000000000000e+04,1.866435445845127106e-02
1.180100000000000000e+04,7.723611779510974884e-04
1.236300000000000000e+04,3.581102006137371063e-03
1.292500000000000000e+04,1.650985796004533768e-03
1.348700000000000000e+04,8.181388489902019501e-03
1.404900000000000000e+04,3.248425945639610291e-02
1.461100000000000000e+04,9.438163600862026215e-03
1.517300000000000000e+04,1.259446423500776291e-02
1.573500000000000000e+04,5.459449312184005976e-05
1.629700000000000000e+04,2.265784144401550293e-02
1.685900000000000000e+04,1.388228149153292179e-03
1.742100000000000000e+04,2.549004741013050079e-02
1.798300000000000000e+04,1.329521182924509048e-02
1.854500000000000000e+04,8.674797601997852325e-03
1.910700000000000000e+04,1.272397203138098121e-04
1.966900000000000000e+04,2.628667047247290611e-03
