1.000000000000000000e+00,1.201753854751586914e+00
5.610000000000000000e+02,6.633584499359130859e-01
1.123000000000000000e+03,5.537793636322021484e-01
1.685000000000000000e+03,4.897242486476898193e-01
2.247000000000000000e+03,4.726769328117370605e-01
2.809000000000000000e+03,4.091122746467590332e-01
3.371000000000000000e+03,3.641547560691833496e-01
3.933000000000000000e+03,3.801983296871185303e-01
4.495000000000000000e+03,3.625060021877288818e-01
5.057000000000000000e+03,3.273281455039978027e-01
5.619000000000000000e+03,3.207167387008666992e-01
6.181000000000000000e+03,3.096135854721069336e-01
6.743000000000000000e+03,2.626753747463226318e-01
7.305000000000000000e+03,2.440391480922698975e-01
7.867000000000000000e+03,2.774755954742431641e-01
8.429000000000000000e+03,2.593553066253662109e-01
8.991000000000000000e+03,2.407659739255905151e-01
9.553000000000000000e+03,2.287445366382598877e-01
1.011500000000000000e+04,2.537470757961273193e-01
1.067700000000000000e+04,2.009790837764739990e-01
1.123900000000000000e+04,2.517544627189636230e-01
1.180100000000000000e+04,2.112380117177963257e-01
1.236300000000000000e+04,2.016619294881820679e-01
1.292500000000000000e+04,1.844237148761749268e-01
1.348700000000000000e+04,1.436073333024978638e-01
1.404900000000000000e+04,1.436654180288314819e-01
1.461100000000000000e+04,1.970940530300140381e-01
