1.000000000000000000e+00,7.666876792907714844e+00
5.610000000000000000e+02,8.216707706451416016e-01
1.123000000000000000e+03,7.637312412261962891e-01
1.685000000000000000e+03,6.760603785514831543e-01
2.247000000000000000e+03,6.109502911567687988e-01
2.809000000000000000e+03,5.771825909614562988e-01
3.371000000000000000e+03,5.623097419738769531e-01
3.933000000000000000e+03,4.774923920631408691e-01
4.495000000000000000e+03,4.025909304618835449e-01
5.057000000000000000e+03,3.564948737621307373e-01
5.619000000000000000e+03,4.086502790451049805e-01
6.181000000000000000e+03,3.526216447353363037e-01
6.743000000000000000e+03,3.320839405059814453e-01
7.305000000000000000e+03,3.386430740356445312e-01
7.867000000000000000e+03,3.082221746444702148e-01
8.429000000000000000e+03,3.530731201171875000e-01
8.991000000000000000e+03,3.145009279251098633e-01
9.553000000000000000e+03,3.048129975795745850e-01
1.011500000000000000e+04,3.162086308002471924e-01
1.067700000000000000e+04,2.537332773208618164e-01
1.123900000000000000e+04,2.907140851020812988e-01
1.180100000000000000e+04,3.164936900138854980e-01
1.236300000000000000e+04,2.581368386745452881e-01
1.292500000000000000e+04,2.549728155136108398e-01
1.348700000000000000e+04,2.303277105093002319e-01
1.404900000000000000e+04,2.013089656829833984e-01
1.461100000000000000e+04,2.342116087675094604e-01
