8.745608329772949219e-01
1.810106784105300903e-01
9.772175550460815430e-02
1.033605262637138367e-01
1.175483465194702148e-01
7.381778210401535034e-02
3.100600093603134155e-02
8.018030226230621338e-02
4.953452572226524353e-02
7.119230180978775024e-02
3.714285790920257568e-02
2.334220521152019501e-02
5.152722075581550598e-02
3.109624423086643219e-02
1.460975781083106995e-02
2.440828271210193634e-02
1.599228754639625549e-02
4.581790789961814880e-02
1.232267450541257858e-02
3.094630502164363861e-02
4.279825463891029358e-02
4.254353046417236328e-02
3.213575854897499084e-02
4.236340150237083435e-02
4.631069675087928772e-02
5.830198898911476135e-02
3.838572278618812561e-02
