1.000000000000000000e+00,4.592167854309082031e+00
5.610000000000000000e+02,8.067342042922973633e-01
1.123000000000000000e+03,6.847842931747436523e-01
1.685000000000000000e+03,5.922566652297973633e-01
2.247000000000000000e+03,5.665015578269958496e-01
2.809000000000000000e+03,4.997421801090240479e-01
3.371000000000000000e+03,4.574954807758331299e-01
3.933000000000000000e+03,4.282560050487518311e-01
4.495000000000000000e+03,4.168210029602050781e-01
5.057000000000000000e+03,3.452848196029663086e-01
5.619000000000000000e+03,3.304055929183959961e-01
6.181000000000000000e+03,3.082943558692932129e-01
6.743000000000000000e+03,3.554112613201141357e-01
7.305000000000000000e+03,2.902882993221282959e-01
7.867000000000000000e+03,2.886742651462554932e-01
8.429000000000000000e+03,2.905023097991943359e-01
8.991000000000000000e+03,2.626992762088775635e-01
9.553000000000000000e+03,2.751061320304870605e-01
1.011500000000000000e+04,2.631300091743469238e-01
1.067700000000000000e+04,2.067581564188003540e-01
1.123900000000000000e+04,2.275063097476959229e-01
1.180100000000000000e+04,2.493021190166473389e-01
1.236300000000000000e+04,2.582635581493377686e-01
1.292500000000000000e+04,2.344875335693359375e-01
1.348700000000000000e+04,2.161944806575775146e-01
1.404900000000000000e+04,1.866769194602966309e-01
1.461100000000000000e+04,2.324663251638412476e-01
