1.000000000000000000e+00,9.915276169776916504e-01
5.610000000000000000e+02,3.006292283535003662e-01
1.123000000000000000e+03,1.586409062147140503e-01
1.685000000000000000e+03,1.638358086347579956e-01
2.247000000000000000e+03,1.154887750744819641e-01
2.809000000000000000e+03,1.341152638196945190e-01
3.371000000000000000e+03,1.851935386657714844e-01
3.933000000000000000e+03,1.084676682949066162e-01
4.495000000000000000e+03,3.115553595125675201e-02
5.057000000000000000e+03,1.065015569329261780e-01
5.619000000000000000e+03,1.619106382131576538e-01
6.181000000000000000e+03,4.719999060034751892e-02
6.743000000000000000e+03,8.414024114608764648e-02
7.305000000000000000e+03,4.189497232437133789e-02
7.867000000000000000e+03,9.011083096265792847e-02
8.429000000000000000e+03,1.015792563557624817e-01
8.991000000000000000e+03,7.757070660591125488e-02
9.553000000000000000e+03,6.755941361188888550e-02
1.011500000000000000e+04,5.729173496365547180e-02
1.067700000000000000e+04,5.635187029838562012e-02
1.123900000000000000e+04,9.485841542482376099e-02
1.180100000000000000e+04,1.246117874979972839e-01
1.236300000000000000e+04,5.634807050228118896e-02
1.292500000000000000e+04,1.185491010546684265e-01
1.348700000000000000e+04,3.744296729564666748e-02
1.404900000000000000e+04,1.231903433799743652e-01
1.461100000000000000e+04,1.957522481679916382e-01
