1.000000000000000000e+00,9.465169906616210938e-01
5.610000000000000000e+02,8.886873722076416016e-02
1.123000000000000000e+03,6.599901616573333740e-02
1.685000000000000000e+03,5.547088757157325745e-02
2.247000000000000000e+03,4.551037773489952087e-02
2.809000000000000000e+03,7.977107167243957520e-02
3.371000000000000000e+03,4.513847827911376953e-02
3.933000000000000000e+03,5.990098416805267334e-02
4.495000000000000000e+03,3.543075174093246460e-02
5.057000000000000000e+03,8.190305903553962708e-03
5.619000000000000000e+03,4.760509356856346130e-02
6.181000000000000000e+03,2.804837562143802643e-02
6.743000000000000000e+03,3.997757658362388611e-02
7.305000000000000000e+03,3.165751323103904724e-02
7.867000000000000000e+03,1.983010210096836090e-02
8.429000000000000000e+03,1.303239818662405014e-02
8.991000000000000000e+03,3.284716233611106873e-02
9.553000000000000000e+03,7.268493622541427612e-02
1.011500000000000000e+04,2.662276150658726692e-03
1.067700000000000000e+04,3.072185069322586060e-02
1.123900000000000000e+04,1.789074763655662537e-02
1.180100000000000000e+04,4.199605900794267654e-04
1.236300000000000000e+04,3.040487179532647133e-03
1.292500000000000000e+04,3.344976529479026794e-02
1.348700000000000000e+04,2.892905147746205330e-03
1.404900000000000000e+04,3.712000697851181030e-02
1.461100000000000000e+04,3.188310936093330383e-02
1.517300000000000000e+04,2.199655026197433472e-02
1.573500000000000000e+04,3.928061947226524353e-02
1.629700000000000000e+04,2.251234836876392365e-02
1.685900000000000000e+04,7.927778176963329315e-03
1.742100000000000000e+04,3.392338752746582031e-02
1.798300000000000000e+04,1.216553244739770889e-02
1.854500000000000000e+04,1.969177508726716042e-03
1.910700000000000000e+04,1.605590991675853729e-02
1.966900000000000000e+04,7.948314305394887924e-04
