8.426799178123474121e-01
2.786291837692260742e-01
1.849852353334426880e-01
1.150021180510520935e-01
8.211108297109603882e-02
7.485648244619369507e-02
7.249996811151504517e-02
7.179212570190429688e-02
7.071543484926223755e-02
6.955296546220779419e-02
6.910142302513122559e-02
6.986086815595626831e-02
6.699728220701217651e-02
6.547593325376510620e-02
6.213621422648429871e-02
5.941562727093696594e-02
5.698579549789428711e-02
4.978705570101737976e-02
4.266043007373809814e-02
4.009931534528732300e-02
3.794266283512115479e-02
3.711102530360221863e-02
3.675642237067222595e-02
3.658302128314971924e-02
3.609872236847877502e-02
3.460462018847465515e-02
3.428728878498077393e-02
