7.996637225151062012e-01
3.077371716499328613e-01
2.039137035608291626e-01
1.608891636133193970e-01
1.098713353276252747e-01
8.568042516708374023e-02
4.258294031023979187e-02
9.827315807342529297e-02
1.048613861203193665e-01
8.354571461677551270e-02
4.526378214359283447e-02
6.814336776733398438e-02
8.758261054754257202e-02
5.877164006233215332e-02
3.611873835325241089e-02
4.199194908142089844e-02
5.059313774108886719e-02
7.340221852064132690e-02
2.663924545049667358e-02
4.025897011160850525e-02
4.397765174508094788e-02
5.659976974129676819e-02
4.737375676631927490e-02
3.652755171060562134e-02
5.902212858200073242e-02
5.356213822960853577e-02
6.196432188153266907e-02
