1.000000000000000000e+00,3.722033739089965820e+00
1.124000000000000000e+03,5.876352787017822266e-01
2.249000000000000000e+03,2.644799351692199707e-01
3.374000000000000000e+03,2.101208567619323730e-01
4.499000000000000000e+03,1.395774781703948975e-01
5.624000000000000000e+03,1.404576450586318970e-01
6.749000000000000000e+03,8.337758481502532959e-02
7.874000000000000000e+03,4.074431955814361572e-02
8.999000000000000000e+03,1.356186270713806152e-01
1.012400000000000000e+04,7.634706795215606689e-02
1.124900000000000000e+04,1.270476132631301880e-01
1.237400000000000000e+04,1.006640717387199402e-01
1.349900000000000000e+04,8.155904710292816162e-02
1.462400000000000000e+04,9.276591986417770386e-02
1.574900000000000000e+04,1.191861778497695923e-01
1.687400000000000000e+04,6.695044785737991333e-02
1.799900000000000000e+04,1.228158995509147644e-01
1.912400000000000000e+04,7.926636189222335815e-02
