1.000000000000000000e+00,4.518746852874755859e+00
5.610000000000000000e+02,7.976668477058410645e-01
1.123000000000000000e+03,7.491048574447631836e-01
1.685000000000000000e+03,6.643859744071960449e-01
2.247000000000000000e+03,6.121701598167419434e-01
2.809000000000000000e+03,5.593876838684082031e-01
3.371000000000000000e+03,4.959073364734649658e-01
3.933000000000000000e+03,4.426018893718719482e-01
4.495000000000000000e+03,4.341096580028533936e-01
5.057000000000000000e+03,3.825200498104095459e-01
5.619000000000000000e+03,3.914985358715057373e-01
6.181000000000000000e+03,3.305233418941497803e-01
6.743000000000000000e+03,3.365461826324462891e-01
7.305000000000000000e+03,3.091903030872344971e-01
7.867000000000000000e+03,3.100085556507110596e-01
8.429000000000000000e+03,3.364930748939514160e-01
8.991000000000000000e+03,2.659100890159606934e-01
9.553000000000000000e+03,3.054358363151550293e-01
1.011500000000000000e+04,2.477337270975112915e-01
1.067700000000000000e+04,2.032744437456130981e-01
1.123900000000000000e+04,2.139787077903747559e-01
1.180100000000000000e+04,2.309415936470031738e-01
1.236300000000000000e+04,2.371151596307754517e-01
1.292500000000000000e+04,1.941471993923187256e-01
1.348700000000000000e+04,2.042543441057205200e-01
1.404900000000000000e+04,1.518859267234802246e-01
1.461100000000000000e+04,2.077758610248565674e-01
