1.000000000000000000e+00,4.683152198791503906e+00
5.610000000000000000e+02,8.471891880035400391e-01
1.123000000000000000e+03,7.177245616912841797e-01
1.685000000000000000e+03,6.412937045097351074e-01
2.247000000000000000e+03,5.916979312896728516e-01
2.809000000000000000e+03,5.451771616935729980e-01
3.371000000000000000e+03,4.846628606319427490e-01
3.933000000000000000e+03,4.783261120319366455e-01
4.495000000000000000e+03,4.177885949611663818e-01
5.057000000000000000e+03,4.149695336818695068e-01
5.619000000000000000e+03,3.203984200954437256e-01
6.181000000000000000e+03,3.345674276351928711e-01
6.743000000000000000e+03,3.211898207664489746e-01
7.305000000000000000e+03,2.652678787708282471e-01
7.867000000000000000e+03,2.881847023963928223e-01
8.429000000000000000e+03,2.887049913406372070e-01
8.991000000000000000e+03,2.872703373432159424e-01
9.553000000000000000e+03,2.597369849681854248e-01
1.011500000000000000e+04,2.312698811292648315e-01
1.067700000000000000e+04,1.686188876628875732e-01
1.123900000000000000e+04,2.055397182703018188e-01
1.180100000000000000e+04,2.603687644004821777e-01
1.236300000000000000e+04,2.177032828330993652e-01
1.292500000000000000e+04,2.335916906595230103e-01
1.348700000000000000e+04,2.173405885696411133e-01
1.404900000000000000e+04,1.508602201938629150e-01
1.461100000000000000e+04,1.885643452405929565e-01
