1.000000000000000000e+00,4.834628582000732422e+00
1.124000000000000000e+03,6.459840536117553711e-01
2.249000000000000000e+03,4.442352950572967529e-01
3.374000000000000000e+03,3.882889151573181152e-01
4.499000000000000000e+03,3.258104324340820312e-01
5.624000000000000000e+03,2.684036195278167725e-01
6.749000000000000000e+03,2.009370774030685425e-01
7.874000000000000000e+03,1.606788933277130127e-01
8.999000000000000000e+03,1.814331114292144775e-01
1.012400000000000000e+04,1.607830524444580078e-01
1.124900000000000000e+04,1.754182428121566772e-01
1.237400000000000000e+04,1.607924550771713257e-01
1.349900000000000000e+04,1.356919109821319580e-01
1.462400000000000000e+04,1.393149346113204956e-01
1.574900000000000000e+04,1.443874090909957886e-01
1.687400000000000000e+04,1.084222942590713501e-01
1.799900000000000000e+04,1.330446302890777588e-01
1.912400000000000000e+04,9.170192480087280273e-02
