1.000000000000000000e+00,8.475859761238098145e-01
5.610000000000000000e+02,8.556550741195678711e-02
1.123000000000000000e+03,4.316507279872894287e-02
1.685000000000000000e+03,3.697270900011062622e-02
2.247000000000000000e+03,1.655716076493263245e-02
2.809000000000000000e+03,2.918902598321437836e-02
3.371000000000000000e+03,3.217642381787300110e-02
3.933000000000000000e+03,3.803298994898796082e-02
4.495000000000000000e+03,1.812625490128993988e-02
5.057000000000000000e+03,1.960012363269925117e-03
5.619000000000000000e+03,4.572473838925361633e-02
6.181000000000000000e+03,1.552816852927207947e-02
6.743000000000000000e+03,3.258131071925163269e-02
7.305000000000000000e+03,3.041703067719936371e-02
7.867000000000000000e+03,1.192035246640443802e-02
8.429000000000000000e+03,1.044206600636243820e-02
8.991000000000000000e+03,1.814238168299198151e-02
9.553000000000000000e+03,3.645904734730720520e-02
1.011500000000000000e+04,1.082657952792942524e-03
1.067700000000000000e+04,2.391762100160121918e-02
1.123900000000000000e+04,3.683560341596603394e-02
1.180100000000000000e+04,1.930629805428907275e-04
1.236300000000000000e+04,3.636348992586135864e-03
1.292500000000000000e+04,1.845730282366275787e-02
1.348700000000000000e+04,1.051761861890554428e-02
1.404900000000000000e+04,4.249142110347747803e-02
1.461100000000000000e+04,1.498010288923978806e-02
1.517300000000000000e+04,1.758592575788497925e-02
1.573500000000000000e+04,1.532830018550157547e-02
1.629700000000000000e+04,1.654875837266445160e-02
1.685900000000000000e+04,8.023164235055446625e-03
1.742100000000000000e+04,1.056740432977676392e-02
1.798300000000000000e+04,1.159605104476213455e-02
1.854500000000000000e+04,1.066165743395686150e-03
1.910700000000000000e+04,9.473073296248912811e-04
1.966900000000000000e+04,9.942164178937673569e-04
