1.000000000000000000e+00,1.037977099418640137e+00
5.610000000000000000e+02,2.724660634994506836e-01
1.123000000000000000e+03,2.840639352798461914e-01
1.685000000000000000e+03,2.299990206956863403e-01
2.247000000000000000e+03,2.066662162542343140e-01
2.809000000000000000e+03,1.851008385419845581e-01
3.371000000000000000e+03,9.063412994146347046e-02
3.933000000000000000e+03,7.647352665662765503e-02
4.495000000000000000e+03,6.001207605004310608e-02
5.057000000000000000e+03,8.673425763845443726e-03
5.619000000000000000e+03,7.893973588943481445e-02
6.181000000000000000e+03,5.646130815148353577e-02
6.743000000000000000e+03,8.594807982444763184e-02
7.305000000000000000e+03,7.618568837642669678e-02
7.867000000000000000e+03,1.992212422192096710e-02
8.429000000000000000e+03,3.802375867962837219e-02
8.991000000000000000e+03,6.411234289407730103e-02
9.553000000000000000e+03,9.324422478675842285e-02
1.011500000000000000e+04,8.833720348775386810e-03
1.067700000000000000e+04,8.783420175313949585e-02
1.123900000000000000e+04,8.980670571327209473e-02
1.180100000000000000e+04,2.426208555698394775e-02
1.236300000000000000e+04,1.669462211430072784e-02
1.292500000000000000e+04,7.167322188615798950e-02
1.348700000000000000e+04,6.684690713882446289e-02
1.404900000000000000e+04,8.888313174247741699e-02
1.461100000000000000e+04,1.823600567877292633e-02
1.517300000000000000e+04,6.458052992820739746e-02
1.573500000000000000e+04,4.549537226557731628e-02
1.629700000000000000e+04,4.405344650149345398e-02
1.685900000000000000e+04,4.376746341586112976e-02
1.742100000000000000e+04,6.217859312891960144e-02
1.798300000000000000e+04,5.191359296441078186e-02
1.854500000000000000e+04,5.859439447522163391e-02
1.910700000000000000e+04,2.659544534981250763e-02
1.966900000000000000e+04,3.704724088311195374e-02
