1.171726107597351074e+00
7.053525447845458984e-01
6.215502619743347168e-01
5.876125693321228027e-01
5.626476407051086426e-01
5.533581972122192383e-01
5.492683053016662598e-01
5.436681509017944336e-01
5.396016240119934082e-01
5.346218943595886230e-01
5.309946537017822266e-01
5.290561914443969727e-01
5.288037657737731934e-01
5.297797322273254395e-01
5.311785936355590820e-01
5.317543148994445801e-01
5.314124226570129395e-01
5.317616462707519531e-01
5.313920974731445312e-01
5.308142304420471191e-01
5.299124121665954590e-01
5.296651721000671387e-01
5.294706821441650391e-01
5.287440419197082520e-01
5.280523896217346191e-01
5.274610519409179688e-01
5.267322659492492676e-01
5.258822441101074219e-01
5.251697301864624023e-01
5.253418684005737305e-01
5.251309871673583984e-01
5.249068140983581543e-01
5.239937901496887207e-01
5.236729979515075684e-01
5.234594345092773438e-01
5.229298472404479980e-01
