1.101646423339843750e+00
6.908488273620605469e-01
6.367170810699462891e-01
6.197768449783325195e-01
5.782943964004516602e-01
5.811980366706848145e-01
5.661798119544982910e-01
5.607925653457641602e-01
5.682322978973388672e-01
5.522387027740478516e-01
5.687596201896667480e-01
5.286036729812622070e-01
5.485432744026184082e-01
5.400837063789367676e-01
5.305867791175842285e-01
5.453310608863830566e-01
5.347391963005065918e-01
5.383852124214172363e-01
5.199983716011047363e-01
5.363327860832214355e-01
5.342211127281188965e-01
5.229617953300476074e-01
5.516242980957031250e-01
5.342901349067687988e-01
5.265573263168334961e-01
5.228773951530456543e-01
5.224358439445495605e-01
5.298762917518615723e-01
5.191597938537597656e-01
5.097985863685607910e-01
5.176810622215270996e-01
5.310281515121459961e-01
5.263042449951171875e-01
5.336356163024902344e-01
5.499911904335021973e-01
5.276768803596496582e-01
