1.000000000000000000e+00,1.007440209388732910e+00
5.610000000000000000e+02,1.032063141465187073e-01
1.123000000000000000e+03,4.960419610142707825e-02
1.685000000000000000e+03,4.936992749571800232e-02
2.247000000000000000e+03,6.519570201635360718e-02
2.809000000000000000e+03,7.968492060899734497e-02
3.371000000000000000e+03,5.320239067077636719e-02
3.933000000000000000e+03,7.942593097686767578e-02
4.495000000000000000e+03,3.231719881296157837e-02
5.057000000000000000e+03,4.541940055787563324e-03
5.619000000000000000e+03,7.421865314245223999e-02
6.181000000000000000e+03,3.600313141942024231e-02
6.743000000000000000e+03,8.440425992012023926e-02
7.305000000000000000e+03,6.791777163743972778e-02
7.867000000000000000e+03,5.249167978763580322e-02
8.429000000000000000e+03,2.870788425207138062e-02
8.991000000000000000e+03,5.307051166892051697e-02
9.553000000000000000e+03,9.004545211791992188e-02
1.011500000000000000e+04,4.032885190099477768e-03
1.067700000000000000e+04,4.048834368586540222e-02
1.123900000000000000e+04,8.382076770067214966e-02
1.180100000000000000e+04,2.411979623138904572e-02
1.236300000000000000e+04,1.026920136064291000e-02
1.292500000000000000e+04,5.868817493319511414e-02
1.348700000000000000e+04,4.493653401732444763e-02
1.404900000000000000e+04,1.264687329530715942e-01
1.461100000000000000e+04,1.159556303173303604e-02
1.517300000000000000e+04,4.702557995915412903e-02
1.573500000000000000e+04,6.074447929859161377e-02
1.629700000000000000e+04,3.280150517821311951e-02
1.685900000000000000e+04,4.194162413477897644e-02
1.742100000000000000e+04,2.236489392817020416e-02
1.798300000000000000e+04,2.419224940240383148e-02
1.854500000000000000e+04,4.349464178085327148e-02
1.910700000000000000e+04,1.555621996521949768e-02
1.966900000000000000e+04,3.587779775261878967e-02
