6.797610282897949219e+00
7.529962062835693359e-01
6.401508450508117676e-01
5.687661170959472656e-01
5.073818564414978027e-01
4.623107314109802246e-01
4.267165064811706543e-01
3.856692314147949219e-01
3.491275906562805176e-01
3.133121728897094727e-01
2.674850523471832275e-01
2.426708191633224487e-01
2.188403010368347168e-01
2.024838030338287354e-01
1.877094656229019165e-01
1.731042414903640747e-01
1.640594005584716797e-01
1.655494719743728638e-01
1.619108170270919800e-01
1.537925750017166138e-01
1.481180787086486816e-01
1.469118893146514893e-01
1.488628238439559937e-01
