6.883848190307617188e+00
7.305743694305419922e-01
6.523272395133972168e-01
5.595434904098510742e-01
4.776966571807861328e-01
4.483755826950073242e-01
4.267543852329254150e-01
4.008190631866455078e-01
2.855585515499114990e-01
2.604755163192749023e-01
2.760820686817169189e-01
2.679989337921142578e-01
2.510505318641662598e-01
2.120989859104156494e-01
1.800644099712371826e-01
1.737415939569473267e-01
1.566699445247650146e-01
2.034537196159362793e-01
1.566830128431320190e-01
1.418269425630569458e-01
1.224941462278366089e-01
1.468002349138259888e-01
1.261997967958450317e-01
