1.000000000000000000e+00,4.450740337371826172e+00
5.610000000000000000e+02,7.970986366271972656e-01
1.123000000000000000e+03,7.378558516502380371e-01
1.685000000000000000e+03,6.260713338851928711e-01
2.247000000000000000e+03,5.818725228309631348e-01
2.809000000000000000e+03,5.275781154632568359e-01
3.371000000000000000e+03,4.549170434474945068e-01
3.933000000000000000e+03,4.027917981147766113e-01
4.495000000000000000e+03,3.356268107891082764e-01
5.057000000000000000e+03,3.168299794197082520e-01
5.619000000000000000e+03,3.102368712425231934e-01
6.181000000000000000e+03,2.621168196201324463e-01
6.743000000000000000e+03,1.993601322174072266e-01
7.305000000000000000e+03,1.759233921766281128e-01
7.867000000000000000e+03,2.427553534507751465e-01
8.429000000000000000e+03,2.222277522087097168e-01
8.991000000000000000e+03,2.150898277759552002e-01
9.553000000000000000e+03,1.903726607561111450e-01
1.011500000000000000e+04,1.855260133743286133e-01
1.067700000000000000e+04,1.393043696880340576e-01
1.123900000000000000e+04,1.512949913740158081e-01
1.180100000000000000e+04,2.251578718423843384e-01
1.236300000000000000e+04,1.570818871259689331e-01
1.292500000000000000e+04,1.918084770441055298e-01
1.348700000000000000e+04,1.425584256649017334e-01
1.404900000000000000e+04,9.869789332151412964e-02
1.461100000000000000e+04,1.514171063899993896e-01
