9.153656363487243652e-01
6.541408300399780273e-01
6.127871870994567871e-01
5.906618833541870117e-01
5.741331577301025391e-01
5.642930865287780762e-01
5.560472607612609863e-01
5.483601093292236328e-01
5.423493385314941406e-01
5.375665426254272461e-01
5.327010750770568848e-01
5.325592160224914551e-01
5.320636630058288574e-01
5.315582752227783203e-01
5.313937067985534668e-01
5.332685112953186035e-01
5.342202782630920410e-01
5.344649553298950195e-01
5.347307324409484863e-01
5.355592370033264160e-01
5.367360115051269531e-01
5.367890596389770508e-01
5.371181368827819824e-01
5.370406508445739746e-01
5.371437668800354004e-01
5.375863909721374512e-01
5.382431745529174805e-01
5.390637516975402832e-01
5.396186709403991699e-01
5.398772358894348145e-01
5.400266051292419434e-01
5.400254726409912109e-01
5.401704311370849609e-01
5.398182868957519531e-01
5.393230915069580078e-01
5.391884446144104004e-01
