9.052769541740417480e-01
6.375271677970886230e-01
5.927591323852539062e-01
5.827624201774597168e-01
5.599606633186340332e-01
5.585840344429016113e-01
5.575265288352966309e-01
5.494595170021057129e-01
5.557575821876525879e-01
5.381826162338256836e-01
5.685133337974548340e-01
5.398253798484802246e-01
5.465967059135437012e-01
5.222993493080139160e-01
5.331923365592956543e-01
5.339512228965759277e-01
5.415082573890686035e-01
5.428919196128845215e-01
5.404035449028015137e-01
5.442840456962585449e-01
5.543304681777954102e-01
5.552155375480651855e-01
5.302311182022094727e-01
5.273630023002624512e-01
5.284201502799987793e-01
5.466170907020568848e-01
5.213929414749145508e-01
5.336197614669799805e-01
5.380963683128356934e-01
5.114291310310363770e-01
5.056310892105102539e-01
5.189439654350280762e-01
5.280451178550720215e-01
5.478363633155822754e-01
5.456936359405517578e-01
5.265566706657409668e-01
