4.200156053832997984e-03,9.696827755483095057e-01,7.578929864437829352e-03,2.458596557987842088e-03,2.386198029340495710e-03,1.735134161918212067e-03,2.386198029340495710e-03,4.930211104171670737e-03,2.386198029340495710e-03,4.464703090661393745e-03,1.291850563654751765e-03,2.437895833917028132e-03,2.458596557987842088e-03,7.803802134431516574e-03,1.894660739286407967e-03,2.386198029340495710e-03
2.861654985486292331e-03,-3.632065311722009826e-04,7.237872217950632597e-03,9.999999392975043033e-01,3.286447286571743120e-01,2.605682588284261155e-04,3.286447286571743120e-01,3.618470754912981018e-03,3.286447286571743120e-01,5.407863715539985502e-03,-2.348300281886036794e-05,1.098236329436256967e-03,9.999999392975043033e-01,7.691990715123369488e-03,7.579968548441258632e-04,3.286447286571743120e-01
3.308347476224706048e-03,-5.974013317358195952e-04,7.503871521167077008e-03,8.895757515149257900e-04,6.995423419699942514e-04,1.093277599478608846e-04,6.995423419699942514e-04,-1.449383480898872208e-02,6.995423419699942514e-04,3.835345378970820424e-03,-7.531840381144180386e-04,3.550251362468800670e-04,8.895757515149257900e-04,6.283487618746649329e-03,-5.190937687726640028e-04,6.995423419699942514e-04
5.411758179876158259e-03,5.291871552458144411e-03,6.695785848329764180e-03,1.000000000000000000e+00,1.000000000000000000e+00,1.000000000000000000e+00,1.000000000000000000e+00,-2.151182774304912469e-03,1.000000000000000000e+00,5.420711602466449057e-03,1.000000000000000000e+00,1.000000000000000000e+00,1.000000000000000000e+00,4.624761636523491704e-03,1.000000000000000000e+00,1.000000000000000000e+00
4.726336530321382547e-03,-2.371461460376913730e-03,2.407199528940055441e-02,1.000000000000000000e+00,1.000000000000000000e+00,9.985156741503334668e-03,1.000000000000000000e+00,-1.002717631227564334e-02,1.000000000000000000e+00,4.948891861742550115e-03,1.000000000000000000e+00,1.000000000000000000e+00,1.000000000000000000e+00,3.831230085556667792e-03,1.000000000000000000e+00,1.000000000000000000e+00
4.168749654548161571e-03,-3.484518923160497190e-04,4.721276644406780486e-03,1.000000000000000000e+00,1.000000000000000000e+00,9.164456040722178745e-03,1.000000000000000000e+00,-8.044489757794278870e-03,1.000000000000000000e+00,4.431586399114874342e-03,1.000000000000000000e+00,1.000000000000000000e+00,1.000000000000000000e+00,3.783524335494419053e-03,1.000000000000000000e+00,1.000000000000000000e+00
4.726336530321382547e-03,-2.371461460376913730e-03,2.407199528940055441e-02,1.000000000000000000e+00,1.000000000000000000e+00,9.985156741503334668e-03,1.000000000000000000e+00,-1.002717631227564334e-02,1.000000000000000000e+00,4.948891861742550115e-03,1.000000000000000000e+00,1.000000000000000000e+00,1.000000000000000000e+00,3.831230085556667792e-03,1.000000000000000000e+00,1.000000000000000000e+00
3.358555415875170286e-03,5.094403940959759064e-04,8.159241528923907513e-03,-7.198198107511334654e-02,-5.296787267665751392e-02,-5.589891144929114153e-02,-5.296787267665751392e-02,2.427696915462175704e-03,-5.296787267665751392e-02,4.826207904799101854e-03,-4.137818446784840599e-03,1.465087331417849390e-04,-7.198198107511334654e-02,7.434065640910246867e-03,-1.333343724410199910e-02,-5.296787267665751392e-02
4.726336530321382547e-03,-2.371461460376913730e-03,2.407199528940055441e-02,1.000000000000000000e+00,1.000000000000000000e+00,9.985156741503334668e-03,1.000000000000000000e+00,-1.002717631227564334e-02,1.000000000000000000e+00,4.948891861742550115e-03,1.000000000000000000e+00,1.000000000000000000e+00,1.000000000000000000e+00,3.831230085556667792e-03,1.000000000000000000e+00,1.000000000000000000e+00
2.058396957864106272e-03,4.984267029841235076e-03,4.093330353963350009e-03,1.451583306774762707e-03,1.287660313189644724e-03,9.096540736086268725e-04,1.287660313189644724e-03,2.329593300575867176e-03,1.287660313189644724e-03,3.880100995456994654e-03,6.236431277166267764e-04,1.155038313340489998e-03,1.451583306774762707e-03,6.067743669930520355e-03,5.250485475178940514e-04,1.287660313189644724e-03
4.343469378199980857e-03,-2.732650755034319451e-03,3.627238695659720791e-02,9.999992585353549845e-01,1.000000000000000000e+00,1.000000000000000000e+00,1.000000000000000000e+00,-9.598675875981309280e-03,1.000000000000000000e+00,3.628070136427516152e-03,9.998968323868316910e-01,1.000000000000000000e+00,9.999992585353549845e-01,3.496634456303653916e-03,1.000000000000000000e+00,1.000000000000000000e+00
4.442182729543729496e-03,-8.677983382081234931e-03,3.860236420418735465e-02,9.003181906255600803e-03,3.051600841539131026e-01,7.764441599590496575e-03,3.051600841539131026e-01,-1.531228251862674916e-02,3.051600841539131026e-01,4.772488721093793261e-03,1.000000000000000000e+00,6.723939112987878559e-03,9.003181906255600803e-03,3.576480953646951275e-03,1.000000000000000000e+00,3.051600841539131026e-01
5.411758179876158259e-03,5.291871552458144411e-03,6.695785848329764180e-03,1.000000000000000000e+00,1.000000000000000000e+00,1.000000000000000000e+00,1.000000000000000000e+00,-2.151182774304912469e-03,1.000000000000000000e+00,5.420711602466449057e-03,1.000000000000000000e+00,1.000000000000000000e+00,1.000000000000000000e+00,4.624761636523491704e-03,1.000000000000000000e+00,1.000000000000000000e+00
1.990203708456871577e-03,-8.018145023167833063e-04,5.319450120369710600e-03,7.848061033966724975e-04,9.247704371846262802e-04,9.483645726430667158e-05,9.247704371846262802e-04,3.975323607023080463e-03,9.247704371846262802e-04,5.090389947573175158e-03,-3.966571258594385062e-04,9.075917990919670940e-04,7.848061033966724975e-04,5.739730783938464670e-03,3.104915045422248186e-04,9.247704371846262802e-04
4.022665102749370565e-03,-9.220816946799926389e-03,1.349431029029375673e-01,9.999999992125451209e-01,1.000000000000000000e+00,9.006889852133305452e-03,1.000000000000000000e+00,-1.545433409712957708e-02,1.000000000000000000e+00,4.123678681055430346e-03,9.999995118334790156e-01,1.000000000000000000e+00,9.999999992125451209e-01,3.103661814256363904e-03,1.000000000000000000e+00,1.000000000000000000e+00
4.726336530321382547e-03,-2.371461460376913730e-03,2.407199528940055441e-02,1.000000000000000000e+00,1.000000000000000000e+00,9.985156741503334668e-03,1.000000000000000000e+00,-1.002717631227564334e-02,1.000000000000000000e+00,4.948891861742550115e-03,1.000000000000000000e+00,1.000000000000000000e+00,1.000000000000000000e+00,3.831230085556667792e-03,1.000000000000000000e+00,1.000000000000000000e+00
