1.000000000000000000e+00,1.001342105865478516e+01
5.610000000000000000e+02,7.979994416236877441e-01
1.123000000000000000e+03,7.410556674003601074e-01
1.685000000000000000e+03,6.488540172576904297e-01
2.247000000000000000e+03,5.664236545562744141e-01
2.809000000000000000e+03,4.696419835090637207e-01
3.371000000000000000e+03,4.043239951133728027e-01
3.933000000000000000e+03,3.757959306240081787e-01
4.495000000000000000e+03,3.594370186328887939e-01
5.057000000000000000e+03,2.951129674911499023e-01
5.619000000000000000e+03,2.595875561237335205e-01
6.181000000000000000e+03,2.477008849382400513e-01
6.743000000000000000e+03,2.959423661231994629e-01
7.305000000000000000e+03,2.476288676261901855e-01
7.867000000000000000e+03,2.151233702898025513e-01
8.429000000000000000e+03,2.225252687931060791e-01
8.991000000000000000e+03,2.531546950340270996e-01
9.553000000000000000e+03,2.127049863338470459e-01
1.011500000000000000e+04,1.971597075462341309e-01
1.067700000000000000e+04,1.455173790454864502e-01
1.123900000000000000e+04,1.930187344551086426e-01
1.180100000000000000e+04,2.027993649244308472e-01
1.236300000000000000e+04,2.100796848535537720e-01
1.292500000000000000e+04,1.415386348962783813e-01
1.348700000000000000e+04,1.112893149256706238e-01
1.404900000000000000e+04,1.357047408819198608e-01
1.461100000000000000e+04,1.664946079254150391e-01
