1.000000000000000000e+00,1.687537312507629395e+00
5.610000000000000000e+02,7.910217046737670898e-01
1.123000000000000000e+03,6.983932256698608398e-01
1.685000000000000000e+03,5.493840575218200684e-01
2.247000000000000000e+03,4.715628921985626221e-01
2.809000000000000000e+03,3.786085546016693115e-01
3.371000000000000000e+03,3.699142336845397949e-01
3.933000000000000000e+03,3.379763364791870117e-01
4.495000000000000000e+03,2.700655162334442139e-01
5.057000000000000000e+03,2.524953186511993408e-01
5.619000000000000000e+03,2.703083455562591553e-01
6.181000000000000000e+03,2.278694361448287964e-01
6.743000000000000000e+03,2.102907896041870117e-01
7.305000000000000000e+03,2.070471495389938354e-01
7.867000000000000000e+03,2.402783632278442383e-01
8.429000000000000000e+03,2.118112146854400635e-01
8.991000000000000000e+03,2.470985651016235352e-01
9.553000000000000000e+03,1.956696808338165283e-01
1.011500000000000000e+04,2.125462591648101807e-01
1.067700000000000000e+04,1.398718059062957764e-01
1.123900000000000000e+04,1.498741209506988525e-01
1.180100000000000000e+04,1.815407425165176392e-01
1.236300000000000000e+04,2.017063498497009277e-01
1.292500000000000000e+04,1.609383821487426758e-01
1.348700000000000000e+04,1.901056468486785889e-01
1.404900000000000000e+04,9.482581913471221924e-02
1.461100000000000000e+04,1.835494637489318848e-01
