1, 3.8701
1124, 0.6739
2249, 0.2806
3374, 0.2028
4499, 0.2114
5624, 0.1214
6749, 0.1298
7874, 0.1515
8999, 0.0827
10124, 0.0678
11249, 0.1061
12374, 0.0969
13499, 0.0932
14624, 0.0708
15749, 0.0643
16874, 0.0529
17999, 0.0797
19124, 0.0695
20249, 0.0468
21374, 0.0617
22499, 0.0650
23624, 0.1031
24749, 0.1026
25874, 0.0608
26999, 0.0774
28124, 0.0570
29249, 0.0562
30374, 0.0494
31499, 0.0846
32624, 0.0689
33749, 0.0592
34874, 0.0589
35999, 0.0590
37124, 0.0738
38249, 0.0502
39374, 0.0743
40499, 0.0581
41624, 0.0743
42749, 0.0591
43874, 0.0614
44999, 0.0667
46124, 0.0852
47249, 0.1027
48374, 0.0639
49499, 0.0497
