1, 10.1712
1124, 0.8212
2249, 0.4024
3374, 0.2738
4499, 0.2540
5624, 0.1371
6749, 0.1371
7874, 0.1548
8999, 0.1033
10124, 0.0864
11249, 0.1194
12374, 0.1046
13499, 0.0822
14624, 0.0701
15749, 0.0919
16874, 0.0846
17999, 0.0925
19124, 0.0719
20249, 0.0660
21374, 0.0774
22499, 0.0501
23624, 0.0989
24749, 0.0807
25874, 0.0809
26999, 0.0940
28124, 0.0552
29249, 0.0543
30374, 0.0941
31499, 0.0907
32624, 0.0703
33749, 0.0785
34874, 0.0484
35999, 0.0780
37124, 0.0430
38249, 0.0429
39374, 0.0884
40499, 0.0343
41624, 0.0506
42749, 0.0626
43874, 0.0559
44999, 0.0719
46124, 0.0747
47249, 0.0885
48374, 0.0740
49499, 0.0563
