1.000000000000000000e+00,8.755422234535217285e-01
5.610000000000000000e+02,7.548273354768753052e-02
1.123000000000000000e+03,6.043003872036933899e-02
1.685000000000000000e+03,3.707467764616012573e-02
2.247000000000000000e+03,2.241694740951061249e-02
2.809000000000000000e+03,2.738612145185470581e-02
3.371000000000000000e+03,4.531949758529663086e-02
3.933000000000000000e+03,4.176372662186622620e-02
4.495000000000000000e+03,2.622784115374088287e-02
5.057000000000000000e+03,4.489856306463479996e-03
5.619000000000000000e+03,3.229039162397384644e-02
6.181000000000000000e+03,2.536668209359049797e-03
6.743000000000000000e+03,3.411669656634330750e-02
7.305000000000000000e+03,1.734662242233753204e-02
7.867000000000000000e+03,3.128391923382878304e-03
8.429000000000000000e+03,1.066279876977205276e-02
8.991000000000000000e+03,2.246644161641597748e-02
9.553000000000000000e+03,3.543023020029067993e-02
1.011500000000000000e+04,1.417122781276702881e-03
1.067700000000000000e+04,8.305962197482585907e-03
1.123900000000000000e+04,3.632134944200515747e-02
1.180100000000000000e+04,2.554166712798178196e-04
1.236300000000000000e+04,1.277771126478910446e-02
1.292500000000000000e+04,1.532856002449989319e-02
1.348700000000000000e+04,2.157261781394481659e-02
1.404900000000000000e+04,2.059825882315635681e-02
1.461100000000000000e+04,1.680956408381462097e-02
1.517300000000000000e+04,2.244527451694011688e-02
1.573500000000000000e+04,2.664653817191720009e-03
1.629700000000000000e+04,4.474726971238851547e-03
1.685900000000000000e+04,9.228070266544818878e-03
1.742100000000000000e+04,1.412735134363174438e-02
1.798300000000000000e+04,1.480732765048742294e-02
1.854500000000000000e+04,2.353738294914364815e-03
1.910700000000000000e+04,1.137703377753496170e-02
1.966900000000000000e+04,9.573621675372123718e-03
