1.000000000000000000e+00,9.718877673149108887e-01
5.610000000000000000e+02,2.503214478492736816e-01
1.123000000000000000e+03,1.198216006159782410e-01
1.685000000000000000e+03,6.206992268562316895e-02
2.247000000000000000e+03,6.145070865750312805e-02
2.809000000000000000e+03,7.736041396856307983e-02
3.371000000000000000e+03,4.487052932381629944e-02
3.933000000000000000e+03,6.994112581014633179e-02
4.495000000000000000e+03,6.783143430948257446e-02
5.057000000000000000e+03,2.524490654468536377e-02
5.619000000000000000e+03,8.334517478942871094e-02
6.181000000000000000e+03,3.956850990653038025e-02
6.743000000000000000e+03,6.514268368482589722e-02
7.305000000000000000e+03,6.163057684898376465e-02
7.867000000000000000e+03,4.064396023750305176e-02
8.429000000000000000e+03,4.947295784950256348e-02
8.991000000000000000e+03,4.896814003586769104e-02
9.553000000000000000e+03,7.526469230651855469e-02
1.011500000000000000e+04,1.224471535533666611e-02
1.067700000000000000e+04,5.622336640954017639e-02
1.123900000000000000e+04,7.690882682800292969e-02
1.180100000000000000e+04,3.059592843055725098e-02
1.236300000000000000e+04,1.936597935855388641e-02
1.292500000000000000e+04,4.966080188751220703e-02
1.348700000000000000e+04,7.126874476671218872e-02
1.404900000000000000e+04,7.150420546531677246e-02
1.461100000000000000e+04,2.768261916935443878e-02
1.517300000000000000e+04,4.523513838648796082e-02
1.573500000000000000e+04,1.992415264248847961e-02
1.629700000000000000e+04,4.286602139472961426e-03
1.685900000000000000e+04,1.840175688266754150e-02
1.742100000000000000e+04,2.915465831756591797e-02
1.798300000000000000e+04,2.458118833601474762e-02
1.854500000000000000e+04,1.047260221093893051e-02
1.910700000000000000e+04,3.072133101522922516e-02
1.966900000000000000e+04,1.477684918791055679e-02
