1.000000000000000000e+00,1.335725307464599609e+00
5.610000000000000000e+02,6.985905170440673828e-01
1.123000000000000000e+03,5.744810700416564941e-01
1.685000000000000000e+03,4.267395138740539551e-01
2.247000000000000000e+03,3.633624911308288574e-01
2.809000000000000000e+03,3.228178322315216064e-01
3.371000000000000000e+03,2.446656674146652222e-01
3.933000000000000000e+03,2.702480554580688477e-01
4.495000000000000000e+03,2.503743171691894531e-01
5.057000000000000000e+03,2.270590662956237793e-01
5.619000000000000000e+03,2.268958091735839844e-01
6.181000000000000000e+03,2.240608036518096924e-01
6.743000000000000000e+03,1.967533528804779053e-01
7.305000000000000000e+03,1.687532961368560791e-01
7.867000000000000000e+03,1.525128334760665894e-01
8.429000000000000000e+03,2.421450465917587280e-01
8.991000000000000000e+03,2.101139873266220093e-01
9.553000000000000000e+03,1.773821562528610229e-01
1.011500000000000000e+04,2.084070891141891479e-01
1.067700000000000000e+04,1.332869529724121094e-01
1.123900000000000000e+04,1.289640069007873535e-01
1.180100000000000000e+04,1.773354560136795044e-01
1.236300000000000000e+04,1.299223452806472778e-01
1.292500000000000000e+04,1.401231884956359863e-01
1.348700000000000000e+04,1.041523218154907227e-01
1.404900000000000000e+04,1.061381995677947998e-01
1.461100000000000000e+04,1.418223679065704346e-01
