1.000000000000000000e+00,3.774141788482666016e+00
5.610000000000000000e+02,7.952856421470642090e-01
1.123000000000000000e+03,7.598637342453002930e-01
1.685000000000000000e+03,6.918326020240783691e-01
2.247000000000000000e+03,6.466327905654907227e-01
2.809000000000000000e+03,6.195112466812133789e-01
3.371000000000000000e+03,5.305199623107910156e-01
3.933000000000000000e+03,4.481484293937683105e-01
4.495000000000000000e+03,4.005823731422424316e-01
5.057000000000000000e+03,3.609399795532226562e-01
5.619000000000000000e+03,3.777536153793334961e-01
6.181000000000000000e+03,3.304525911808013916e-01
6.743000000000000000e+03,3.170234262943267822e-01
7.305000000000000000e+03,3.165022730827331543e-01
7.867000000000000000e+03,2.908802926540374756e-01
8.429000000000000000e+03,3.242627382278442383e-01
8.991000000000000000e+03,2.773094177246093750e-01
9.553000000000000000e+03,3.232330679893493652e-01
1.011500000000000000e+04,2.523443102836608887e-01
1.067700000000000000e+04,2.135236263275146484e-01
1.123900000000000000e+04,2.182121574878692627e-01
1.180100000000000000e+04,2.758532762527465820e-01
1.236300000000000000e+04,2.919129729270935059e-01
1.292500000000000000e+04,2.464684545993804932e-01
1.348700000000000000e+04,2.452303022146224976e-01
1.404900000000000000e+04,1.924533694982528687e-01
1.461100000000000000e+04,2.458531856536865234e-01
