1.000000000000000000e+00,1.661335349082946777e+00
5.610000000000000000e+02,7.409126758575439453e-01
1.123000000000000000e+03,6.632651090621948242e-01
1.685000000000000000e+03,5.385086536407470703e-01
2.247000000000000000e+03,4.480519294738769531e-01
2.809000000000000000e+03,4.204302132129669189e-01
3.371000000000000000e+03,3.721344470977783203e-01
3.933000000000000000e+03,3.386550247669219971e-01
4.495000000000000000e+03,2.887085676193237305e-01
5.057000000000000000e+03,3.186436593532562256e-01
5.619000000000000000e+03,2.793838679790496826e-01
6.181000000000000000e+03,2.899296283721923828e-01
6.743000000000000000e+03,2.474296092987060547e-01
7.305000000000000000e+03,2.490171343088150024e-01
7.867000000000000000e+03,2.320456802845001221e-01
8.429000000000000000e+03,2.332320064306259155e-01
8.991000000000000000e+03,2.783604860305786133e-01
9.553000000000000000e+03,2.215601354837417603e-01
1.011500000000000000e+04,2.162113189697265625e-01
1.067700000000000000e+04,1.841692924499511719e-01
1.123900000000000000e+04,2.012459784746170044e-01
1.180100000000000000e+04,2.319169789552688599e-01
1.236300000000000000e+04,1.930346935987472534e-01
1.292500000000000000e+04,1.860999912023544312e-01
1.348700000000000000e+04,1.639069765806198120e-01
1.404900000000000000e+04,1.503114402294158936e-01
1.461100000000000000e+04,1.765494346618652344e-01
