1.000000000000000000e+00,2.077072143554687500e+00
5.610000000000000000e+02,7.458331584930419922e-01
1.123000000000000000e+03,6.920787096023559570e-01
1.685000000000000000e+03,6.142532229423522949e-01
2.247000000000000000e+03,5.253767967224121094e-01
2.809000000000000000e+03,4.261277616024017334e-01
3.371000000000000000e+03,4.148187935352325439e-01
3.933000000000000000e+03,3.773406147956848145e-01
4.495000000000000000e+03,3.561969995498657227e-01
5.057000000000000000e+03,3.484678566455841064e-01
5.619000000000000000e+03,3.144705295562744141e-01
6.181000000000000000e+03,3.039524555206298828e-01
6.743000000000000000e+03,2.710995972156524658e-01
7.305000000000000000e+03,2.421693056821823120e-01
7.867000000000000000e+03,2.612986862659454346e-01
8.429000000000000000e+03,2.792281210422515869e-01
8.991000000000000000e+03,2.823694944381713867e-01
9.553000000000000000e+03,2.525715529918670654e-01
1.011500000000000000e+04,2.465093880891799927e-01
1.067700000000000000e+04,1.742573827505111694e-01
1.123900000000000000e+04,2.249021828174591064e-01
1.180100000000000000e+04,2.347938120365142822e-01
1.236300000000000000e+04,1.934993267059326172e-01
1.292500000000000000e+04,2.066703438758850098e-01
1.348700000000000000e+04,1.430715024471282959e-01
1.404900000000000000e+04,1.250879019498825073e-01
1.461100000000000000e+04,1.498022228479385376e-01
