1.000000000000000000e+00,8.485941290855407715e-01
5.610000000000000000e+02,7.336889952421188354e-02
1.123000000000000000e+03,5.096114799380302429e-02
1.685000000000000000e+03,5.757335200905799866e-02
2.247000000000000000e+03,6.654082983732223511e-02
2.809000000000000000e+03,7.846427708864212036e-02
3.371000000000000000e+03,4.928916692733764648e-02
3.933000000000000000e+03,5.815785750746726990e-02
4.495000000000000000e+03,1.829324476420879364e-02
5.057000000000000000e+03,1.576851680874824524e-02
5.619000000000000000e+03,4.340417310595512390e-02
6.181000000000000000e+03,2.287732623517513275e-02
6.743000000000000000e+03,4.066566377878189087e-02
7.305000000000000000e+03,2.539024502038955688e-02
7.867000000000000000e+03,1.978203095495700836e-02
8.429000000000000000e+03,1.520731300115585327e-02
8.991000000000000000e+03,2.854430675506591797e-02
9.553000000000000000e+03,5.443624779582023621e-02
1.011500000000000000e+04,4.757185233756899834e-04
1.067700000000000000e+04,1.159140374511480331e-02
1.123900000000000000e+04,5.941211804747581482e-02
1.180100000000000000e+04,3.961887676268815994e-03
1.236300000000000000e+04,4.108227323740720749e-03
1.292500000000000000e+04,3.229417279362678528e-02
1.348700000000000000e+04,4.244647547602653503e-02
1.404900000000000000e+04,4.550351202487945557e-02
1.461100000000000000e+04,1.652385480701923370e-02
1.517300000000000000e+04,1.409599091857671738e-02
1.573500000000000000e+04,2.112276107072830200e-02
1.629700000000000000e+04,1.853987574577331543e-02
1.685900000000000000e+04,3.637043526396155357e-03
1.742100000000000000e+04,1.297745201736688614e-02
1.798300000000000000e+04,2.626113779842853546e-02
1.854500000000000000e+04,9.047054685652256012e-03
1.910700000000000000e+04,1.278387755155563354e-02
1.966900000000000000e+04,1.584894768893718719e-02
