1.000000000000000000e+00,1.372109413146972656e+00
5.610000000000000000e+02,6.996530294418334961e-01
1.123000000000000000e+03,5.918419361114501953e-01
1.685000000000000000e+03,4.475279450416564941e-01
2.247000000000000000e+03,4.787268042564392090e-01
2.809000000000000000e+03,3.831212520599365234e-01
3.371000000000000000e+03,4.004054367542266846e-01
3.933000000000000000e+03,3.573609292507171631e-01
4.495000000000000000e+03,3.494703769683837891e-01
5.057000000000000000e+03,2.936017513275146484e-01
5.619000000000000000e+03,3.003218472003936768e-01
6.181000000000000000e+03,2.654518485069274902e-01
6.743000000000000000e+03,2.999398410320281982e-01
7.305000000000000000e+03,2.077157199382781982e-01
7.867000000000000000e+03,2.570048570632934570e-01
8.429000000000000000e+03,1.964247822761535645e-01
8.991000000000000000e+03,2.100029885768890381e-01
9.553000000000000000e+03,1.895716786384582520e-01
1.011500000000000000e+04,2.256706506013870239e-01
1.067700000000000000e+04,1.740186661481857300e-01
1.123900000000000000e+04,1.478299945592880249e-01
1.180100000000000000e+04,2.386979162693023682e-01
1.236300000000000000e+04,2.100795358419418335e-01
1.292500000000000000e+04,1.666395664215087891e-01
1.348700000000000000e+04,1.380648463964462280e-01
1.404900000000000000e+04,1.282965540885925293e-01
1.461100000000000000e+04,1.201126202940940857e-01
