1.000000000000000000e+00,6.191356182098388672e+00
5.610000000000000000e+02,8.695591092109680176e-01
1.123000000000000000e+03,7.655749917030334473e-01
1.685000000000000000e+03,6.576076745986938477e-01
2.247000000000000000e+03,6.225720643997192383e-01
2.809000000000000000e+03,5.566151142120361328e-01
3.371000000000000000e+03,4.571420550346374512e-01
3.933000000000000000e+03,4.586031734943389893e-01
4.495000000000000000e+03,4.065758287906646729e-01
5.057000000000000000e+03,3.740084767341613770e-01
5.619000000000000000e+03,3.708891868591308594e-01
6.181000000000000000e+03,3.238083720207214355e-01
6.743000000000000000e+03,3.153069019317626953e-01
7.305000000000000000e+03,2.646733522415161133e-01
7.867000000000000000e+03,2.747716903686523438e-01
8.429000000000000000e+03,2.949564456939697266e-01
8.991000000000000000e+03,2.742810845375061035e-01
9.553000000000000000e+03,2.351348996162414551e-01
1.011500000000000000e+04,2.257742583751678467e-01
1.067700000000000000e+04,2.120996862649917603e-01
1.123900000000000000e+04,1.907571256160736084e-01
1.180100000000000000e+04,2.432839423418045044e-01
1.236300000000000000e+04,1.959866583347320557e-01
1.292500000000000000e+04,2.100336998701095581e-01
1.348700000000000000e+04,1.811533123254776001e-01
1.404900000000000000e+04,1.137777566909790039e-01
1.461100000000000000e+04,2.007479071617126465e-01
