1.152848005294799805e+00
6.724195480346679688e-01
6.065393686294555664e-01
5.870791077613830566e-01
5.814074873924255371e-01
5.726978778839111328e-01
5.655084252357482910e-01
5.595191717147827148e-01
5.533108115196228027e-01
5.458943247795104980e-01
5.398972630500793457e-01
5.356088876724243164e-01
5.334255099296569824e-01
5.320056676864624023e-01
5.310178399085998535e-01
5.303909182548522949e-01
5.298546552658081055e-01
5.292150974273681641e-01
5.287366509437561035e-01
5.283758044242858887e-01
5.281190276145935059e-01
5.281099677085876465e-01
5.278847217559814453e-01
5.270263552665710449e-01
5.264879465103149414e-01
5.262678265571594238e-01
5.259147882461547852e-01
5.254938006401062012e-01
5.249069333076477051e-01
5.242620706558227539e-01
5.236144661903381348e-01
5.233051180839538574e-01
5.229863524436950684e-01
5.228413939476013184e-01
5.226380825042724609e-01
5.225382447242736816e-01
