1.261720061302185059e+00
6.807935833930969238e-01
6.105470657348632812e-01
6.013554334640502930e-01
5.898662209510803223e-01
5.544998645782470703e-01
5.755961537361145020e-01
5.542704463005065918e-01
5.697118639945983887e-01
5.385056734085083008e-01
5.423340797424316406e-01
5.212203860282897949e-01
5.523386597633361816e-01
5.279237627983093262e-01
5.338039398193359375e-01
5.345126986503601074e-01
5.332695245742797852e-01
5.337129235267639160e-01
5.321333408355712891e-01
5.412105321884155273e-01
5.245134234428405762e-01
5.254085659980773926e-01
5.328674912452697754e-01
5.122010111808776855e-01
5.346433520317077637e-01
5.274018049240112305e-01
5.181850790977478027e-01
5.137143731117248535e-01
5.216100811958312988e-01
5.210099816322326660e-01
5.270365476608276367e-01
5.216737389564514160e-01
5.232755541801452637e-01
5.306149125099182129e-01
5.302322506904602051e-01
5.293478965759277344e-01
