1.031708121299743652e+00
6.810706257820129395e-01
6.643241047859191895e-01
6.600934863090515137e-01
6.230593323707580566e-01
5.834846496582031250e-01
5.477828979492187500e-01
5.262989997863769531e-01
5.203964710235595703e-01
5.169705748558044434e-01
5.147444605827331543e-01
5.130745768547058105e-01
5.115234255790710449e-01
5.107480883598327637e-01
5.105751156806945801e-01
5.103707909584045410e-01
5.103976130485534668e-01
5.105043053627014160e-01
5.111475586891174316e-01
5.113689899444580078e-01
5.113546252250671387e-01
5.115618705749511719e-01
5.115773081779479980e-01
5.120558738708496094e-01
5.131312012672424316e-01
5.137302279472351074e-01
5.145767927169799805e-01
5.151870846748352051e-01
5.142729878425598145e-01
5.139678120613098145e-01
5.124741196632385254e-01
5.120041966438293457e-01
5.112296342849731445e-01
5.108841657638549805e-01
5.104932188987731934e-01
5.099866986274719238e-01
