1.033424496650695801e+00
6.763155460357666016e-01
6.489419341087341309e-01
6.021943092346191406e-01
5.967927575111389160e-01
5.701314806938171387e-01
5.505521893501281738e-01
5.446543097496032715e-01
5.751689076423645020e-01
5.419129729270935059e-01
5.388140082359313965e-01
5.037836432456970215e-01
5.566112399101257324e-01
5.278870463371276855e-01
5.379866361618041992e-01
5.499899983406066895e-01
5.266380906105041504e-01
5.312674045562744141e-01
5.526332259178161621e-01
5.341419577598571777e-01
5.405827164649963379e-01
5.246867537498474121e-01
5.360064506530761719e-01
5.346890091896057129e-01
5.192167162895202637e-01
5.167400240898132324e-01
5.171971917152404785e-01
5.011124610900878906e-01
5.238209962844848633e-01
5.059344172477722168e-01
5.113919973373413086e-01
5.135688781738281250e-01
5.104878544807434082e-01
5.047331452369689941e-01
5.171384811401367188e-01
5.068330764770507812e-01
