1.000000000000000000e+00,1.178448081016540527e+00
5.610000000000000000e+02,9.848126769065856934e-02
1.123000000000000000e+03,6.052095815539360046e-02
1.685000000000000000e+03,4.663759842514991760e-02
2.247000000000000000e+03,3.912413492798805237e-02
2.809000000000000000e+03,5.856609344482421875e-02
3.371000000000000000e+03,3.725397959351539612e-02
3.933000000000000000e+03,4.337920248508453369e-02
4.495000000000000000e+03,3.235368058085441589e-02
5.057000000000000000e+03,4.141597601119428873e-04
5.619000000000000000e+03,1.351889222860336304e-02
6.181000000000000000e+03,7.232505828142166138e-03
6.743000000000000000e+03,3.364134952425956726e-02
7.305000000000000000e+03,2.861219644546508789e-02
7.867000000000000000e+03,4.224922740831971169e-04
8.429000000000000000e+03,1.403241977095603943e-02
8.991000000000000000e+03,9.522209875285625458e-03
9.553000000000000000e+03,2.252391166985034943e-02
1.011500000000000000e+04,1.401309273205697536e-03
1.067700000000000000e+04,2.576015144586563110e-02
1.123900000000000000e+04,1.445807516574859619e-02
1.180100000000000000e+04,3.939661663025617599e-03
1.236300000000000000e+04,5.863284692168235779e-03
1.292500000000000000e+04,2.091545425355434418e-02
1.348700000000000000e+04,3.839738294482231140e-02
1.404900000000000000e+04,8.159281685948371887e-03
1.461100000000000000e+04,1.001844834536314011e-02
1.517300000000000000e+04,3.217995911836624146e-02
1.573500000000000000e+04,9.392813662998378277e-04
1.629700000000000000e+04,3.378288447856903076e-02
1.685900000000000000e+04,1.162825897336006165e-02
1.742100000000000000e+04,2.704056538641452789e-02
1.798300000000000000e+04,1.656397618353366852e-02
1.854500000000000000e+04,3.097894368693232536e-03
1.910700000000000000e+04,1.018353432300500572e-04
1.966900000000000000e+04,1.063895598053932190e-02
