1.000000000000000000e+00,3.198715686798095703e+00
5.610000000000000000e+02,7.498281002044677734e-01
1.123000000000000000e+03,6.946893334388732910e-01
1.685000000000000000e+03,5.817539691925048828e-01
2.247000000000000000e+03,5.316402912139892578e-01
2.809000000000000000e+03,4.963359832763671875e-01
3.371000000000000000e+03,4.098257720470428467e-01
3.933000000000000000e+03,3.452014625072479248e-01
4.495000000000000000e+03,3.509460091590881348e-01
5.057000000000000000e+03,3.149688243865966797e-01
5.619000000000000000e+03,2.871049642562866211e-01
6.181000000000000000e+03,2.849406003952026367e-01
6.743000000000000000e+03,2.838875055313110352e-01
7.305000000000000000e+03,2.335928231477737427e-01
7.867000000000000000e+03,2.899184226989746094e-01
8.429000000000000000e+03,2.732114791870117188e-01
8.991000000000000000e+03,2.868006825447082520e-01
9.553000000000000000e+03,1.580037623643875122e-01
1.011500000000000000e+04,2.273310273885726929e-01
1.067700000000000000e+04,1.600147485733032227e-01
1.123900000000000000e+04,1.759321987628936768e-01
1.180100000000000000e+04,2.215610295534133911e-01
1.236300000000000000e+04,2.146944999694824219e-01
1.292500000000000000e+04,1.733352690935134888e-01
1.348700000000000000e+04,1.690870523452758789e-01
1.404900000000000000e+04,1.754214614629745483e-01
1.461100000000000000e+04,2.138100266456604004e-01
