1.000000000000000000e+00,4.054159641265869141e+00
5.610000000000000000e+02,8.458303213119506836e-01
1.123000000000000000e+03,7.480286359786987305e-01
1.685000000000000000e+03,6.734838485717773438e-01
2.247000000000000000e+03,6.592087149620056152e-01
2.809000000000000000e+03,5.856751203536987305e-01
3.371000000000000000e+03,5.129726529121398926e-01
3.933000000000000000e+03,4.657585620880126953e-01
4.495000000000000000e+03,4.659308195114135742e-01
5.057000000000000000e+03,4.496306180953979492e-01
5.619000000000000000e+03,4.252371788024902344e-01
6.181000000000000000e+03,3.719644248485565186e-01
6.743000000000000000e+03,3.874010145664215088e-01
7.305000000000000000e+03,3.358846306800842285e-01
7.867000000000000000e+03,3.865965008735656738e-01
8.429000000000000000e+03,3.371161222457885742e-01
8.991000000000000000e+03,3.453241586685180664e-01
9.553000000000000000e+03,2.979327738285064697e-01
1.011500000000000000e+04,2.914481461048126221e-01
1.067700000000000000e+04,2.347222566604614258e-01
1.123900000000000000e+04,2.373938411474227905e-01
1.180100000000000000e+04,3.153931200504302979e-01
1.236300000000000000e+04,2.890604436397552490e-01
1.292500000000000000e+04,2.903127670288085938e-01
1.348700000000000000e+04,2.412523031234741211e-01
1.404900000000000000e+04,2.618220150470733643e-01
1.461100000000000000e+04,2.490347027778625488e-01
