1.000000000000000000e+00,1.005364418029785156e+00
5.610000000000000000e+02,3.590310811996459961e-01
1.123000000000000000e+03,2.508175969123840332e-01
1.685000000000000000e+03,2.353307455778121948e-01
2.247000000000000000e+03,1.984349042177200317e-01
2.809000000000000000e+03,1.775444298982620239e-01
3.371000000000000000e+03,1.810078173875808716e-01
3.933000000000000000e+03,1.837653517723083496e-01
4.495000000000000000e+03,1.638863086700439453e-01
5.057000000000000000e+03,1.693562269210815430e-01
5.619000000000000000e+03,2.161360830068588257e-01
6.181000000000000000e+03,1.312527805566787720e-01
6.743000000000000000e+03,1.747650504112243652e-01
7.305000000000000000e+03,1.728875637054443359e-01
7.867000000000000000e+03,1.499025672674179077e-01
8.429000000000000000e+03,1.503708809614181519e-01
8.991000000000000000e+03,1.580211073160171509e-01
9.553000000000000000e+03,1.751026660203933716e-01
1.011500000000000000e+04,1.501278132200241089e-01
1.067700000000000000e+04,1.423123031854629517e-01
1.123900000000000000e+04,1.844220012426376343e-01
1.180100000000000000e+04,1.679318994283676147e-01
1.236300000000000000e+04,1.355455666780471802e-01
1.292500000000000000e+04,1.769574135541915894e-01
1.348700000000000000e+04,1.863661408424377441e-01
1.404900000000000000e+04,1.533618122339248657e-01
1.461100000000000000e+04,1.822761297225952148e-01
