9.906982779502868652e-01
6.786677837371826172e-01
6.483078598976135254e-01
6.096282601356506348e-01
5.663633346557617188e-01
5.311468243598937988e-01
5.153264999389648438e-01
5.079324841499328613e-01
5.040815472602844238e-01
5.030941367149353027e-01
5.018349885940551758e-01
5.008324980735778809e-01
5.008227825164794922e-01
5.001428723335266113e-01
4.994339644908905029e-01
4.989638626575469971e-01
4.990999996662139893e-01
4.987141191959381104e-01
4.992485046386718750e-01
4.991481006145477295e-01
4.993363320827484131e-01
4.990773200988769531e-01
4.993510544300079346e-01
4.991373717784881592e-01
4.993168413639068604e-01
4.996387064456939697e-01
4.997178018093109131e-01
4.995003938674926758e-01
5.001405477523803711e-01
5.002391934394836426e-01
5.001233220100402832e-01
5.007151961326599121e-01
5.007533431053161621e-01
5.006851553916931152e-01
5.008813738822937012e-01
5.011113286018371582e-01
