9.995490908622741699e-01
6.736176609992980957e-01
6.506521105766296387e-01
6.038643717765808105e-01
5.569774508476257324e-01
5.231962800025939941e-01
5.259072184562683105e-01
5.188094377517700195e-01
5.260126590728759766e-01
4.963952600955963135e-01
5.134343504905700684e-01
5.068746209144592285e-01
5.110509991645812988e-01
4.992029368877410889e-01
4.991692602634429932e-01
5.101614594459533691e-01
5.032920837402343750e-01
4.993910789489746094e-01
5.047425627708435059e-01
5.124134421348571777e-01
5.072798132896423340e-01
4.972031116485595703e-01
5.047559142112731934e-01
5.016071796417236328e-01
4.958806037902832031e-01
4.920725822448730469e-01
5.070399641990661621e-01
4.916752874851226807e-01
5.034039616584777832e-01
4.986928403377532959e-01
4.882283210754394531e-01
5.046407580375671387e-01
4.957574307918548584e-01
4.971460998058319092e-01
5.069025754928588867e-01
5.016918778419494629e-01
