1.000000000000000000e+00,1.005290627479553223e+00
5.610000000000000000e+02,1.371242403984069824e-01
1.123000000000000000e+03,6.210916861891746521e-02
1.685000000000000000e+03,4.609005525708198547e-02
2.247000000000000000e+03,4.664219915866851807e-02
2.809000000000000000e+03,8.162203431129455566e-02
3.371000000000000000e+03,3.558818995952606201e-02
3.933000000000000000e+03,5.046606436371803284e-02
4.495000000000000000e+03,3.185035660862922668e-02
5.057000000000000000e+03,1.657143980264663696e-02
5.619000000000000000e+03,7.465922087430953979e-02
6.181000000000000000e+03,4.834094271063804626e-02
6.743000000000000000e+03,4.179593920707702637e-02
7.305000000000000000e+03,4.493376240134239197e-02
7.867000000000000000e+03,2.648466266691684723e-02
8.429000000000000000e+03,3.136980161070823669e-02
8.991000000000000000e+03,4.744680598378181458e-02
9.553000000000000000e+03,7.938384264707565308e-02
1.011500000000000000e+04,4.908340517431497574e-03
1.067700000000000000e+04,3.210900351405143738e-02
1.123900000000000000e+04,5.362466350197792053e-02
1.180100000000000000e+04,1.936384662985801697e-02
1.236300000000000000e+04,1.520608086138963699e-02
1.292500000000000000e+04,4.216171801090240479e-02
1.348700000000000000e+04,8.601468801498413086e-02
1.404900000000000000e+04,6.281382590532302856e-02
1.461100000000000000e+04,2.044326439499855042e-02
1.517300000000000000e+04,1.842967234551906586e-02
1.573500000000000000e+04,2.456947229802608490e-02
1.629700000000000000e+04,5.955161992460489273e-03
1.685900000000000000e+04,1.756772212684154510e-02
1.742100000000000000e+04,3.190637007355690002e-02
1.798300000000000000e+04,1.346297282725572586e-02
1.854500000000000000e+04,2.024591527879238129e-02
1.910700000000000000e+04,5.884327460080385208e-03
1.966900000000000000e+04,2.504766546189785004e-02
