1.000000000000000000e+00,1.717573761940002441e+00
1.124000000000000000e+03,4.297956228256225586e-01
2.249000000000000000e+03,2.885321676731109619e-01
3.374000000000000000e+03,2.193878740072250366e-01
4.499000000000000000e+03,1.746290177106857300e-01
5.624000000000000000e+03,1.524827480316162109e-01
6.749000000000000000e+03,1.040220186114311218e-01
7.874000000000000000e+03,1.578547954559326172e-01
8.999000000000000000e+03,1.290028393268585205e-01
1.012400000000000000e+04,1.214837208390235901e-01
1.124900000000000000e+04,1.501147747039794922e-01
1.237400000000000000e+04,1.061338558793067932e-01
1.349900000000000000e+04,1.057738363742828369e-01
1.462400000000000000e+04,1.066453605890274048e-01
1.574900000000000000e+04,1.149018332362174988e-01
1.687400000000000000e+04,8.206346631050109863e-02
1.799900000000000000e+04,1.241969168186187744e-01
1.912400000000000000e+04,6.422481685876846313e-02
