1.058075547218322754e+00
2.567225098609924316e-01
1.062006279826164246e-01
8.669541031122207642e-02
8.129280805587768555e-02
7.673431932926177979e-02
7.389084249734878540e-02
7.321170717477798462e-02
7.197607308626174927e-02
7.219594717025756836e-02
7.090906053781509399e-02
7.025504857301712036e-02
7.059497386217117310e-02
7.071524113416671753e-02
7.121521979570388794e-02
7.174418121576309204e-02
7.238014787435531616e-02
7.091734558343887329e-02
7.167521864175796509e-02
7.038737088441848755e-02
6.964991241693496704e-02
6.968828290700912476e-02
6.847745925188064575e-02
6.863445788621902466e-02
6.591744720935821533e-02
6.435354799032211304e-02
6.380427628755569458e-02
