1.062214851379394531e+00
2.984016835689544678e-01
1.503196954727172852e-01
1.398614197969436646e-01
1.124833002686500549e-01
7.178266346454620361e-02
5.334139242768287659e-02
8.258640021085739136e-02
4.994850978255271912e-02
9.863033890724182129e-02
5.502139031887054443e-02
6.686528027057647705e-02
6.343539804220199585e-02
5.431666970252990723e-02
3.879516571760177612e-02
7.691862434148788452e-02
3.905740007758140564e-02
8.191677182912826538e-02
3.069018572568893433e-02
4.387813806533813477e-02
5.146065726876258850e-02
7.055050879716873169e-02
4.432001709938049316e-02
6.515568494796752930e-02
6.454225629568099976e-02
5.460570380091667175e-02
6.767637282609939575e-02
