1.000000000000000000e+00,9.958312511444091797e-01
5.610000000000000000e+02,1.472561359405517578e-01
1.123000000000000000e+03,7.323316484689712524e-02
1.685000000000000000e+03,6.942354887723922729e-02
2.247000000000000000e+03,6.716436147689819336e-02
2.809000000000000000e+03,7.897547632455825806e-02
3.371000000000000000e+03,5.464466288685798645e-02
3.933000000000000000e+03,8.142124861478805542e-02
4.495000000000000000e+03,4.994023963809013367e-02
5.057000000000000000e+03,6.926028523594141006e-03
5.619000000000000000e+03,8.168449997901916504e-02
6.181000000000000000e+03,5.217893421649932861e-02
6.743000000000000000e+03,7.367003709077835083e-02
7.305000000000000000e+03,6.917409598827362061e-02
7.867000000000000000e+03,2.490979991853237152e-02
8.429000000000000000e+03,2.841676026582717896e-02
8.991000000000000000e+03,5.539796128869056702e-02
9.553000000000000000e+03,6.613255292177200317e-02
1.011500000000000000e+04,2.773942425847053528e-03
1.067700000000000000e+04,3.445035591721534729e-02
1.123900000000000000e+04,5.502051487565040588e-02
1.180100000000000000e+04,2.260276488959789276e-02
1.236300000000000000e+04,1.518071442842483521e-02
1.292500000000000000e+04,3.980340436100959778e-02
1.348700000000000000e+04,6.371254473924636841e-02
1.404900000000000000e+04,5.995405092835426331e-02
1.461100000000000000e+04,1.862496696412563324e-02
1.517300000000000000e+04,5.134527757763862610e-02
1.573500000000000000e+04,3.321778401732444763e-02
1.629700000000000000e+04,3.219945356249809265e-02
1.685900000000000000e+04,1.404668856412172318e-02
1.742100000000000000e+04,1.281517464667558670e-02
1.798300000000000000e+04,2.775115333497524261e-02
1.854500000000000000e+04,1.713508740067481995e-02
1.910700000000000000e+04,2.423304319381713867e-02
1.966900000000000000e+04,1.307512912899255753e-02
