1.000000000000000000e+00,9.461705088615417480e-01
5.610000000000000000e+02,9.109505265951156616e-02
1.123000000000000000e+03,4.818944260478019714e-02
1.685000000000000000e+03,5.847059190273284912e-02
2.247000000000000000e+03,4.455910623073577881e-02
2.809000000000000000e+03,6.129539012908935547e-02
3.371000000000000000e+03,5.319931730628013611e-02
3.933000000000000000e+03,7.471797615289688110e-02
4.495000000000000000e+03,4.530686512589454651e-02
5.057000000000000000e+03,1.252940576523542404e-02
5.619000000000000000e+03,5.469420924782752991e-02
6.181000000000000000e+03,4.088652878999710083e-02
6.743000000000000000e+03,6.057442352175712585e-02
7.305000000000000000e+03,2.855656109750270844e-02
7.867000000000000000e+03,3.068746300414204597e-03
8.429000000000000000e+03,1.787985861301422119e-02
8.991000000000000000e+03,5.008484050631523132e-02
9.553000000000000000e+03,5.474475026130676270e-02
1.011500000000000000e+04,6.531946710310876369e-04
1.067700000000000000e+04,3.651324287056922913e-02
1.123900000000000000e+04,7.408561557531356812e-02
1.180100000000000000e+04,1.118154823780059814e-02
1.236300000000000000e+04,2.274352312088012695e-02
1.292500000000000000e+04,2.319554798305034637e-02
1.348700000000000000e+04,3.098672814667224884e-02
1.404900000000000000e+04,5.830522254109382629e-02
1.461100000000000000e+04,2.883904427289962769e-02
1.517300000000000000e+04,7.168228179216384888e-02
1.573500000000000000e+04,1.608313992619514465e-02
1.629700000000000000e+04,4.327174648642539978e-02
1.685900000000000000e+04,1.895690895617008209e-02
1.742100000000000000e+04,3.193483129143714905e-02
1.798300000000000000e+04,1.939640939235687256e-02
1.854500000000000000e+04,2.081929706037044525e-02
1.910700000000000000e+04,2.111090905964374542e-02
1.966900000000000000e+04,2.579685300588607788e-02
