1.000000000000000000e+00,9.270964622497558594e+00
1.124000000000000000e+03,7.253898978233337402e-01
2.249000000000000000e+03,6.333987116813659668e-01
3.374000000000000000e+03,5.874152779579162598e-01
4.499000000000000000e+03,4.275250434875488281e-01
5.624000000000000000e+03,4.093269407749176025e-01
6.749000000000000000e+03,3.063669800758361816e-01
7.874000000000000000e+03,2.790561020374298096e-01
8.999000000000000000e+03,3.057424724102020264e-01
1.012400000000000000e+04,2.666777372360229492e-01
1.124900000000000000e+04,2.851740121841430664e-01
1.237400000000000000e+04,2.903162539005279541e-01
1.349900000000000000e+04,2.229667305946350098e-01
1.462400000000000000e+04,2.306270450353622437e-01
1.574900000000000000e+04,2.416605353355407715e-01
1.687400000000000000e+04,1.708245277404785156e-01
1.799900000000000000e+04,2.142433226108551025e-01
1.912400000000000000e+04,1.500789523124694824e-01
