1.000000000000000000e+00,2.249694824218750000e+00
5.610000000000000000e+02,7.245218753814697266e-01
1.123000000000000000e+03,6.113879084587097168e-01
1.685000000000000000e+03,5.133681297302246094e-01
2.247000000000000000e+03,4.755617976188659668e-01
2.809000000000000000e+03,4.356037378311157227e-01
3.371000000000000000e+03,3.986250758171081543e-01
3.933000000000000000e+03,3.532560765743255615e-01
4.495000000000000000e+03,3.428642153739929199e-01
5.057000000000000000e+03,3.595158159732818604e-01
5.619000000000000000e+03,3.378348648548126221e-01
6.181000000000000000e+03,2.880333065986633301e-01
6.743000000000000000e+03,3.092720210552215576e-01
7.305000000000000000e+03,2.384557127952575684e-01
7.867000000000000000e+03,2.614120543003082275e-01
8.429000000000000000e+03,3.364101946353912354e-01
8.991000000000000000e+03,2.653965353965759277e-01
9.553000000000000000e+03,2.542707920074462891e-01
1.011500000000000000e+04,2.392860800027847290e-01
1.067700000000000000e+04,2.037675678730010986e-01
1.123900000000000000e+04,2.180476337671279907e-01
1.180100000000000000e+04,2.795702517032623291e-01
1.236300000000000000e+04,1.978409588336944580e-01
1.292500000000000000e+04,1.868287473917007446e-01
1.348700000000000000e+04,1.734489649534225464e-01
1.404900000000000000e+04,1.851509660482406616e-01
1.461100000000000000e+04,1.899141967296600342e-01
