1.000000000000000000e+00,9.978922009468078613e-01
5.610000000000000000e+02,1.423304378986358643e-01
1.123000000000000000e+03,7.114983350038528442e-02
1.685000000000000000e+03,5.480583012104034424e-02
2.247000000000000000e+03,6.691891700029373169e-02
2.809000000000000000e+03,5.978284776210784912e-02
3.371000000000000000e+03,6.086255982518196106e-02
3.933000000000000000e+03,7.225512713193893433e-02
4.495000000000000000e+03,5.050878599286079407e-02
5.057000000000000000e+03,7.745869923382997513e-03
5.619000000000000000e+03,8.333378285169601440e-02
6.181000000000000000e+03,4.192585870623588562e-02
6.743000000000000000e+03,6.217910721898078918e-02
7.305000000000000000e+03,5.990566313266754150e-02
7.867000000000000000e+03,2.608985453844070435e-02
8.429000000000000000e+03,1.984891295433044434e-02
8.991000000000000000e+03,6.136615201830863953e-02
9.553000000000000000e+03,7.027549296617507935e-02
1.011500000000000000e+04,8.160248398780822754e-03
1.067700000000000000e+04,5.156353116035461426e-02
1.123900000000000000e+04,4.192739725112915039e-02
1.180100000000000000e+04,1.518243644386529922e-02
1.236300000000000000e+04,6.964696105569601059e-03
1.292500000000000000e+04,5.174746736884117126e-02
1.348700000000000000e+04,8.064518123865127563e-02
1.404900000000000000e+04,5.142734572291374207e-02
1.461100000000000000e+04,1.456293929368257523e-02
1.517300000000000000e+04,5.905446410179138184e-02
1.573500000000000000e+04,2.920820005238056183e-02
1.629700000000000000e+04,2.419088780879974365e-02
1.685900000000000000e+04,2.629318833351135254e-02
1.742100000000000000e+04,1.934547163546085358e-02
1.798300000000000000e+04,2.034145966172218323e-02
1.854500000000000000e+04,1.750683784484863281e-02
1.910700000000000000e+04,3.280056640505790710e-02
1.966900000000000000e+04,3.052581101655960083e-02
