1.000000000000000000e+00,1.134537100791931152e+00
5.610000000000000000e+02,1.787755042314529419e-01
1.123000000000000000e+03,8.706139773130416870e-02
1.685000000000000000e+03,6.963748484849929810e-02
2.247000000000000000e+03,5.477446690201759338e-02
2.809000000000000000e+03,7.848619669675827026e-02
3.371000000000000000e+03,3.355519846081733704e-02
3.933000000000000000e+03,5.771246924996376038e-02
4.495000000000000000e+03,1.947340182960033417e-02
5.057000000000000000e+03,6.205918267369270325e-03
5.619000000000000000e+03,2.852440066635608673e-02
6.181000000000000000e+03,1.324263960123062134e-02
6.743000000000000000e+03,4.030911996960639954e-02
7.305000000000000000e+03,2.387276850640773773e-02
7.867000000000000000e+03,1.354204118251800537e-02
8.429000000000000000e+03,1.164588797837495804e-02
8.991000000000000000e+03,2.566860429942607880e-02
9.553000000000000000e+03,4.639037325978279114e-02
1.011500000000000000e+04,1.964839641004800797e-03
1.067700000000000000e+04,3.639739006757736206e-03
1.123900000000000000e+04,2.298308163881301880e-02
1.180100000000000000e+04,1.077521312981843948e-02
1.236300000000000000e+04,1.155326981097459793e-02
1.292500000000000000e+04,1.406780909746885300e-03
1.348700000000000000e+04,3.841982036828994751e-02
1.404900000000000000e+04,3.838858380913734436e-02
1.461100000000000000e+04,1.556490454822778702e-02
1.517300000000000000e+04,1.916052959859371185e-02
1.573500000000000000e+04,3.274551033973693848e-02
1.629700000000000000e+04,8.491030894219875336e-04
1.685900000000000000e+04,8.319383487105369568e-03
1.742100000000000000e+04,7.292376831173896790e-03
1.798300000000000000e+04,1.990823820233345032e-02
1.854500000000000000e+04,1.487309858202934265e-02
1.910700000000000000e+04,3.379904374014586210e-04
1.966900000000000000e+04,9.615423623472452164e-04
