9.594405293464660645e-01
6.851491332054138184e-01
6.486089825630187988e-01
5.296952128410339355e-01
5.260408520698547363e-01
5.358896255493164062e-01
5.421135425567626953e-01
5.425901412963867188e-01
5.406663417816162109e-01
5.391606688499450684e-01
5.262967944145202637e-01
5.092762112617492676e-01
5.022097229957580566e-01
4.989164769649505615e-01
4.976455271244049072e-01
4.971837997436523438e-01
4.973476231098175049e-01
4.981118738651275635e-01
4.980116188526153564e-01
4.979057013988494873e-01
4.977661669254302979e-01
4.968918263912200928e-01
4.963869154453277588e-01
4.959293305873870850e-01
4.955981671810150146e-01
4.952977597713470459e-01
4.950343668460845947e-01
4.950080811977386475e-01
4.949209392070770264e-01
4.947731792926788330e-01
4.943739473819732666e-01
4.946385920047760010e-01
4.951353073120117188e-01
4.953495264053344727e-01
4.953977167606353760e-01
4.953895509243011475e-01
