9.528165459632873535e-01
6.753087043762207031e-01
6.580314040184020996e-01
6.086370944976806641e-01
5.672729015350341797e-01
5.493651032447814941e-01
5.398251414299011230e-01
5.400426387786865234e-01
5.501029491424560547e-01
5.240229964256286621e-01
5.172704458236694336e-01
5.143967866897583008e-01
5.172994732856750488e-01
5.079292654991149902e-01
5.050387382507324219e-01
5.145471692085266113e-01
5.040388703346252441e-01
5.038433074951171875e-01
5.020521283149719238e-01
5.053024888038635254e-01
4.996688663959503174e-01
4.969054758548736572e-01
5.093479752540588379e-01
4.994977414608001709e-01
4.938888847827911377e-01
4.886368513107299805e-01
5.068040490150451660e-01
4.911709129810333252e-01
5.045486092567443848e-01
4.908269643783569336e-01
4.881359636783599854e-01
5.092880129814147949e-01
5.016056895256042480e-01
5.035257935523986816e-01
4.994613826274871826e-01
4.993454515933990479e-01
