4.649053215398453454e-02,6.194416190206538664e-01,1.480843011400429621e+00,2.749319944996386875e-04,8.032334730436559989e-01,8.391275963629596379e-01,2.596953892090823612e-01,1.057034826779272435e-01,6.333715072891209497e-01,7.823638808389660193e-01
3.217646800447255262e-01,1.099411596241407052e+00,1.417952363076619759e+00,4.750914429314434528e-01,6.222130265086889267e-02,1.617036426370032087e+00,8.740131351398303661e-01,1.115472686174325601e+00,2.045219459268264650e+00,7.554315430345013294e-01
5.442512490088120547e-01,2.421172984922304927e+00,2.480163286486640750e+00,3.816305436426773445e-01,3.888068262720480450e-01,2.747988691553473334e-02,1.051620884845033244e+00,1.098382016411051154e+00,9.729558811988681111e-01,1.157420919509604573e+00
0.000000000000000000e+00,1.219036731275264129e+00,1.847594333474990025e+00,5.051347126718610386e-02,1.771572973288129960e-01,7.605466518434696177e-02,0.000000000000000000e+00,2.281776528805494197e-01,1.690652425319421948e+00,8.709512660978362408e-01
0.000000000000000000e+00,1.024450517690274953e+00,1.886099417734658390e+00,5.254083442850969732e-01,1.399001522804610431e-02,1.945381862216163382e+00,2.196960930246859844e-01,4.913923512445762531e-01,5.073563643149100466e-01,1.386956633592490162e-01
0.000000000000000000e+00,0.000000000000000000e+00,0.000000000000000000e+00,1.195746260462328819e-01,2.925006653647869714e-01,0.000000000000000000e+00,0.000000000000000000e+00,0.000000000000000000e+00,0.000000000000000000e+00,3.500727613922208770e-01
5.807089498266577721e-01,4.037821074016392231e-01,2.027722315024584443e+00,9.275834421627223714e-01,3.769189468584954739e-02,3.926336635835468991e-01,0.000000000000000000e+00,5.238757931627333608e-01,1.210800349712371771e-01,2.278274592943489441e-01
0.000000000000000000e+00,4.848613514797762147e-01,2.051834297773894034e-01,1.311869642231613432e-02,7.866453952156007845e-02,8.792871467536315100e-01,3.220457926392555348e-01,6.436196104390546902e-01,2.167248859943356476e-01,2.507808604743331782e-01
1.572018000297248363e-02,1.654446699566324286e+00,1.728164041790296368e+00,1.240829394664615462e-02,6.747031860199058650e-01,1.284833129029721091e-02,4.494058796670287736e-01,2.736556324060074874e-01,3.642337939236313105e-01,1.432898586176452271e+00
1.578774075955152456e-01,7.942932000383734481e-01,3.239948092494159826e-01,1.098817332275211722e+00,9.728920540306716935e-01,1.046051542880013674e+00,1.953832896053790957e+00,1.628294321335852057e+00,6.257088670507073846e-01,1.047358726244419724e+00
1.004051588755100921e+00,1.258088939869776324e+00,1.318893471080809787e+00,1.005620895233005241e+00,8.553521049208938631e-01,1.287474391097202853e+00,1.263089066417887762e+00,1.264779156353324607e+00,1.678463819716125682e+00,8.232289748732000145e-01
4.072275198996067047e-02,1.335362188844010145e+00,1.340318864723667458e+00,7.756636687554418694e-03,1.073818679433315992e-01,1.240090610785409719e+00,4.232223293511196971e-01,4.985149344429373741e-01,1.672341179614886597e+00,3.358654865296557546e-01
6.101847643032669577e-01,1.298642009496688843e-01,2.212793350219726674e-01,8.444797217845916304e-01,1.426593911647796586e+00,4.769210688769817130e-01,9.648673430085181746e-01,7.807930179871618304e-01,3.444843006785959227e-01,1.409886997938156084e+00
1.264556404203176498e-01,7.864254904910922273e-01,6.190843434771522436e-01,2.721939161652698891e-01,6.964700901648029907e-01,1.951070648618042358e-01,5.752031558891758101e-01,1.319019798748195083e+00,4.176668456522747985e-01,1.440280821733176619e+00
5.476441436912864447e-01,1.929977425979450434e+00,3.267098897742107599e+00,9.196715192869305833e-01,1.813560525886714347e-01,1.499803522275760859e+00,7.968432225286961046e-01,2.035192070202902048e+00,2.624057903559878557e+00,5.294184052851050870e-01
3.631238069385290257e-01,7.418914137873798831e-01,1.214094724366441280e+00,6.786218023393303378e-01,5.617010068148374780e-01,9.496021511498838885e-01,4.270059268921613804e-01,9.126933085266500933e-01,1.049481600383296520e+00,8.371042831335216983e-01
7.445006759371608496e-01,1.054289285326376557e+00,6.961072431877255440e-01,4.455263100564479939e-01,7.248765507247298956e-01,6.689505442045629025e-01,4.208794515579938889e-01,2.283595296554267462e-01,5.476270378567278663e-02,8.829242980573326349e-01
8.305751529522240606e-01,8.940261636860669103e-01,1.466649067308753773e+00,4.581491582095623127e-01,1.580601152265444509e-01,2.691973325330764277e-01,1.688795353518798836e-01,1.856596673140302189e-01,9.727921585552394834e-01,7.730762061662972418e-01
1.402316199452616319e+00,4.038657019205856846e-01,1.702854883472900926e+00,0.000000000000000000e+00,0.000000000000000000e+00,1.743169962719548494e-01,0.000000000000000000e+00,3.701278240710962342e-01,8.819120168802327964e-01,6.198889960651286085e-02
9.017302617430686396e-02,1.811022579204291105e-02,2.577795041725039569e-03,1.149232603237032802e+00,1.250111225852742702e+00,1.849283279012888581e+00,1.694659141451120288e+00,1.441408591670915396e+00,1.153064224496483714e+00,7.856775439344346745e-01
0.000000000000000000e+00,6.534098945558071414e-02,1.110540178231894881e+00,1.379283036151900843e+00,3.873854237608611445e-02,1.079610215313732580e+00,1.201961904205381959e+00,5.034796298947185056e-01,4.230471863411366940e-02,1.462422932963818312e+00
2.008452635043068035e+00,7.091912413889076006e-02,7.396335258788895306e-01,2.391798465032479726e-01,3.943527033115969832e-02,7.645177759201032819e-01,1.249280458371504254e+00,8.161130747612332925e-02,9.455939900421072020e-01,5.972276361135300110e-02
0.000000000000000000e+00,9.577314928232226743e-01,1.031854068613029085e+00,3.192754501651506871e-01,0.000000000000000000e+00,1.698856117494869922e-01,5.812142117385519224e-01,9.732693267229478584e-01,2.311797117174137495e-01,4.480522618396207829e-02
2.559257930144667736e-01,9.605642049573362429e-02,2.618382503744214884e-01,2.686714984476566426e-01,3.464853334240615146e-01,2.564688444137573353e-01,1.118155584670603275e+00,1.050475518219172955e+00,6.509250882081687450e-01,6.996351424604654867e-02
0.000000000000000000e+00,4.943002993240952492e-02,0.000000000000000000e+00,2.580720710335299151e-01,1.819806173210963551e-01,1.208782616979442448e+00,1.153497677459381476e+00,2.346566735533997528e-01,9.559841993963346107e-01,9.342504068510606441e-01
4.309455452486872784e-01,3.618455691263079421e-01,4.110843574628234021e-01,3.747931173071264999e-01,1.017031219322234392e+00,9.708157544489950386e-01,1.014371209312230349e+00,7.954175004269927740e-01,9.841888563241809607e-01,8.383254551794380172e-01
5.016844858182593903e-02,1.046968673029914587e+00,1.525245104823261588e+00,1.877280210377648417e-01,1.511291625094600133e-01,7.316810121992603499e-02,2.995305543299764308e-03,1.996863947110250503e+00,1.513862870912998870e+00,1.615939847659319528e-01
8.757375472807324979e-01,7.108144802623428404e-01,5.936730490648187697e-01,5.956171449390239570e-01,4.161994905909523479e-01,8.855142844491638021e-01,6.299337153439410475e-01,2.820929493056610338e-01,5.119948188425041957e-01,1.208159632747992929e-01
7.301731202751397809e-02,1.913272272795438766e-01,0.000000000000000000e+00,4.938846351578831534e-02,8.472381550818681994e-02,2.769382495433092006e-01,7.208348551765084711e-01,2.266078535467386246e-01,0.000000000000000000e+00,1.149719021283090170e-01
9.646775272209197061e-01,7.702336740680039151e-01,1.754269571532495409e+00,1.591434751963242800e+00,1.122959341527894228e+00,8.289486251305789102e-03,1.369873023359105026e-02,2.157559651962947189e+00,9.790381778031587157e-01,2.406685858150012791e-01
5.679949256824329273e-01,1.114971765503287360e+00,1.298683443292975470e+00,8.890083262929693309e-01,5.752538762637413594e-01,1.257845092401839837e+00,8.713423235574737635e-01,7.513907457934692058e-01,1.100206391722895249e+00,5.460837015532888916e-01
1.025891681388020560e+00,8.346993722254409942e-01,9.917549171485007253e-01,1.422181231481954411e+00,6.837446335703134537e-01,4.647247344022616966e-01,4.006190295331180096e-01,2.460435542510822360e-01,6.401479257969185932e-01,1.096276275068521544e+00
1.259887614287435922e-03,2.113376249326393008e-03,4.869362813769839704e-02,6.930038057296770138e-01,0.000000000000000000e+00,7.604981329321163219e-01,7.855100335989846361e-01,1.257278776567545719e+00,8.328963583888253641e-01,0.000000000000000000e+00
1.616212401073426008e+00,2.750499022658914328e-01,1.034486212418414652e+00,9.142067168373614328e-01,4.531426946632564068e-01,1.013902577292174145e+00,9.862376190721988678e-02,1.497548408806324005e+00,1.260146584594622254e+00,2.419845900032669417e-01
0.000000000000000000e+00,9.003087309189140575e-01,0.000000000000000000e+00,0.000000000000000000e+00,0.000000000000000000e+00,9.225515252910554409e-02,5.093709172680973563e-01,9.206131305545568744e-02,0.000000000000000000e+00,0.000000000000000000e+00
3.576085484586656316e-01,6.192874975502491441e-01,1.302803144045174166e+00,3.632674560882150905e-01,3.561212113127112250e-02,4.973604316124692337e-01,2.134426268748939107e-02,2.768253118731081597e-01,1.500603091390803501e+00,1.873019361868500654e-01
9.726633317768574195e-04,1.431902324096881784e+00,2.138100046687759548e+00,5.113460095599293986e-02,1.485236105509102345e-03,1.046156364493072005e-01,0.000000000000000000e+00,1.672343075275421198e-01,7.243578269786666857e-01,3.655464691109955484e-03
1.945829973556101322e-01,1.106493061361834451e+00,1.972882853774353906e+00,3.480919323395937903e-01,4.038909749593585508e-01,6.475154924672097412e-01,1.428186724893748816e-01,8.926471918355673996e-01,1.454909043340012476e+00,6.481020301114768234e-01
1.038945592939853613e-01,1.924318847805261523e+00,1.690162437595426947e+00,2.187607002910226528e-01,3.965644980315118917e-01,0.000000000000000000e+00,4.761686325073242326e-02,1.685072517581283957e+00,1.403729755198583007e+00,3.829259777907282336e-01
8.104251257842406408e-01,9.265214249258860724e-01,1.811445071618072777e+00,6.088937225518747942e-01,7.316303465282544272e-01,3.438833581982180254e-01,2.286776474444195684e-01,1.067469627386890441e+00,6.028681320836767332e-01,7.009251744253560679e-01
