1.638053894042968750e+00
6.737164855003356934e-01
6.056957840919494629e-01
5.880358219146728516e-01
5.706184506416320801e-01
5.590381026268005371e-01
5.556650161743164062e-01
5.536614060401916504e-01
5.498085021972656250e-01
5.441491007804870605e-01
5.373201370239257812e-01
5.306277871131896973e-01
5.245817303657531738e-01
5.213692784309387207e-01
5.186408162117004395e-01
5.171895623207092285e-01
5.166683197021484375e-01
5.165224671363830566e-01
5.164937376976013184e-01
5.167138576507568359e-01
5.167818665504455566e-01
5.166893005371093750e-01
5.163445472717285156e-01
5.159642100334167480e-01
5.156188011169433594e-01
5.154909491539001465e-01
5.152161717414855957e-01
5.149919390678405762e-01
5.149739980697631836e-01
5.149701237678527832e-01
5.149689316749572754e-01
5.149539113044738770e-01
5.149186253547668457e-01
5.147572159767150879e-01
5.147572159767150879e-01
5.146048665046691895e-01
