1.648656249046325684e+00
6.996428370475769043e-01
6.126961112022399902e-01
5.866575837135314941e-01
5.771691203117370605e-01
5.728666782379150391e-01
5.728883743286132812e-01
5.530169010162353516e-01
5.583764910697937012e-01
5.565656423568725586e-01
5.464668273925781250e-01
5.474825501441955566e-01
5.533463954925537109e-01
5.304690003395080566e-01
5.196475386619567871e-01
5.362463593482971191e-01
5.244662165641784668e-01
5.295692086219787598e-01
5.330505371093750000e-01
5.315916538238525391e-01
5.423216819763183594e-01
5.337271094322204590e-01
5.342491269111633301e-01
5.224485993385314941e-01
5.342077612876892090e-01
5.104348063468933105e-01
5.232035517692565918e-01
5.243743062019348145e-01
5.225949287414550781e-01
5.239651799201965332e-01
5.341258049011230469e-01
5.378152728080749512e-01
5.339349508285522461e-01
5.225141644477844238e-01
5.307359099388122559e-01
5.245001912117004395e-01
