9.635524749755859375e-01
6.719737052917480469e-01
5.909088253974914551e-01
5.806096196174621582e-01
5.719022154808044434e-01
5.590903759002685547e-01
5.461989045143127441e-01
5.347740650177001953e-01
5.283734202384948730e-01
5.263496041297912598e-01
5.246688723564147949e-01
5.240564942359924316e-01
5.241018533706665039e-01
5.226523280143737793e-01
5.212708711624145508e-01
5.203948616981506348e-01
5.207158923149108887e-01
5.208622217178344727e-01
5.210318565368652344e-01
5.204179286956787109e-01
5.198175311088562012e-01
5.191397070884704590e-01
5.183133482933044434e-01
5.180766582489013672e-01
5.181848406791687012e-01
5.191416144371032715e-01
5.202836990356445312e-01
5.210769772529602051e-01
5.206586718559265137e-01
5.202076435089111328e-01
5.206393599510192871e-01
5.216842293739318848e-01
5.211720466613769531e-01
5.200823545455932617e-01
5.200055837631225586e-01
5.200111269950866699e-01
