9.561639428138732910e-01
6.686248183250427246e-01
5.926077961921691895e-01
5.846198201179504395e-01
5.750129222869873047e-01
5.781959295272827148e-01
5.599632859230041504e-01
5.379716753959655762e-01
5.469045042991638184e-01
5.431413650512695312e-01
5.381194949150085449e-01
5.188536643981933594e-01
5.481378436088562012e-01
5.459251999855041504e-01
5.252355933189392090e-01
5.334913730621337891e-01
5.263418555259704590e-01
5.195782780647277832e-01
5.374127626419067383e-01
5.289549231529235840e-01
5.367054939270019531e-01
5.335742235183715820e-01
5.392823815345764160e-01
5.231346487998962402e-01
5.571342110633850098e-01
5.351955294609069824e-01
5.526785850524902344e-01
5.224344134330749512e-01
5.143504142761230469e-01
5.231823325157165527e-01
5.134651660919189453e-01
5.154881477355957031e-01
5.234342217445373535e-01
5.445483922958374023e-01
5.426083207130432129e-01
5.204479098320007324e-01
