8.764323592185974121e-01
6.448934078216552734e-01
6.042950153350830078e-01
5.867959856986999512e-01
5.712277293205261230e-01
5.642808675765991211e-01
5.627586245536804199e-01
5.620535612106323242e-01
5.615559816360473633e-01
5.612910389900207520e-01
5.611107945442199707e-01
5.602535009384155273e-01
5.593460798263549805e-01
5.586435198783874512e-01
5.575304031372070312e-01
5.566965937614440918e-01
5.556146502494812012e-01
5.549544095993041992e-01
5.545055270195007324e-01
5.480917096138000488e-01
5.457969307899475098e-01
5.438023805618286133e-01
5.423704981803894043e-01
5.399320721626281738e-01
5.384100079536437988e-01
5.379855632781982422e-01
5.379621386528015137e-01
5.377886891365051270e-01
5.369413495063781738e-01
5.360853075981140137e-01
5.351976752281188965e-01
5.349422097206115723e-01
5.345641374588012695e-01
5.341363549232482910e-01
5.333967804908752441e-01
5.327255129814147949e-01
