9.115223884582519531e-01
6.565573811531066895e-01
6.124814152717590332e-01
5.938508510589599609e-01
5.736057758331298828e-01
5.908768773078918457e-01
5.821008682250976562e-01
5.633096098899841309e-01
5.852500796318054199e-01
5.840191245079040527e-01
5.761481523513793945e-01
5.539054274559020996e-01
5.743426680564880371e-01
5.766016244888305664e-01
5.678997635841369629e-01
5.772426724433898926e-01
5.481986403465270996e-01
5.518922805786132812e-01
5.567747354507446289e-01
5.761639475822448730e-01
5.744705796241760254e-01
5.731527209281921387e-01
5.627126097679138184e-01
5.481376647949218750e-01
5.454916954040527344e-01
5.557727813720703125e-01
5.431784987449645996e-01
5.674366354942321777e-01
5.398020148277282715e-01
5.408667922019958496e-01
5.465131402015686035e-01
5.413596034049987793e-01
5.542340874671936035e-01
5.414995551109313965e-01
5.585328936576843262e-01
5.394703745841979980e-01
