1.000000000000000000e+00,9.527139067649841309e-01
5.610000000000000000e+02,9.082320332527160645e-02
1.123000000000000000e+03,6.758102774620056152e-02
1.685000000000000000e+03,5.017029121518135071e-02
2.247000000000000000e+03,7.586214691400527954e-02
2.809000000000000000e+03,9.258321672677993774e-02
3.371000000000000000e+03,5.778899788856506348e-02
3.933000000000000000e+03,8.100369572639465332e-02
4.495000000000000000e+03,6.406704336404800415e-02
5.057000000000000000e+03,1.932297716848552227e-03
5.619000000000000000e+03,7.210148870944976807e-02
6.181000000000000000e+03,6.111390888690948486e-02
6.743000000000000000e+03,8.566230535507202148e-02
7.305000000000000000e+03,7.199861854314804077e-02
7.867000000000000000e+03,3.265250101685523987e-02
8.429000000000000000e+03,3.102237544953823090e-02
8.991000000000000000e+03,7.183236628770828247e-02
9.553000000000000000e+03,9.667744487524032593e-02
1.011500000000000000e+04,7.478125393390655518e-03
1.067700000000000000e+04,8.531060814857482910e-02
1.123900000000000000e+04,6.472015380859375000e-02
1.180100000000000000e+04,2.964232861995697021e-02
1.236300000000000000e+04,1.492645312100648880e-02
1.292500000000000000e+04,7.064741849899291992e-02
1.348700000000000000e+04,6.463459134101867676e-02
1.404900000000000000e+04,9.707584977149963379e-02
1.461100000000000000e+04,1.378976181149482727e-02
1.517300000000000000e+04,5.182394757866859436e-02
1.573500000000000000e+04,4.536411166191101074e-02
1.629700000000000000e+04,3.848368301987648010e-02
1.685900000000000000e+04,3.327724710106849670e-02
1.742100000000000000e+04,3.614079579710960388e-02
1.798300000000000000e+04,4.016068950295448303e-02
1.854500000000000000e+04,2.883330546319484711e-02
1.910700000000000000e+04,3.155249729752540588e-02
1.966900000000000000e+04,4.899774491786956787e-02
