-6.268151647727879805e-01,-1.373422250523208099e+00,7.895687745368933363e-01,1.357091736094158119e-01,1.051917885065394298e-01,9.352656319801138096e-01,3.751549435583674708e+00,3.104387550372814886e+00,8.186438594814904324e-01
-3.491802369184529020e+00,-4.921212337444016427e+00,1.052355222994957540e+00,-4.273468501116211016e+00,-6.283268594858993694e+00,5.251953702746289254e-01,-1.200722174124992936e+00,-3.113884509400075551e+00,9.978245501520450755e-01
-8.692898822862265007e+00,-8.858896912964699055e+00,-1.772993230901577455e+00,-8.780511473127150524e+00,-9.323010755536309091e+00,-1.835343725810973270e+00,-5.487592230231102874e+00,-6.051242986492037623e+00,-7.499711906900168312e-01
9.241781471791178149e+00,8.388005465735570709e+00,3.076386272271129041e+00,9.217613134014310816e+00,9.019660462933376976e+00,2.894014161007692820e+00,7.747277991826519994e+00,7.386062780018104235e+00,1.864768538143555920e+00
1.880862807453717700e+00,1.636722774455643847e+00,8.791495562154977295e-01,2.468326391377877904e+00,2.591679377028203390e+00,1.064763274201022902e+00,4.034909038598425646e+00,3.784386190432338815e+00,5.427278221166933481e-01
2.636680009790917545e+00,2.737603788441600017e+00,3.485185744058919788e+00,1.564230837289500187e+00,1.525738857239999247e+00,2.668932002438904938e+00,1.896909729032775882e+00,1.755108964002482397e+00,1.191790641533345241e+00
-5.062302635330671485e+00,-5.864982384790689451e+00,-4.909036481949560660e+00,-4.422574174390556223e+00,-4.923702160741786571e+00,-4.465611649619845913e+00,-2.109005570350988457e+00,-2.255224391147271579e+00,-8.737913711972575825e-01
3.487355540736825077e+00,4.062540994486213641e+00,3.680405816650345940e+00,3.547638395616394380e+00,4.028151343058278044e+00,4.120253269812866215e+00,7.957027471775630634e-01,1.262930527106309153e+00,-4.533621120928890691e-02
4.228403723592471408e+00,3.624883226221206733e+00,4.343255207075962687e+00,3.195284124250781232e+00,2.697066607894032852e+00,4.135898691252759107e+00,2.017359132787904130e+00,2.055515436004252905e+00,8.899687312382571491e-01
6.142700890318429918e-01,-1.378166213727933798e+00,-3.686458878118174187e+00,4.503156206681784290e-01,-1.129818851344173147e+00,-3.650662733137498783e+00,3.864406645043300115e-02,-6.109168267386588802e-01,-1.220834944434508046e-01
