1.000000000000000000e+00,3.328660488128662109e+00
5.610000000000000000e+02,8.035882115364074707e-01
1.123000000000000000e+03,6.838681697845458984e-01
1.685000000000000000e+03,6.231294870376586914e-01
2.247000000000000000e+03,5.857109427452087402e-01
2.809000000000000000e+03,5.538904666900634766e-01
3.371000000000000000e+03,4.675004482269287109e-01
3.933000000000000000e+03,4.708831608295440674e-01
4.495000000000000000e+03,4.231197237968444824e-01
5.057000000000000000e+03,3.435346186161041260e-01
5.619000000000000000e+03,3.102452158927917480e-01
6.181000000000000000e+03,2.804441154003143311e-01
6.743000000000000000e+03,2.849743366241455078e-01
7.305000000000000000e+03,2.512131631374359131e-01
7.867000000000000000e+03,2.553547322750091553e-01
8.429000000000000000e+03,2.344561219215393066e-01
8.991000000000000000e+03,2.748549580574035645e-01
9.553000000000000000e+03,2.386373877525329590e-01
1.011500000000000000e+04,2.120835334062576294e-01
1.067700000000000000e+04,1.664942204952239990e-01
1.123900000000000000e+04,1.367920339107513428e-01
1.180100000000000000e+04,2.126248627901077271e-01
1.236300000000000000e+04,1.884507834911346436e-01
1.292500000000000000e+04,1.560781896114349365e-01
1.348700000000000000e+04,1.653698533773422241e-01
1.404900000000000000e+04,1.167941167950630188e-01
1.461100000000000000e+04,1.732411831617355347e-01
