1.334009265899658203e+01
9.437296390533447266e-01
9.081931710243225098e-01
8.858900666236877441e-01
8.585587143898010254e-01
8.194256424903869629e-01
7.554898858070373535e-01
6.886373162269592285e-01
5.890495181083679199e-01
5.488490462303161621e-01
4.958178102970123291e-01
4.458030164241790771e-01
3.928096294403076172e-01
3.488734066486358643e-01
3.209773004055023193e-01
3.008910715579986572e-01
2.775788903236389160e-01
2.436272948980331421e-01
2.225454598665237427e-01
2.067664116621017456e-01
1.910412758588790894e-01
1.786785125732421875e-01
1.662369370460510254e-01
1.585094183683395386e-01
1.494703441858291626e-01
1.453887969255447388e-01
1.452569663524627686e-01
1.388078778982162476e-01
1.341090947389602661e-01
1.312360614538192749e-01
1.275593489408493042e-01
1.217691004276275635e-01
1.167403757572174072e-01
1.176641881465911865e-01
1.167067289352416992e-01
1.173583939671516418e-01
