1.335281467437744141e+01
9.372184872627258301e-01
9.020972251892089844e-01
8.816059231758117676e-01
8.404780030250549316e-01
8.256226181983947754e-01
7.702383995056152344e-01
7.130293846130371094e-01
6.041719317436218262e-01
5.560011863708496094e-01
4.969768226146697998e-01
4.108767807483673096e-01
3.773672878742218018e-01
3.570332825183868408e-01
2.896867692470550537e-01
3.228351175785064697e-01
3.144529163837432861e-01
3.058970868587493896e-01
2.795220017433166504e-01
3.098163306713104248e-01
2.640929818153381348e-01
2.491871267557144165e-01
2.297175526618957520e-01
2.004781961441040039e-01
2.012308686971664429e-01
2.478377670049667358e-01
1.977906227111816406e-01
2.178708165884017944e-01
1.552552729845046997e-01
1.596285551786422729e-01
1.512364596128463745e-01
1.528198122978210449e-01
1.209055557847023010e-01
1.446382850408554077e-01
1.572155356407165527e-01
1.405429393053054810e-01
