1.261567950248718262e+00
6.703113913536071777e-01
6.505247354507446289e-01
6.420629620552062988e-01
6.065615415573120117e-01
5.649560093879699707e-01
5.500026941299438477e-01
5.393194556236267090e-01
5.310972332954406738e-01
5.250242948532104492e-01
5.216801166534423828e-01
5.196046233177185059e-01
5.174939036369323730e-01
5.154367685317993164e-01
5.130066275596618652e-01
5.122698545455932617e-01
5.111843347549438477e-01
5.098533034324645996e-01
5.100353360176086426e-01
5.113469958305358887e-01
5.135802626609802246e-01
5.122321248054504395e-01
5.097601413726806641e-01
5.076794624328613281e-01
5.059623122215270996e-01
5.055307745933532715e-01
5.049751996994018555e-01
5.041775107383728027e-01
5.041082501411437988e-01
5.040512681007385254e-01
5.044919848442077637e-01
5.044716596603393555e-01
5.040929317474365234e-01
5.041806101799011230e-01
5.040270686149597168e-01
5.041428208351135254e-01
