1.210037350654602051e+00
6.738745570182800293e-01
6.407787203788757324e-01
5.953586697578430176e-01
5.696863532066345215e-01
5.747502446174621582e-01
5.391051769256591797e-01
5.377080440521240234e-01
5.680772662162780762e-01
5.359697937965393066e-01
5.460678935050964355e-01
4.993503391742706299e-01
5.273823738098144531e-01
5.091095566749572754e-01
5.254885554313659668e-01
5.516365170478820801e-01
5.281426310539245605e-01
5.360079407691955566e-01
5.272905230522155762e-01
5.509939193725585938e-01
5.238541960716247559e-01
5.018225312232971191e-01
5.082612633705139160e-01
4.997579753398895264e-01
5.072631239891052246e-01
5.004580616950988770e-01
5.132252573966979980e-01
4.976533651351928711e-01
5.033237338066101074e-01
4.960940182209014893e-01
4.916318655014038086e-01
5.101774334907531738e-01
5.111515522003173828e-01
4.996549785137176514e-01
5.047904849052429199e-01
4.946606159210205078e-01
