1.000000000000000000e+00,1.344731450080871582e+00
5.610000000000000000e+02,7.245889306068420410e-01
1.123000000000000000e+03,6.424404382705688477e-01
1.685000000000000000e+03,5.375498533248901367e-01
2.247000000000000000e+03,4.615377187728881836e-01
2.809000000000000000e+03,4.084666073322296143e-01
3.371000000000000000e+03,3.907100558280944824e-01
3.933000000000000000e+03,3.120057582855224609e-01
4.495000000000000000e+03,3.422372639179229736e-01
5.057000000000000000e+03,2.687443196773529053e-01
5.619000000000000000e+03,2.471689581871032715e-01
6.181000000000000000e+03,2.469946146011352539e-01
6.743000000000000000e+03,2.627028822898864746e-01
7.305000000000000000e+03,2.053838670253753662e-01
7.867000000000000000e+03,1.919046193361282349e-01
8.429000000000000000e+03,2.152910381555557251e-01
8.991000000000000000e+03,2.185608744621276855e-01
9.553000000000000000e+03,1.788586527109146118e-01
1.011500000000000000e+04,1.819655448198318481e-01
1.067700000000000000e+04,1.690398007631301880e-01
1.123900000000000000e+04,1.844614148139953613e-01
1.180100000000000000e+04,2.032349407672882080e-01
1.236300000000000000e+04,1.510037481784820557e-01
1.292500000000000000e+04,1.274052709341049194e-01
1.348700000000000000e+04,1.232267767190933228e-01
1.404900000000000000e+04,1.379006057977676392e-01
1.461100000000000000e+04,1.589907109737396240e-01
