9.192595481872558594e+00
8.877549171447753906e-01
8.497345447540283203e-01
8.171535134315490723e-01
7.790126800537109375e-01
7.046775221824645996e-01
6.304052472114562988e-01
5.795755386352539062e-01
5.402954220771789551e-01
5.092590451240539551e-01
4.867755174636840820e-01
4.708078205585479736e-01
4.588519036769866943e-01
4.491535127162933350e-01
4.405064880847930908e-01
4.320957660675048828e-01
4.235818088054656982e-01
4.149284064769744873e-01
4.062006175518035889e-01
3.983221352100372314e-01
3.910460770130157471e-01
3.842912018299102783e-01
3.778804540634155273e-01
3.716898262500762939e-01
3.657770454883575439e-01
3.601405918598175049e-01
3.549363613128662109e-01
3.504332005977630615e-01
3.465017080307006836e-01
3.430973589420318604e-01
3.401806056499481201e-01
3.376890122890472412e-01
3.355850279331207275e-01
3.338495790958404541e-01
3.324746191501617432e-01
3.313721716403961182e-01
