9.760002136230468750e+00
8.993119597434997559e-01
8.627824783325195312e-01
8.247786164283752441e-01
7.871740460395812988e-01
6.970180869102478027e-01
6.439887285232543945e-01
5.351733565330505371e-01
5.209246277809143066e-01
5.256997942924499512e-01
4.731553792953491211e-01
4.474277198314666748e-01
4.668364226818084717e-01
3.854832351207733154e-01
4.274567365646362305e-01
4.140983521938323975e-01
4.020693302154541016e-01
3.812728226184844971e-01
4.005576670169830322e-01
3.957420885562896729e-01
3.581664264202117920e-01
3.771737515926361084e-01
3.425812721252441406e-01
3.757072687149047852e-01
3.299030363559722900e-01
3.878839015960693359e-01
3.493651449680328369e-01
3.674893379211425781e-01
3.348878622055053711e-01
3.197679817676544189e-01
3.260158598423004150e-01
3.252596855163574219e-01
3.052355647087097168e-01
3.310234248638153076e-01
3.195270597934722900e-01
2.788699567317962646e-01
