1.000000000000000000e+00,8.039061427116394043e-01
5.610000000000000000e+02,8.080144226551055908e-02
1.123000000000000000e+03,4.211840406060218811e-02
1.685000000000000000e+03,3.609973564743995667e-02
2.247000000000000000e+03,5.074536427855491638e-02
2.809000000000000000e+03,6.439663469791412354e-02
3.371000000000000000e+03,5.802350118756294250e-02
3.933000000000000000e+03,6.875101476907730103e-02
4.495000000000000000e+03,1.744061894714832306e-02
5.057000000000000000e+03,4.418942146003246307e-03
5.619000000000000000e+03,6.283387541770935059e-02
6.181000000000000000e+03,2.992966212332248688e-02
6.743000000000000000e+03,6.469813734292984009e-02
7.305000000000000000e+03,2.481751330196857452e-02
7.867000000000000000e+03,1.597988978028297424e-02
8.429000000000000000e+03,1.407852489501237869e-02
8.991000000000000000e+03,2.253356575965881348e-02
9.553000000000000000e+03,6.423978507518768311e-02
1.011500000000000000e+04,1.223342726007103920e-03
1.067700000000000000e+04,3.765049204230308533e-02
1.123900000000000000e+04,3.364444151520729065e-02
1.180100000000000000e+04,1.030791644006967545e-02
1.236300000000000000e+04,3.305016783997416496e-03
1.292500000000000000e+04,2.426718175411224365e-02
1.348700000000000000e+04,6.824728101491928101e-03
1.404900000000000000e+04,4.452675580978393555e-02
1.461100000000000000e+04,1.109724119305610657e-02
1.517300000000000000e+04,2.422690391540527344e-02
1.573500000000000000e+04,2.404453605413436890e-02
1.629700000000000000e+04,2.284478954970836639e-02
1.685900000000000000e+04,9.053179062902927399e-03
1.742100000000000000e+04,2.726022154092788696e-02
1.798300000000000000e+04,2.812986075878143311e-02
1.854500000000000000e+04,1.059157866984605789e-02
1.910700000000000000e+04,2.151801250874996185e-02
1.966900000000000000e+04,9.629470296204090118e-03
