1.000000000000000000e+00,8.971465229988098145e-01
5.610000000000000000e+02,2.077637314796447754e-01
1.123000000000000000e+03,1.767251938581466675e-01
1.685000000000000000e+03,1.723214387893676758e-01
2.247000000000000000e+03,1.301341950893402100e-01
2.809000000000000000e+03,1.210229769349098206e-01
3.371000000000000000e+03,9.484360367059707642e-02
3.933000000000000000e+03,9.942474961280822754e-02
4.495000000000000000e+03,4.676989093422889709e-02
5.057000000000000000e+03,1.616767235100269318e-02
5.619000000000000000e+03,6.344681233167648315e-02
6.181000000000000000e+03,3.281963616609573364e-02
6.743000000000000000e+03,3.718101605772972107e-02
7.305000000000000000e+03,5.050283297896385193e-02
7.867000000000000000e+03,1.720353215932846069e-02
8.429000000000000000e+03,2.057282626628875732e-02
8.991000000000000000e+03,4.157834872603416443e-02
9.553000000000000000e+03,7.857424020767211914e-02
1.011500000000000000e+04,9.918364696204662323e-03
1.067700000000000000e+04,3.602022305130958557e-02
1.123900000000000000e+04,5.598173663020133972e-02
1.180100000000000000e+04,2.623654156923294067e-02
1.236300000000000000e+04,1.612036372534930706e-03
1.292500000000000000e+04,4.193583130836486816e-02
1.348700000000000000e+04,4.346172884106636047e-02
1.404900000000000000e+04,5.505250394344329834e-02
1.461100000000000000e+04,1.062005758285522461e-02
1.517300000000000000e+04,3.034941665828227997e-02
1.573500000000000000e+04,4.088080301880836487e-02
1.629700000000000000e+04,2.957214973866939545e-02
1.685900000000000000e+04,3.216852620244026184e-02
1.742100000000000000e+04,1.391435042023658752e-02
1.798300000000000000e+04,3.062653541564941406e-02
1.854500000000000000e+04,3.077803552150726318e-02
1.910700000000000000e+04,1.274704188108444214e-02
1.966900000000000000e+04,8.660259656608104706e-03
