9.578828811645507812e-01
6.249015331268310547e-01
5.695400834083557129e-01
5.467041730880737305e-01
5.447814464569091797e-01
5.481529831886291504e-01
5.487921833992004395e-01
5.462716221809387207e-01
5.436965823173522949e-01
5.418471693992614746e-01
5.394459366798400879e-01
5.382200479507446289e-01
5.371080636978149414e-01
5.358846783638000488e-01
5.352959036827087402e-01
5.345258712768554688e-01
5.342829227447509766e-01
5.339572429656982422e-01
5.334145426750183105e-01
5.325033068656921387e-01
5.291698575019836426e-01
5.288202166557312012e-01
5.295476913452148438e-01
5.296921730041503906e-01
5.299361348152160645e-01
5.291770100593566895e-01
5.288078188896179199e-01
5.285142064094543457e-01
5.281415581703186035e-01
5.280417799949645996e-01
5.272291898727416992e-01
5.264549851417541504e-01
5.256992578506469727e-01
5.247682929039001465e-01
5.252335667610168457e-01
5.245223641395568848e-01
