9.532499313354492188e-01
6.306330561637878418e-01
6.044502854347229004e-01
5.723732113838195801e-01
5.543107986450195312e-01
5.650240778923034668e-01
5.617089867591857910e-01
5.334263443946838379e-01
5.449243783950805664e-01
5.370553135871887207e-01
5.394327044486999512e-01
5.351843237876892090e-01
5.471372008323669434e-01
5.578244328498840332e-01
5.222572684288024902e-01
5.308380722999572754e-01
5.283030867576599121e-01
5.362842679023742676e-01
5.436758995056152344e-01
5.472336411476135254e-01
5.451803207397460938e-01
5.285621881484985352e-01
5.419187545776367188e-01
5.235938429832458496e-01
5.552294850349426270e-01
5.391954183578491211e-01
5.434560775756835938e-01
5.468354821205139160e-01
5.182761549949645996e-01
5.340578556060791016e-01
5.188916325569152832e-01
5.335084795951843262e-01
5.382248759269714355e-01
5.440701246261596680e-01
5.381485819816589355e-01
5.308244228363037109e-01
