1.071672081947326660e+00
6.643669605255126953e-01
6.244202852249145508e-01
6.080554127693176270e-01
6.018912792205810547e-01
6.010499596595764160e-01
5.997208952903747559e-01
5.967724323272705078e-01
5.925000309944152832e-01
5.874593853950500488e-01
5.810883641242980957e-01
5.747169852256774902e-01
5.590417385101318359e-01
5.526432394981384277e-01
5.479497313499450684e-01
5.443747043609619141e-01
5.421611666679382324e-01
5.401508212089538574e-01
5.379839539527893066e-01
5.354533791542053223e-01
5.334085822105407715e-01
5.316090583801269531e-01
5.300849080085754395e-01
5.284546613693237305e-01
5.269043445587158203e-01
5.250356197357177734e-01
5.237912535667419434e-01
5.222962498664855957e-01
5.207874178886413574e-01
5.192417502403259277e-01
5.178435444831848145e-01
5.163682103157043457e-01
5.150300264358520508e-01
5.136812925338745117e-01
5.125593543052673340e-01
5.118212699890136719e-01
