1.071074962615966797e+00
6.791118979454040527e-01
6.226611137390136719e-01
6.015285849571228027e-01
6.103784441947937012e-01
5.971102118492126465e-01
6.156241893768310547e-01
5.713856816291809082e-01
5.685327053070068359e-01
5.758260488510131836e-01
6.082931160926818848e-01
5.796304345130920410e-01
5.752611756324768066e-01
5.416629910469055176e-01
5.422518849372863770e-01
5.595175027847290039e-01
5.752508640289306641e-01
5.443163514137268066e-01
5.446126461029052734e-01
5.797889828681945801e-01
5.527507662773132324e-01
5.331407189369201660e-01
5.507792830467224121e-01
5.327762961387634277e-01
5.388146042823791504e-01
5.283097624778747559e-01
5.353313684463500977e-01
5.324203372001647949e-01
5.235814452171325684e-01
5.100567936897277832e-01
5.368146300315856934e-01
5.415133833885192871e-01
5.388017296791076660e-01
5.391919612884521484e-01
5.304099321365356445e-01
5.296143293380737305e-01
