1.000000000000000000e+00,1.221410512924194336e+00
5.610000000000000000e+02,6.949369311332702637e-01
1.123000000000000000e+03,5.589491128921508789e-01
1.685000000000000000e+03,3.319463729858398438e-01
2.247000000000000000e+03,4.175853431224822998e-01
2.809000000000000000e+03,3.454037010669708252e-01
3.371000000000000000e+03,3.527225255966186523e-01
3.933000000000000000e+03,3.216066658496856689e-01
4.495000000000000000e+03,3.027466237545013428e-01
5.057000000000000000e+03,3.196093440055847168e-01
5.619000000000000000e+03,3.453995287418365479e-01
6.181000000000000000e+03,3.017295598983764648e-01
6.743000000000000000e+03,2.988524436950683594e-01
7.305000000000000000e+03,2.847368717193603516e-01
7.867000000000000000e+03,2.449599653482437134e-01
8.429000000000000000e+03,2.841231822967529297e-01
8.991000000000000000e+03,2.549113929271697998e-01
9.553000000000000000e+03,2.244022041559219360e-01
1.011500000000000000e+04,2.553435862064361572e-01
1.067700000000000000e+04,2.030569016933441162e-01
1.123900000000000000e+04,1.799592375755310059e-01
1.180100000000000000e+04,2.586567103862762451e-01
1.236300000000000000e+04,2.129437923431396484e-01
1.292500000000000000e+04,1.737150102853775024e-01
1.348700000000000000e+04,2.111102342605590820e-01
1.404900000000000000e+04,1.845278292894363403e-01
1.461100000000000000e+04,1.843285113573074341e-01
