1.000000000000000000e+00,2.727059364318847656e+00
5.610000000000000000e+02,7.624843120574951172e-01
1.123000000000000000e+03,6.669659614562988281e-01
1.685000000000000000e+03,5.836576223373413086e-01
2.247000000000000000e+03,5.406494140625000000e-01
2.809000000000000000e+03,4.672320783138275146e-01
3.371000000000000000e+03,4.479221403598785400e-01
3.933000000000000000e+03,4.218215346336364746e-01
4.495000000000000000e+03,3.590051531791687012e-01
5.057000000000000000e+03,3.036771118640899658e-01
5.619000000000000000e+03,3.259074389934539795e-01
6.181000000000000000e+03,2.830237746238708496e-01
6.743000000000000000e+03,2.833236157894134521e-01
7.305000000000000000e+03,2.179541587829589844e-01
7.867000000000000000e+03,2.461265325546264648e-01
8.429000000000000000e+03,2.244887948036193848e-01
8.991000000000000000e+03,2.467253357172012329e-01
9.553000000000000000e+03,2.309362739324569702e-01
1.011500000000000000e+04,2.338879704475402832e-01
1.067700000000000000e+04,1.785179674625396729e-01
1.123900000000000000e+04,1.810623556375503540e-01
1.180100000000000000e+04,1.931252628564834595e-01
1.236300000000000000e+04,1.884904652833938599e-01
1.292500000000000000e+04,1.863525956869125366e-01
1.348700000000000000e+04,1.547689139842987061e-01
1.404900000000000000e+04,1.145323514938354492e-01
1.461100000000000000e+04,1.617512255907058716e-01
