1.000000000000000000e+00,1.072322010993957520e+00
5.610000000000000000e+02,2.277520895004272461e-01
1.123000000000000000e+03,8.198877424001693726e-02
1.685000000000000000e+03,5.356537923216819763e-02
2.247000000000000000e+03,5.784958973526954651e-02
2.809000000000000000e+03,6.827709078788757324e-02
3.371000000000000000e+03,5.908820405602455139e-02
3.933000000000000000e+03,8.025357127189636230e-02
4.495000000000000000e+03,5.802425369620323181e-02
5.057000000000000000e+03,9.093699045479297638e-03
5.619000000000000000e+03,8.159620314836502075e-02
6.181000000000000000e+03,4.454852268099784851e-02
6.743000000000000000e+03,9.009936451911926270e-02
7.305000000000000000e+03,8.228092640638351440e-02
7.867000000000000000e+03,3.471504896879196167e-02
8.429000000000000000e+03,3.826901316642761230e-02
8.991000000000000000e+03,4.839490726590156555e-02
9.553000000000000000e+03,1.007936075329780579e-01
1.011500000000000000e+04,1.162042724899947643e-03
1.067700000000000000e+04,8.031030744314193726e-02
1.123900000000000000e+04,7.484838366508483887e-02
1.180100000000000000e+04,2.532407082617282867e-02
1.236300000000000000e+04,1.213012356311082840e-02
1.292500000000000000e+04,6.699866801500320435e-02
1.348700000000000000e+04,7.427312433719635010e-02
1.404900000000000000e+04,8.198408037424087524e-02
1.461100000000000000e+04,2.362463623285293579e-02
1.517300000000000000e+04,6.053127720952033997e-02
1.573500000000000000e+04,6.790442764759063721e-02
1.629700000000000000e+04,2.816895209252834320e-02
1.685900000000000000e+04,2.174009941518306732e-02
1.742100000000000000e+04,4.276905953884124756e-02
1.798300000000000000e+04,3.886799141764640808e-02
1.854500000000000000e+04,3.614544495940208435e-02
1.910700000000000000e+04,2.601523697376251221e-02
1.966900000000000000e+04,3.915357589721679688e-02
