1.000000000000000000e+00,5.354412078857421875e+00
5.610000000000000000e+02,7.943075895309448242e-01
1.123000000000000000e+03,7.446442842483520508e-01
1.685000000000000000e+03,7.059568166732788086e-01
2.247000000000000000e+03,6.923179626464843750e-01
2.809000000000000000e+03,6.026523709297180176e-01
3.371000000000000000e+03,4.970064759254455566e-01
3.933000000000000000e+03,4.554354250431060791e-01
4.495000000000000000e+03,3.986098468303680420e-01
5.057000000000000000e+03,3.355206847190856934e-01
5.619000000000000000e+03,3.437986075878143311e-01
6.181000000000000000e+03,3.145135045051574707e-01
6.743000000000000000e+03,3.285413980484008789e-01
7.305000000000000000e+03,2.493480145931243896e-01
7.867000000000000000e+03,2.863093018531799316e-01
8.429000000000000000e+03,2.328733801841735840e-01
8.991000000000000000e+03,2.770252227783203125e-01
9.553000000000000000e+03,2.524462938308715820e-01
1.011500000000000000e+04,1.964784264564514160e-01
1.067700000000000000e+04,1.482115238904953003e-01
1.123900000000000000e+04,2.000378072261810303e-01
1.180100000000000000e+04,2.143191397190093994e-01
1.236300000000000000e+04,1.889305561780929565e-01
1.292500000000000000e+04,2.029309570789337158e-01
1.348700000000000000e+04,1.847843229770660400e-01
1.404900000000000000e+04,2.059900015592575073e-01
1.461100000000000000e+04,1.951083540916442871e-01
