1.000000000000000000e+00,1.882115364074707031e+00
5.610000000000000000e+02,7.178890705108642578e-01
1.123000000000000000e+03,6.210788488388061523e-01
1.685000000000000000e+03,5.324036478996276855e-01
2.247000000000000000e+03,4.823381900787353516e-01
2.809000000000000000e+03,4.380328655242919922e-01
3.371000000000000000e+03,3.649558424949645996e-01
3.933000000000000000e+03,4.025487899780273438e-01
4.495000000000000000e+03,3.879245221614837646e-01
5.057000000000000000e+03,3.236687779426574707e-01
5.619000000000000000e+03,3.407993614673614502e-01
6.181000000000000000e+03,2.896475195884704590e-01
6.743000000000000000e+03,3.397185802459716797e-01
7.305000000000000000e+03,3.213787376880645752e-01
7.867000000000000000e+03,2.719476819038391113e-01
8.429000000000000000e+03,2.935948967933654785e-01
8.991000000000000000e+03,2.872641980648040771e-01
9.553000000000000000e+03,2.577869296073913574e-01
1.011500000000000000e+04,2.511646747589111328e-01
1.067700000000000000e+04,2.422835230827331543e-01
1.123900000000000000e+04,2.139323949813842773e-01
1.180100000000000000e+04,3.000939786434173584e-01
1.236300000000000000e+04,2.406114339828491211e-01
1.292500000000000000e+04,2.354953736066818237e-01
1.348700000000000000e+04,1.813822984695434570e-01
1.404900000000000000e+04,1.650607585906982422e-01
1.461100000000000000e+04,1.898769587278366089e-01
