1.000000000000000000e+00,2.223641395568847656e+00
5.610000000000000000e+02,7.371934056282043457e-01
1.123000000000000000e+03,6.699184179306030273e-01
1.685000000000000000e+03,5.243064165115356445e-01
2.247000000000000000e+03,4.617426395416259766e-01
2.809000000000000000e+03,4.068723917007446289e-01
3.371000000000000000e+03,3.543058037757873535e-01
3.933000000000000000e+03,3.965676426887512207e-01
4.495000000000000000e+03,2.957373857498168945e-01
5.057000000000000000e+03,2.941365540027618408e-01
5.619000000000000000e+03,3.407911658287048340e-01
6.181000000000000000e+03,2.993218004703521729e-01
6.743000000000000000e+03,2.335467338562011719e-01
7.305000000000000000e+03,2.275466769933700562e-01
7.867000000000000000e+03,2.353423237800598145e-01
8.429000000000000000e+03,2.486099153757095337e-01
8.991000000000000000e+03,2.546609044075012207e-01
9.553000000000000000e+03,2.277632504701614380e-01
1.011500000000000000e+04,2.349765449762344360e-01
1.067700000000000000e+04,1.867644488811492920e-01
1.123900000000000000e+04,2.181654870510101318e-01
1.180100000000000000e+04,2.456201612949371338e-01
1.236300000000000000e+04,1.712976992130279541e-01
1.292500000000000000e+04,1.472152322530746460e-01
1.348700000000000000e+04,1.385765075683593750e-01
1.404900000000000000e+04,1.324179470539093018e-01
1.461100000000000000e+04,1.380137652158737183e-01
