1.000000000000000000e+00,4.009536743164062500e+00
1.124000000000000000e+03,6.778066754341125488e-01
2.249000000000000000e+03,4.645440876483917236e-01
3.374000000000000000e+03,3.764943182468414307e-01
4.499000000000000000e+03,2.494550198316574097e-01
5.624000000000000000e+03,3.091629743576049805e-01
6.749000000000000000e+03,2.507671713829040527e-01
7.874000000000000000e+03,2.151473611593246460e-01
8.999000000000000000e+03,2.417484223842620850e-01
1.012400000000000000e+04,2.079579383134841919e-01
1.124900000000000000e+04,2.938643693923950195e-01
1.237400000000000000e+04,2.574452161788940430e-01
1.349900000000000000e+04,2.434410601854324341e-01
1.462400000000000000e+04,2.196638286113739014e-01
1.574900000000000000e+04,2.683564424514770508e-01
1.687400000000000000e+04,1.763138025999069214e-01
1.799900000000000000e+04,2.307096719741821289e-01
1.912400000000000000e+04,1.717302203178405762e-01
