1.000000000000000000e+00,1.175565361976623535e+00
5.610000000000000000e+02,1.137086153030395508e-01
1.123000000000000000e+03,6.065617874264717102e-02
1.685000000000000000e+03,3.725672885775566101e-02
2.247000000000000000e+03,5.142368376255035400e-02
2.809000000000000000e+03,4.521197453141212463e-02
3.371000000000000000e+03,4.027130827307701111e-02
3.933000000000000000e+03,6.669390946626663208e-02
4.495000000000000000e+03,2.772879414260387421e-02
5.057000000000000000e+03,3.134512342512607574e-03
5.619000000000000000e+03,5.350685492157936096e-02
6.181000000000000000e+03,2.715249918401241302e-02
6.743000000000000000e+03,4.643446207046508789e-02
7.305000000000000000e+03,2.589173614978790283e-02
7.867000000000000000e+03,9.484884329140186310e-03
8.429000000000000000e+03,1.117836032062768936e-02
8.991000000000000000e+03,1.477735955268144608e-02
9.553000000000000000e+03,5.622715130448341370e-02
1.011500000000000000e+04,3.343463642522692680e-03
1.067700000000000000e+04,3.278018906712532043e-02
1.123900000000000000e+04,2.015741728246212006e-02
1.180100000000000000e+04,4.024758527521044016e-04
1.236300000000000000e+04,5.280755460262298584e-03
1.292500000000000000e+04,3.085095621645450592e-02
1.348700000000000000e+04,1.189804915338754654e-02
1.404900000000000000e+04,2.314146608114242554e-02
1.461100000000000000e+04,4.218442831188440323e-03
1.517300000000000000e+04,2.035689167678356171e-02
1.573500000000000000e+04,2.928736386820673943e-03
1.629700000000000000e+04,1.597607135772705078e-02
1.685900000000000000e+04,4.302423913031816483e-03
1.742100000000000000e+04,1.303989533334970474e-02
1.798300000000000000e+04,3.879080759361386299e-03
1.854500000000000000e+04,1.054099295288324356e-02
1.910700000000000000e+04,1.557822152972221375e-02
1.966900000000000000e+04,2.283049980178475380e-04
