1.000000000000000000e+00,9.817883372306823730e-01
5.610000000000000000e+02,1.153659000992774963e-01
1.123000000000000000e+03,6.411498039960861206e-02
1.685000000000000000e+03,4.710475727915763855e-02
2.247000000000000000e+03,3.822628036141395569e-02
2.809000000000000000e+03,5.774333700537681580e-02
3.371000000000000000e+03,3.744015470147132874e-02
3.933000000000000000e+03,4.966478422284126282e-02
4.495000000000000000e+03,3.135904297232627869e-02
5.057000000000000000e+03,1.438678056001663208e-02
5.619000000000000000e+03,3.530431166291236877e-02
6.181000000000000000e+03,1.525643840432167053e-02
6.743000000000000000e+03,4.277307167649269104e-02
7.305000000000000000e+03,1.919845491647720337e-02
7.867000000000000000e+03,2.386275678873062134e-02
8.429000000000000000e+03,2.241972088813781738e-02
8.991000000000000000e+03,4.519053176045417786e-02
9.553000000000000000e+03,5.635289847850799561e-02
1.011500000000000000e+04,5.584000144153833389e-03
1.067700000000000000e+04,3.364256396889686584e-02
1.123900000000000000e+04,1.698180660605430603e-02
1.180100000000000000e+04,4.823276307433843613e-03
1.236300000000000000e+04,8.344459347426891327e-03
1.292500000000000000e+04,3.760975599288940430e-02
1.348700000000000000e+04,5.232535675168037415e-02
1.404900000000000000e+04,5.681316554546356201e-02
1.461100000000000000e+04,2.082435227930545807e-02
1.517300000000000000e+04,2.900056540966033936e-02
1.573500000000000000e+04,3.921672701835632324e-02
1.629700000000000000e+04,3.196810558438301086e-02
1.685900000000000000e+04,3.259604563936591148e-03
1.742100000000000000e+04,2.365109138190746307e-02
1.798300000000000000e+04,2.571656554937362671e-02
1.854500000000000000e+04,8.791196160018444061e-04
1.910700000000000000e+04,1.159624103456735611e-02
1.966900000000000000e+04,2.207522653043270111e-02
