1.000000000000000000e+00,1.397694230079650879e+00
5.610000000000000000e+02,6.914762258529663086e-01
1.123000000000000000e+03,5.449886918067932129e-01
1.685000000000000000e+03,4.152174293994903564e-01
2.247000000000000000e+03,3.733073472976684570e-01
2.809000000000000000e+03,3.171395957469940186e-01
3.371000000000000000e+03,3.272613286972045898e-01
3.933000000000000000e+03,2.924557328224182129e-01
4.495000000000000000e+03,2.929703891277313232e-01
5.057000000000000000e+03,2.981752753257751465e-01
5.619000000000000000e+03,2.843679785728454590e-01
6.181000000000000000e+03,2.977981567382812500e-01
6.743000000000000000e+03,2.208482176065444946e-01
7.305000000000000000e+03,2.084764540195465088e-01
7.867000000000000000e+03,2.527582943439483643e-01
8.429000000000000000e+03,2.427126914262771606e-01
8.991000000000000000e+03,2.685618698596954346e-01
9.553000000000000000e+03,2.185214906930923462e-01
1.011500000000000000e+04,2.776105701923370361e-01
1.067700000000000000e+04,1.803086400032043457e-01
1.123900000000000000e+04,2.185795456171035767e-01
1.180100000000000000e+04,2.333928346633911133e-01
1.236300000000000000e+04,1.976039260625839233e-01
1.292500000000000000e+04,2.127927392721176147e-01
1.348700000000000000e+04,1.462478190660476685e-01
1.404900000000000000e+04,1.461364477872848511e-01
1.461100000000000000e+04,1.695756018161773682e-01
