1.000000000000000000e+00,1.016479372978210449e+00
5.610000000000000000e+02,1.111799404025077820e-01
1.123000000000000000e+03,9.507495164871215820e-02
1.685000000000000000e+03,7.792667299509048462e-02
2.247000000000000000e+03,6.527734547853469849e-02
2.809000000000000000e+03,9.057641774415969849e-02
3.371000000000000000e+03,7.460489869117736816e-02
3.933000000000000000e+03,8.824207633733749390e-02
4.495000000000000000e+03,7.411702722311019897e-02
5.057000000000000000e+03,1.634148322045803070e-02
5.619000000000000000e+03,8.641748875379562378e-02
6.181000000000000000e+03,7.272034138441085815e-02
6.743000000000000000e+03,8.171886205673217773e-02
7.305000000000000000e+03,9.690044075250625610e-02
7.867000000000000000e+03,4.394924640655517578e-02
8.429000000000000000e+03,5.125230550765991211e-02
8.991000000000000000e+03,8.352649211883544922e-02
9.553000000000000000e+03,1.158966943621635437e-01
1.011500000000000000e+04,8.481680415570735931e-03
1.067700000000000000e+04,9.221243113279342651e-02
1.123900000000000000e+04,8.226013928651809692e-02
1.180100000000000000e+04,2.744855917990207672e-02
1.236300000000000000e+04,1.459000911563634872e-02
1.292500000000000000e+04,6.722306460142135620e-02
1.348700000000000000e+04,7.151905447244644165e-02
1.404900000000000000e+04,9.296751767396926880e-02
1.461100000000000000e+04,2.171550691127777100e-02
1.517300000000000000e+04,6.351752579212188721e-02
1.573500000000000000e+04,6.455232203006744385e-02
1.629700000000000000e+04,4.145664349198341370e-02
1.685900000000000000e+04,5.913140997290611267e-02
1.742100000000000000e+04,4.738128185272216797e-02
1.798300000000000000e+04,4.268321767449378967e-02
1.854500000000000000e+04,4.118432104587554932e-02
1.910700000000000000e+04,1.522004883736371994e-02
1.966900000000000000e+04,6.567315757274627686e-02
