1.000000000000000000e+00,1.458408474922180176e+00
5.610000000000000000e+02,7.524890303611755371e-01
1.123000000000000000e+03,6.725631952285766602e-01
1.685000000000000000e+03,5.296480059623718262e-01
2.247000000000000000e+03,4.409172236919403076e-01
2.809000000000000000e+03,3.413199484348297119e-01
3.371000000000000000e+03,3.545323610305786133e-01
3.933000000000000000e+03,2.874259352684020996e-01
4.495000000000000000e+03,2.974381446838378906e-01
5.057000000000000000e+03,2.349164932966232300e-01
5.619000000000000000e+03,2.826236188411712646e-01
6.181000000000000000e+03,2.492193579673767090e-01
6.743000000000000000e+03,2.472093552350997925e-01
7.305000000000000000e+03,2.093697488307952881e-01
7.867000000000000000e+03,2.267596125602722168e-01
8.429000000000000000e+03,2.747943103313446045e-01
8.991000000000000000e+03,2.587187886238098145e-01
9.553000000000000000e+03,2.001804560422897339e-01
1.011500000000000000e+04,1.937092840671539307e-01
1.067700000000000000e+04,1.645053327083587646e-01
1.123900000000000000e+04,1.538669019937515259e-01
1.180100000000000000e+04,2.097771465778350830e-01
1.236300000000000000e+04,1.292605400085449219e-01
1.292500000000000000e+04,1.452335715293884277e-01
1.348700000000000000e+04,1.347838491201400757e-01
1.404900000000000000e+04,1.346856206655502319e-01
1.461100000000000000e+04,1.696735918521881104e-01
