1.000000000000000000e+00,1.044960141181945801e+00
5.610000000000000000e+02,9.957528114318847656e-02
1.123000000000000000e+03,5.613597109913825989e-02
1.685000000000000000e+03,3.766511008143424988e-02
2.247000000000000000e+03,2.902086637914180756e-02
2.809000000000000000e+03,4.802553355693817139e-02
3.371000000000000000e+03,1.542495097965002060e-02
3.933000000000000000e+03,3.748343139886856079e-02
4.495000000000000000e+03,1.495797932147979736e-02
5.057000000000000000e+03,3.313337452709674835e-03
5.619000000000000000e+03,1.456329971551895142e-02
6.181000000000000000e+03,2.227367600426077843e-03
6.743000000000000000e+03,1.547441910952329636e-02
7.305000000000000000e+03,1.938764564692974091e-02
7.867000000000000000e+03,3.185649635270237923e-03
8.429000000000000000e+03,1.128552015870809555e-02
8.991000000000000000e+03,7.778914179652929306e-03
9.553000000000000000e+03,4.330290853977203369e-02
1.011500000000000000e+04,1.345434284303337336e-04
1.067700000000000000e+04,1.959148235619068146e-02
1.123900000000000000e+04,2.073005214333534241e-02
1.180100000000000000e+04,6.001412475598044693e-05
1.236300000000000000e+04,3.938608278986066580e-05
1.292500000000000000e+04,1.834181323647499084e-02
1.348700000000000000e+04,6.039037834852933884e-03
1.404900000000000000e+04,3.007384575903415680e-02
1.461100000000000000e+04,3.297813003882765770e-03
1.517300000000000000e+04,1.144774537533521652e-02
1.573500000000000000e+04,1.119484077207744122e-04
1.629700000000000000e+04,1.467991899698972702e-02
1.685900000000000000e+04,5.266774911433458328e-03
1.742100000000000000e+04,7.249942049384117126e-03
1.798300000000000000e+04,2.103366889059543610e-02
1.854500000000000000e+04,6.830684724263846874e-04
1.910700000000000000e+04,1.226773578673601151e-02
1.966900000000000000e+04,2.648486057296395302e-03
