1.000000000000000000e+00,8.880446553230285645e-01
5.610000000000000000e+02,7.844730466604232788e-02
1.123000000000000000e+03,6.431797146797180176e-02
1.685000000000000000e+03,5.077441036701202393e-02
2.247000000000000000e+03,6.969114392995834351e-02
2.809000000000000000e+03,9.110748767852783203e-02
3.371000000000000000e+03,5.015954747796058655e-02
3.933000000000000000e+03,8.026676625013351440e-02
4.495000000000000000e+03,6.242400780320167542e-02
5.057000000000000000e+03,7.280779536813497543e-03
5.619000000000000000e+03,7.128839939832687378e-02
6.181000000000000000e+03,6.129065528512001038e-02
6.743000000000000000e+03,7.847867161035537720e-02
7.305000000000000000e+03,7.550272345542907715e-02
7.867000000000000000e+03,3.952999785542488098e-02
8.429000000000000000e+03,3.309859707951545715e-02
8.991000000000000000e+03,6.545996665954589844e-02
9.553000000000000000e+03,7.079699635505676270e-02
1.011500000000000000e+04,5.892632529139518738e-03
1.067700000000000000e+04,4.961356148123741150e-02
1.123900000000000000e+04,7.961733639240264893e-02
1.180100000000000000e+04,1.192976534366607666e-02
1.236300000000000000e+04,2.058606594800949097e-02
1.292500000000000000e+04,3.883933648467063904e-02
1.348700000000000000e+04,5.651415511965751648e-02
1.404900000000000000e+04,8.349233865737915039e-02
1.461100000000000000e+04,1.996059529483318329e-02
1.517300000000000000e+04,4.967378079891204834e-02
1.573500000000000000e+04,3.281771019101142883e-02
1.629700000000000000e+04,1.950696669518947601e-02
1.685900000000000000e+04,2.704387716948986053e-02
1.742100000000000000e+04,3.480261936783790588e-02
1.798300000000000000e+04,2.019541710615158081e-02
1.854500000000000000e+04,4.493744671344757080e-02
1.910700000000000000e+04,2.893401682376861572e-02
1.966900000000000000e+04,2.647379599511623383e-02
