9.149635155109437160e-03,9.984371772437695691e-01,4.538243921449902456e-03,4.419986308964924434e-05,1.540172733692485481e-03,6.828917411733067882e-04,5.231419871999818067e-05,2.745717944033503229e-03,5.231419871999818067e-05,5.845929962686630425e-04,5.231419871999818067e-05,1.233586511774406331e-03,5.231419871999818067e-05,1.591990833617922246e-03,5.231419871999818067e-05,5.231419871999818067e-05
1.027864269691601204e-02,5.434066890507770371e-03,7.450340796060174117e-03,-9.594158128389037449e-04,1.148765296353987733e-03,1.393091097862006640e-03,-4.249913515783023299e-04,-1.798647766112701225e-04,-4.249913515783023299e-04,2.307183228409303167e-03,-4.249913515783023299e-04,1.093888779318174121e-03,-4.249913515783023299e-04,7.302948548544990759e-03,-4.249913515783023299e-04,-4.249913515783023299e-04
6.100213625495703139e-03,7.160902286434280180e-03,4.885177411469940681e-03,-1.627342749726548576e-03,1.269643411584269474e-04,1.167710793840413163e-04,-1.555494093311209818e-03,9.221887023458907873e-01,-1.555494093311209818e-03,1.910020751663854544e-03,-1.555494093311209818e-03,-5.442887342377558581e-04,-1.555494093311209818e-03,7.798009877350597398e-03,-1.555494093311209818e-03,-1.555494093311209818e-03
3.570814670424143130e-03,-2.075045656872553240e-02,3.070836720674069865e-03,1.000000000000000000e+00,9.999999999998849809e-01,1.000000000000000000e+00,1.000000000000000000e+00,-9.044981294288352916e-03,1.000000000000000000e+00,-1.582898933095679139e-02,1.000000000000000000e+00,9.999999991603749638e-01,1.000000000000000000e+00,-5.372808012070712236e-03,1.000000000000000000e+00,1.000000000000000000e+00
-1.328799064508975544e-02,9.330405347847053410e-04,4.338263171518202607e-03,1.000000000000000000e+00,9.996979482235711645e-01,8.611765739632057381e-03,9.999999982423600775e-01,-5.975822094254482249e-03,9.999999982423600775e-01,-6.038849232115641591e-03,9.999999982423600775e-01,8.277963437422736215e-03,9.999999982423600775e-01,4.125275705661876451e-03,9.999999982423600775e-01,9.999999982423600775e-01
-3.091868823392257548e-01,2.518770833187796571e-03,4.087970718246633842e-03,1.000000000000000000e+00,1.000000000000000000e+00,7.332432624076543753e-03,4.965507777337874705e-03,-7.129161734798120098e-03,4.965507777337874705e-03,-6.197069081734647190e-03,4.965507777337874705e-03,7.703545737107834850e-03,4.965507777337874705e-03,2.581271178610474067e-03,4.965507777337874705e-03,4.965507777337874705e-03
3.450861626677533597e-03,-1.611351440769858215e-02,3.631530288919659032e-03,1.000000000000000000e+00,1.000000000000000000e+00,1.000000000000000000e+00,1.000000000000000000e+00,-4.326146891540413007e-03,1.000000000000000000e+00,-1.098287332125257899e-02,1.000000000000000000e+00,1.000000000000000000e+00,1.000000000000000000e+00,-1.008395447577874540e-03,1.000000000000000000e+00,1.000000000000000000e+00
1.214918977179100905e-02,7.376512429957635467e-03,8.861127506678381435e-03,3.012463321612461886e-01,1.540415329821967537e-03,1.677808429888345007e-03,9.999998763891372322e-01,5.068975783721761837e-04,9.999998763891372322e-01,2.662190953834426849e-03,9.999998763891372322e-01,9.999999969379120834e-01,9.999998763891372322e-01,8.717640667959604753e-03,9.999998763891372322e-01,9.999998763891372322e-01
3.450861626677533597e-03,-1.611351440769858215e-02,3.631530288919659032e-03,1.000000000000000000e+00,1.000000000000000000e+00,1.000000000000000000e+00,1.000000000000000000e+00,-4.326146891540413007e-03,1.000000000000000000e+00,-1.098287332125257899e-02,1.000000000000000000e+00,1.000000000000000000e+00,1.000000000000000000e+00,-1.008395447577874540e-03,1.000000000000000000e+00,1.000000000000000000e+00
5.343881167821188348e-03,3.613058689118748765e-03,2.947220438169209644e-03,-4.433008298826610592e-04,2.190100548610609578e-03,2.228716825562858904e-03,5.534940173181729069e-04,2.344125410281580293e-05,5.534940173181729069e-04,2.944162873594978209e-03,5.534940173181729069e-04,1.612233220320064952e-03,5.534940173181729069e-04,8.512571784898568042e-03,5.534940173181729069e-04,5.534940173181729069e-04
3.450861626677533597e-03,-1.611351440769858215e-02,3.631530288919659032e-03,1.000000000000000000e+00,1.000000000000000000e+00,1.000000000000000000e+00,1.000000000000000000e+00,-4.326146891540413007e-03,1.000000000000000000e+00,-1.098287332125257899e-02,1.000000000000000000e+00,1.000000000000000000e+00,1.000000000000000000e+00,-1.008395447577874540e-03,1.000000000000000000e+00,1.000000000000000000e+00
-4.607325727110533897e-02,-1.211327195125207548e-02,4.639181558230985776e-03,1.000000000000000000e+00,1.000000000000000000e+00,1.000000000000000000e+00,1.000000000000000000e+00,1.917237932582650448e-03,1.000000000000000000e+00,-3.763062860180264868e-03,1.000000000000000000e+00,1.000000000000000000e+00,1.000000000000000000e+00,3.437202714708366587e-03,1.000000000000000000e+00,1.000000000000000000e+00
3.450861626677533597e-03,-1.611351440769858215e-02,3.631530288919659032e-03,1.000000000000000000e+00,1.000000000000000000e+00,1.000000000000000000e+00,1.000000000000000000e+00,-4.326146891540413007e-03,1.000000000000000000e+00,-1.098287332125257899e-02,1.000000000000000000e+00,1.000000000000000000e+00,1.000000000000000000e+00,-1.008395447577874540e-03,1.000000000000000000e+00,1.000000000000000000e+00
5.178623557290549899e-03,4.711581734305855113e-03,2.284250998340628305e-03,4.163499425372692016e-04,2.248842721784354536e-03,2.629144394937496260e-03,1.253182977672414851e-03,-3.973124169369565651e-04,1.253182977672414851e-03,3.456147425157024729e-03,1.253182977672414851e-03,2.425450345833067480e-03,1.253182977672414851e-03,8.119860747461540157e-03,1.253182977672414851e-03,1.253182977672414851e-03
3.450861626677533597e-03,-1.611351440769858215e-02,3.631530288919659032e-03,1.000000000000000000e+00,1.000000000000000000e+00,1.000000000000000000e+00,1.000000000000000000e+00,-4.326146891540413007e-03,1.000000000000000000e+00,-1.098287332125257899e-02,1.000000000000000000e+00,1.000000000000000000e+00,1.000000000000000000e+00,-1.008395447577874540e-03,1.000000000000000000e+00,1.000000000000000000e+00
3.450861626677533597e-03,-1.611351440769858215e-02,3.631530288919659032e-03,1.000000000000000000e+00,1.000000000000000000e+00,1.000000000000000000e+00,1.000000000000000000e+00,-4.326146891540413007e-03,1.000000000000000000e+00,-1.098287332125257899e-02,1.000000000000000000e+00,1.000000000000000000e+00,1.000000000000000000e+00,-1.008395447577874540e-03,1.000000000000000000e+00,1.000000000000000000e+00
