1.000000000000000000e+00,7.466480731964111328e-01
5.610000000000000000e+02,8.000399917364120483e-02
1.123000000000000000e+03,5.511710420250892639e-02
1.685000000000000000e+03,4.800303652882575989e-02
2.247000000000000000e+03,3.189278393983840942e-02
2.809000000000000000e+03,9.208985418081283569e-02
3.371000000000000000e+03,4.069445654749870300e-02
3.933000000000000000e+03,6.185865402221679688e-02
4.495000000000000000e+03,3.602721914649009705e-02
5.057000000000000000e+03,1.447288319468498230e-02
5.619000000000000000e+03,6.020136550068855286e-02
6.181000000000000000e+03,2.538459002971649170e-02
6.743000000000000000e+03,4.910516366362571716e-02
7.305000000000000000e+03,2.885006181895732880e-02
7.867000000000000000e+03,1.057031657546758652e-02
8.429000000000000000e+03,1.145680248737335205e-02
8.991000000000000000e+03,2.279386669397354126e-02
9.553000000000000000e+03,4.133060947060585022e-02
1.011500000000000000e+04,1.048587262630462646e-03
1.067700000000000000e+04,3.133720159530639648e-02
1.123900000000000000e+04,2.859427593648433685e-02
1.180100000000000000e+04,2.870779484510421753e-03
1.236300000000000000e+04,4.506176046561449766e-04
1.292500000000000000e+04,2.461315505206584930e-02
1.348700000000000000e+04,1.969700492918491364e-02
1.404900000000000000e+04,4.784007743000984192e-02
1.461100000000000000e+04,2.034117653965950012e-02
1.517300000000000000e+04,2.563945017755031586e-02
1.573500000000000000e+04,9.467325173318386078e-03
1.629700000000000000e+04,2.032325230538845062e-02
1.685900000000000000e+04,9.531768038868904114e-03
1.742100000000000000e+04,1.317697763442993164e-02
1.798300000000000000e+04,2.085956372320652008e-02
1.854500000000000000e+04,7.928232080303132534e-04
1.910700000000000000e+04,2.627800451591610909e-03
1.966900000000000000e+04,7.996326312422752380e-04
