1.000000000000000000e+00,8.756015896797180176e-01
5.610000000000000000e+02,1.031991168856620789e-01
1.123000000000000000e+03,5.875979736447334290e-02
1.685000000000000000e+03,5.446471646428108215e-02
2.247000000000000000e+03,5.492619797587394714e-02
2.809000000000000000e+03,4.659811779856681824e-02
3.371000000000000000e+03,3.810002282261848450e-02
3.933000000000000000e+03,5.021249130368232727e-02
4.495000000000000000e+03,6.149346753954887390e-02
5.057000000000000000e+03,9.573648683726787567e-03
5.619000000000000000e+03,6.338022649288177490e-02
6.181000000000000000e+03,2.923265099525451660e-02
6.743000000000000000e+03,6.743643432855606079e-02
7.305000000000000000e+03,6.765279173851013184e-02
7.867000000000000000e+03,4.083957150578498840e-02
8.429000000000000000e+03,1.800606958568096161e-02
8.991000000000000000e+03,6.759534031152725220e-02
9.553000000000000000e+03,6.285112351179122925e-02
1.011500000000000000e+04,2.704640850424766541e-03
1.067700000000000000e+04,5.621678754687309265e-02
1.123900000000000000e+04,5.702246725559234619e-02
1.180100000000000000e+04,5.051990156061947346e-04
1.236300000000000000e+04,2.187353558838367462e-02
1.292500000000000000e+04,2.990613691508769989e-02
1.348700000000000000e+04,2.502772212028503418e-02
1.404900000000000000e+04,5.239876732230186462e-02
1.461100000000000000e+04,1.748057454824447632e-02
1.517300000000000000e+04,3.656501695513725281e-02
1.573500000000000000e+04,4.245690628886222839e-02
1.629700000000000000e+04,3.160209581255912781e-02
1.685900000000000000e+04,1.204795110970735550e-02
1.742100000000000000e+04,4.018503054976463318e-02
1.798300000000000000e+04,3.589939326047897339e-02
1.854500000000000000e+04,3.163320571184158325e-02
1.910700000000000000e+04,1.887132762931287289e-03
1.966900000000000000e+04,2.648303098976612091e-02
