1.379749894142150879e+00
6.671116948127746582e-01
6.224541664123535156e-01
5.985113978385925293e-01
5.895474553108215332e-01
5.809308886528015137e-01
5.768006443977355957e-01
5.755854249000549316e-01
5.695850253105163574e-01
5.586900711059570312e-01
5.528029799461364746e-01
5.518924593925476074e-01
5.516481995582580566e-01
5.502582192420959473e-01
5.495982766151428223e-01
5.486134290695190430e-01
5.451391935348510742e-01
5.414663553237915039e-01
5.384365320205688477e-01
5.368232727050781250e-01
5.359257459640502930e-01
5.360220074653625488e-01
5.350038409233093262e-01
5.334465503692626953e-01
5.332170724868774414e-01
5.333626866340637207e-01
5.330418944358825684e-01
5.327402949333190918e-01
5.325634479522705078e-01
5.328256487846374512e-01
5.326104164123535156e-01
5.323575139045715332e-01
5.320939421653747559e-01
5.321146845817565918e-01
5.320197939872741699e-01
5.319392085075378418e-01
