1.486595630645751953e+00
6.812613010406494141e-01
6.529574990272521973e-01
6.080694198608398438e-01
6.065194010734558105e-01
5.649619102478027344e-01
5.795076489448547363e-01
5.658541321754455566e-01
5.664152503013610840e-01
5.587565898895263672e-01
5.576137900352478027e-01
5.402411222457885742e-01
5.577396154403686523e-01
5.547686815261840820e-01
5.479157567024230957e-01
5.454258918762207031e-01
5.428276062011718750e-01
5.097023844718933105e-01
5.208947658538818359e-01
5.369501709938049316e-01
5.361222028732299805e-01
5.141178965568542480e-01
5.343413352966308594e-01
5.300972461700439453e-01
5.382098555564880371e-01
5.184565186500549316e-01
5.232619047164916992e-01
5.188124775886535645e-01
5.414192080497741699e-01
5.123019814491271973e-01
5.017728805541992188e-01
5.290588736534118652e-01
5.244049429893493652e-01
5.218656659126281738e-01
5.480098128318786621e-01
5.373665690422058105e-01
