9.534580330873723142e-01,1.674167797602422070e+00,2.448408702312008245e+00,0.000000000000000000e+00,1.320423647703137249e-01,0.000000000000000000e+00,0.000000000000000000e+00,2.457179411343531683e+00,5.665088800014927983e-03,2.489003223214240279e+00,0.000000000000000000e+00,2.483507909346371889e-03,1.239079388033133000e-01,2.244943211662757676e+00,2.483507909346371889e-03,0.000000000000000000e+00
2.349416775672580115e+00,2.778281826438615099e+00,2.551027219247771427e+00,1.214855015394277871e+00,1.426455918815918267e+00,1.122665871051140130e+00,1.200298569281585515e+00,2.444983431574655697e+00,1.309719435055740178e+00,2.598649756895611063e+00,1.122665871051140130e+00,1.162138613988645375e+00,1.322450777632184327e+00,2.739864924835273996e+00,1.162138613988645375e+00,1.122665871051140130e+00
1.249521161895245314e+00,2.035724945657420903e+00,1.510921099965344183e+00,3.750318889797199517e-01,3.553362312959507108e-01,3.845431149238720536e-01,8.328605402493849397e-01,1.929177632846403867e+00,2.189394802553579211e-01,1.587172952771652490e+00,3.845431149238720536e-01,3.726743784500285983e-01,3.228792600566521287e-01,1.806223303370643407e+00,3.726743784500285983e-01,3.845431149238720536e-01
1.528944216530362610e+00,2.314263315442076419e+00,2.317357898478803691e+00,0.000000000000000000e+00,0.000000000000000000e+00,0.000000000000000000e+00,3.442786342639010400e-01,2.320495804589882027e+00,3.501428540039341897e-01,1.915790932405798230e+00,0.000000000000000000e+00,0.000000000000000000e+00,0.000000000000000000e+00,2.304773584801296238e+00,0.000000000000000000e+00,0.000000000000000000e+00
1.390624905878212303e+00,2.611265553830889985e+00,2.678334774798713624e+00,8.457167568849399686e-04,0.000000000000000000e+00,0.000000000000000000e+00,1.085833675460889935e-03,2.667095638433238491e+00,8.328400581376627088e-04,1.119026611617300659e+00,0.000000000000000000e+00,1.245334424311295152e-04,0.000000000000000000e+00,2.585450629674596712e+00,1.245334424311295152e-04,0.000000000000000000e+00
0.000000000000000000e+00,3.749754396267235279e-03,0.000000000000000000e+00,0.000000000000000000e+00,0.000000000000000000e+00,0.000000000000000000e+00,0.000000000000000000e+00,0.000000000000000000e+00,0.000000000000000000e+00,0.000000000000000000e+00,0.000000000000000000e+00,0.000000000000000000e+00,0.000000000000000000e+00,0.000000000000000000e+00,0.000000000000000000e+00,0.000000000000000000e+00
9.279697165475226939e-01,9.700113208964467049e-02,2.044544759555719793e-01,3.870570301660336554e-01,6.305462360032834113e-01,3.839138090261258185e-01,5.451261240523308516e-02,1.262514150876086205e-01,3.549600481637753546e-01,1.360690575093030930e-01,3.839138090261258185e-01,5.932782530435360968e-01,2.169085591740440577e-01,4.879049920127727091e-01,5.932782530435360968e-01,3.839138090261258185e-01
1.342926055971474852e+00,1.931252297326864209e+00,1.959074964419414755e+00,4.160491975198965520e-03,2.147167680959682912e-03,1.470702233564225025e-02,2.884294767864048481e-02,1.823728414856304880e+00,1.129737052906421013e-02,1.543653793072735425e+00,1.470702233564225025e-02,1.341987626801710576e-03,9.347065166039101314e-01,1.880711892292310949e+00,1.341987626801710576e-03,1.470702233564225025e-02
5.771814678300870582e-01,1.349131592738558538e+00,2.843360667444358114e+00,0.000000000000000000e+00,0.000000000000000000e+00,0.000000000000000000e+00,0.000000000000000000e+00,2.849935382349940483e+00,0.000000000000000000e+00,2.818549036652257200e+00,0.000000000000000000e+00,0.000000000000000000e+00,0.000000000000000000e+00,2.653617255411518272e+00,0.000000000000000000e+00,0.000000000000000000e+00
5.258173924521543086e-01,1.370767739950679243e+00,2.065941290347836912e+00,6.928392886766232550e-01,7.063952694297768176e-01,7.802429821749683470e-01,1.094172417273512110e+00,1.302401831460883841e+00,5.732900556758977473e-01,1.923077891347929835e+00,7.802429821749683470e-01,6.170485322945751250e-01,8.432005272188689560e-01,1.928807150921784341e+00,6.170485322945751250e-01,7.802429821749683470e-01
1.117428205267060548e+00,8.725962800090201199e-01,6.435622342978604138e-01,3.046308684686664492e+00,3.012406375550199300e+00,3.014341549540404230e+00,3.243245021963957697e+00,5.460021055623656139e-01,3.100321810285095125e+00,8.842386820469982922e-01,3.014341549540404230e+00,3.017948891560081393e+00,2.971822228573728353e+00,8.340758227859623730e-01,3.017948891560081393e+00,3.014341549540404230e+00
1.606003201915882528e+00,2.409344505518674850e+00,1.171124726650305092e+00,4.571151017444208264e-02,1.279713140684179962e-02,3.564074411406181753e-02,9.230229054810479283e-02,2.307690481728059240e+00,4.669116326840594411e-02,2.349930775424581952e+00,3.564074411406181753e-02,3.300054519786499441e-02,1.189328089822083712e-02,1.159557500330265611e+00,3.300054519786499441e-02,3.564074411406181753e-02
9.400852178805507720e-01,2.159752759325783700e-01,1.301373243913985789e-01,8.621959740412421525e-01,7.282723000389523804e-01,8.932752188411541283e-01,7.441843373817391694e-01,3.725959634757600725e-01,6.177839593146927655e-01,3.567861418123356998e-01,8.932752188411541283e-01,7.328189656254835427e-01,5.192021679249592125e-01,3.790141781792044640e-02,7.328189656254835427e-01,8.932752188411541283e-01
1.931450953765306622e+00,1.133843166229780763e+00,7.885770186549052596e-01,2.304956196167040616e-01,2.469132812984753400e-01,3.465273352776421234e-01,4.361454889294691384e-01,6.699808059493079782e-01,2.602853356802370399e-02,5.770852557616308331e-01,3.465273352776421234e-01,1.323896491230698302e-01,2.598546336230356246e-01,2.311148645821958780e-01,1.323896491230698302e-01,3.465273352776421234e-01
2.974573128158226609e+00,3.767133142333477736e+00,3.555194844957441092e+00,2.160720395011594519e+00,2.229601116472622380e+00,2.141292884567519650e+00,2.268523835897212848e+00,3.533018140326021239e+00,2.238520606741076335e+00,3.361089268466457725e+00,2.141292884567519650e+00,2.207340870605548844e+00,2.263052896218141541e+00,3.508350338554009795e+00,2.207340870605548844e+00,2.141292884567519650e+00
1.285876243491657078e+00,1.236883798264898360e+00,1.070643508457578719e+00,1.568810402066446841e+00,1.401553286821581423e+00,1.610784380347467959e+00,9.842030095169320703e-01,5.691785527160391212e-01,1.171564026386477053e+00,1.296239089802838862e+00,1.610784380347467959e+00,1.442177547723986208e+00,1.054457082063890994e+00,7.152821840718388557e-01,1.442177547723986208e+00,1.610784380347467959e+00
5.068877261801389977e-01,2.259014648443553597e-01,1.357629069825634360e-01,1.846488893395871855e+00,1.408480674392194487e+00,1.900583416587323882e+00,1.415191825843066908e+00,1.864027037809137255e-01,1.029591739541501738e+00,4.127527048694901168e-03,1.900583416587323882e+00,1.473538339501828887e+00,9.805976156058022752e-01,2.128019967640284449e-01,1.473538339501828887e+00,1.900583416587323882e+00
9.441291750990785658e-01,8.843713948153890669e-01,5.134916721726767719e-01,4.055640507285716012e-01,3.587888114998349920e-01,3.260754485963843763e-01,8.321180623897816986e-02,7.070924683939665556e-01,2.519456595036899671e-01,5.759690922568552196e-01,3.260754485963843763e-01,3.338784381630830467e-01,5.166906592494342476e-01,7.602803448680788279e-01,3.338784381630830467e-01,3.260754485963843763e-01
2.199872922006761655e+00,2.414117402266128920e+00,2.398738184929243289e+00,0.000000000000000000e+00,6.810144859628053382e-03,1.159060634745401330e-02,5.139120702369837090e-02,1.086761351165478118e+00,1.030162435563397594e-02,2.301078353862976655e+00,1.159060634745401330e-02,1.083806309907231480e-04,1.327741840068483725e-01,2.443117600734694861e+00,1.083806309907231480e-04,1.159060634745401330e-02
1.032028210247517563e+00,9.722348003560910001e-01,1.226255572648369707e+00,1.030040931727853604e+00,9.244723735173465684e-01,1.039887352453661151e+00,9.195208882010774687e-01,6.353718785831006244e-01,9.009189916105242446e-01,1.159759666086756624e+00,1.039887352453661151e+00,1.000501442540553398e+00,8.503519043006235734e-01,9.171488873107591644e-01,1.000501442540553398e+00,1.039887352453661151e+00
0.000000000000000000e+00,1.780722172756213695e+00,1.995039424858987331e+00,7.847604225389659405e-02,8.210779330693185329e-02,9.177132579497992992e-02,4.983458546048495919e-01,2.026915943599306047e+00,5.561262532137334347e-02,2.018994378915522248e+00,9.177132579497992992e-02,6.871783803217113018e-02,1.182418513344600797e-01,2.085462757968343794e+00,6.871783803217113018e-02,9.177132579497992992e-02
1.720343470002262620e+00,1.777346480263076955e+00,1.741693393503737752e+00,1.761264091037446633e-01,4.476453307688643690e-03,3.913052219104429241e-03,5.298806921018694993e-03,1.593354591324896319e+00,2.073078906541923061e-01,1.754760241459734971e+00,3.913052219104429241e-03,1.955998893972719088e-01,3.405259935789217707e-03,1.596152262285613688e+00,1.955998893972719088e-01,3.913052219104429241e-03
1.096418399787580711e+00,2.546782974330199067e+00,2.544167164482132648e+00,1.749463412124896422e-03,6.761006553642801009e-02,8.427444208791712299e-04,0.000000000000000000e+00,2.136582031207581167e+00,1.401424557116115466e-03,1.095308181787913782e+00,8.427444208791712299e-04,4.487306428927695379e-03,6.292095649041584693e-02,2.551467671235513990e+00,4.487306428927695379e-03,8.427444208791712299e-04
4.843880785047076643e-01,1.288369170099031180e+00,1.048784176062326878e+00,3.347061259555630386e-01,3.871713962289504707e-01,3.089337900164537132e-01,3.330136916483752429e-01,1.406541818112600595e+00,2.443906326661817729e-01,7.132823045249097049e-01,3.089337900164537132e-01,2.632110809790901840e-01,3.570131898741237819e-01,9.214930880698375404e-01,2.632110809790901840e-01,3.089337900164537132e-01
2.555792231578379869e-02,2.793034448404796422e-01,2.020725072652567178e-01,3.611892941989935935e-02,5.753784053376875818e-02,3.123494188184849918e-02,4.443431444815360010e-02,8.771845552255399525e-01,2.613498803111724555e-02,3.143969531520269811e-01,3.123494188184849918e-02,3.537798192701302469e-02,3.457550468738190830e-02,4.717307359096594155e-01,3.537798192701302469e-02,3.123494188184849918e-02
6.667395653203129768e-01,2.832704650936648250e-01,6.147279851138591766e-01,1.466934583149850368e+00,1.394074953161180019e+00,1.436880498193204403e+00,1.415013528428971767e+00,5.438149012625217438e-01,1.230657286010682583e+00,4.343920863175299019e-01,1.436880498193204403e+00,1.341432816348969936e+00,1.328491888009011745e+00,1.163257438689470291e+00,1.341432816348969936e+00,1.436880498193204403e+00
2.530524889960361179e+00,2.754071678813488688e+00,1.349712251874734648e+00,1.438451616559177637e-02,7.900905646965838969e-02,1.500713999848812819e-02,4.140794713748618960e-02,2.015776830565300770e+00,2.329946830286644399e-02,2.607269925319997128e+00,1.500713999848812819e-02,1.740040708682499826e-02,1.173698458005674183e-01,2.711726324130722787e+00,1.740040708682499826e-02,1.500713999848812819e-02
1.947745173674775288e-02,1.408798383286921307e+00,6.523726384039036930e-01,1.076917691978451330e+00,1.259523477026959881e+00,1.290025300899287686e+00,1.910011335829040036e+00,9.347875311214011163e-01,1.185815572360297665e+00,5.464254363614600152e-01,1.290025300899287686e+00,1.083795705788361374e+00,9.968090725378715433e-01,8.258701825689058751e-01,1.083795705788361374e+00,1.290025300899287686e+00
7.917430382221937180e-01,7.978697980288416147e-01,7.848709900863468647e-01,6.054803758161142468e-01,4.269438463379628956e-01,7.190082389279268682e-01,8.572536255232989788e-01,7.003310263971798122e-01,3.033960394677706063e-01,7.582841308321803808e-01,7.190082389279268682e-01,6.542397412704303861e-01,3.885975655284710228e-01,7.308691611979156733e-01,6.542397412704303861e-01,7.190082389279268682e-01
3.005827161607157905e+00,2.984416300969314761e+00,3.026078313720063306e+00,0.000000000000000000e+00,0.000000000000000000e+00,0.000000000000000000e+00,0.000000000000000000e+00,2.131754503890988417e+00,0.000000000000000000e+00,2.552221336765796877e+00,0.000000000000000000e+00,0.000000000000000000e+00,0.000000000000000000e+00,3.063502909775706939e+00,0.000000000000000000e+00,0.000000000000000000e+00
1.311553855528472923e+00,9.300097519735572860e-01,1.489818916525109671e+00,1.638963950899778865e+00,1.588312676278292201e+00,1.713886162367998622e+00,1.686337022212683223e+00,1.632350959684117697e+00,1.404684295979677700e+00,1.042707962784334086e+00,1.713886162367998622e+00,1.542629486051737331e+00,1.480336455730139278e+00,8.857611885614460334e-01,1.542629486051737331e+00,1.713886162367998622e+00
8.132316771661862731e-02,0.000000000000000000e+00,7.232831272995099425e-02,1.561828891251934692e+00,1.300675930891884491e+00,1.488195511017693207e+00,1.417223157797707245e+00,1.443833951925626025e-01,1.205433348630322143e+00,3.255115525098517537e-02,1.488195511017693207e+00,1.372819940064800903e+00,1.051911743794335052e+00,1.803966297302395105e-03,1.372819940064800903e+00,1.488195511017693207e+00
1.701471518488688162e+00,2.390455096199730178e+00,2.372177507993910694e+00,0.000000000000000000e+00,0.000000000000000000e+00,0.000000000000000000e+00,4.493878107414275291e-01,2.317625455300003523e+00,0.000000000000000000e+00,2.414602768199983984e+00,0.000000000000000000e+00,0.000000000000000000e+00,0.000000000000000000e+00,2.392819572818552842e+00,0.000000000000000000e+00,0.000000000000000000e+00
8.794494999165181071e-02,1.186042459128657356e+00,1.536529846198391169e-01,7.349539354618173093e-01,8.157501071400474757e-01,8.884485116868745536e-01,9.379358896694611758e-01,3.806050210550893098e-01,7.332579621288459748e-01,3.427560217387508601e-01,8.884485116868745536e-01,6.981166270270477980e-01,8.909177924215327948e-01,5.004815194115508348e-01,6.981166270270477980e-01,8.884485116868745536e-01
3.096409622812643647e-01,0.000000000000000000e+00,1.844044859171845019e-02,0.000000000000000000e+00,0.000000000000000000e+00,0.000000000000000000e+00,0.000000000000000000e+00,1.111265951476525515e-01,0.000000000000000000e+00,1.087953168607782573e-01,0.000000000000000000e+00,0.000000000000000000e+00,0.000000000000000000e+00,4.202207300113514066e-02,0.000000000000000000e+00,0.000000000000000000e+00
5.791900643234839663e-01,7.453338902996620163e-01,9.075462644541403279e-01,5.764352351397974417e-01,5.762103863962693140e-01,5.022780939907534048e-01,5.174293143645627424e-01,7.927979227824835107e-01,4.341434976522577927e-01,1.005586044266237877e+00,5.022780939907534048e-01,4.560824193031294271e-01,3.382409133337205276e-01,8.432422285986831412e-01,4.560824193031294271e-01,5.022780939907534048e-01
1.808603650688382913e+00,9.553887909150944324e-01,1.794239786295293015e+00,1.990088376260246150e-03,1.500028107329853810e-03,1.808613344110199250e-03,3.028250434163055615e-01,2.337980302301730262e+00,2.746253377536049811e-01,2.263076502818876179e+00,1.808613344110199250e-03,3.471487809292739257e-03,1.193980811876826920e-03,9.356445841131062480e-01,3.471487809292739257e-03,1.808613344110199250e-03
4.358563780260737985e-01,8.364560414338484406e-01,8.084367151604965329e-01,7.914355564571451396e-01,1.315414204262197018e+00,9.369802572473417968e-01,1.189571737311780453e+00,8.301955979550257325e-01,5.446130778000224382e-01,8.551090030232444406e-01,9.369802572473417968e-01,6.887650085263885558e-01,1.172678648494184017e+00,3.752126739127561450e-01,6.887650085263885558e-01,9.369802572473417968e-01
1.417004046379588544e+00,1.470909100549761206e+00,9.477048497647047043e-01,1.337429900304414332e-01,1.062007079483009875e+00,2.077860809513367712e-01,1.790978327044285834e-01,9.637002556119114161e-01,1.187988669262267649e-01,1.055620869912672788e+00,2.077860809513367712e-01,1.863527596578933299e-01,1.048604303534375504e+00,1.065019172965548933e+00,1.863527596578933299e-01,2.077860809513367712e-01
1.453513961459975690e+00,1.243143721920205280e+00,7.484399356035282835e-01,1.480701365915592760e+00,1.764314537344034761e+00,1.273521736045950092e+00,1.225102918004267849e+00,1.118515065143583342e+00,1.752181475458201021e+00,7.288763732358347625e-01,1.273521736045950092e+00,1.524172191915567964e+00,1.666756292281206697e+00,1.212036369804991409e+00,1.524172191915567964e+00,1.273521736045950092e+00
