1.186391086732328404e+00,1.385653492914570961e+00,1.583191850491857622e+00,0.000000000000000000e+00,0.000000000000000000e+00,0.000000000000000000e+00,0.000000000000000000e+00,1.316561489984451327e+00,0.000000000000000000e+00,9.350591342808911577e-02,0.000000000000000000e+00,0.000000000000000000e+00,0.000000000000000000e+00,1.485337080272074672e+00,0.000000000000000000e+00,0.000000000000000000e+00
1.144505339907482266e-01,2.353799141128547490e-01,1.802924927324056625e-02,0.000000000000000000e+00,6.588888994883745909e-03,0.000000000000000000e+00,0.000000000000000000e+00,1.066035322146490216e-01,5.243024148512631655e-03,0.000000000000000000e+00,5.243024148512631655e-03,5.243024148512631655e-03,0.000000000000000000e+00,8.116015826817601919e-02,0.000000000000000000e+00,5.243024148512631655e-03
8.364764981088228524e-01,1.462272991630015895e-01,0.000000000000000000e+00,0.000000000000000000e+00,9.427369912737049162e-02,0.000000000000000000e+00,0.000000000000000000e+00,4.345869764074450359e-01,2.262596989748999476e-02,7.266273372806608677e-03,2.262596989748999476e-02,2.262596989748999476e-02,0.000000000000000000e+00,2.858399782853666693e-01,0.000000000000000000e+00,2.262596989748999476e-02
1.030064021993894130e+00,6.705859421635977924e-01,1.385077477258164436e+00,1.461125053290743381e+00,1.594501901243347675e+00,1.461125053290743381e+00,1.453616328362841159e+00,5.573739839601330459e-01,1.453170019958633929e+00,1.744952387234661728e-01,1.453170019958633929e+00,1.453170019958633929e+00,1.461125053290743381e+00,5.507287771324627101e-01,1.520364578638691455e+00,1.453170019958633929e+00
0.000000000000000000e+00,0.000000000000000000e+00,1.933455397374927998e-02,0.000000000000000000e+00,0.000000000000000000e+00,0.000000000000000000e+00,0.000000000000000000e+00,9.317520947661250830e-02,0.000000000000000000e+00,0.000000000000000000e+00,0.000000000000000000e+00,0.000000000000000000e+00,0.000000000000000000e+00,3.903565090149641037e-02,0.000000000000000000e+00,0.000000000000000000e+00
5.509215859347023070e-01,4.331390166771598160e-02,0.000000000000000000e+00,0.000000000000000000e+00,0.000000000000000000e+00,0.000000000000000000e+00,0.000000000000000000e+00,1.132336184382438660e-01,0.000000000000000000e+00,0.000000000000000000e+00,0.000000000000000000e+00,0.000000000000000000e+00,0.000000000000000000e+00,1.795723275281488895e-01,0.000000000000000000e+00,0.000000000000000000e+00
3.471178415929898620e-01,3.773918410297483206e-01,1.794236723799258471e-01,0.000000000000000000e+00,0.000000000000000000e+00,0.000000000000000000e+00,0.000000000000000000e+00,2.623167249839752913e-01,1.123034142074175179e-02,6.289536540862172842e-03,1.123034142074175179e-02,1.123034142074175179e-02,0.000000000000000000e+00,2.740435732994228601e-01,0.000000000000000000e+00,1.123034142074175179e-02
1.200172446842771024e-01,5.815795017406344414e-02,1.763775711879134178e-02,3.668648470193147659e-02,1.014453090901952237e-01,3.668648470193147659e-02,1.369058620184659958e-02,6.339211619342677295e-02,1.618521616037469357e-01,5.038654233794659376e-02,1.618521616037469357e-01,1.618521616037469357e-01,3.668648470193147659e-02,9.459885835531167686e-02,4.147938045207411051e-02,1.618521616037469357e-01
5.588077425491064787e-01,5.896363870706409216e-01,1.123776622582226992e+00,0.000000000000000000e+00,0.000000000000000000e+00,0.000000000000000000e+00,0.000000000000000000e+00,1.202162376837804914e+00,0.000000000000000000e+00,1.363059728406369686e+00,0.000000000000000000e+00,0.000000000000000000e+00,0.000000000000000000e+00,1.112595238490030169e+00,0.000000000000000000e+00,0.000000000000000000e+00
3.942822944372892380e-02,1.612232984334696084e-01,1.821320527524221689e-01,3.150329634081572294e-03,7.617304276209324598e-03,3.150329634081572294e-03,0.000000000000000000e+00,1.617017030075658113e-01,1.469325710786506534e-02,1.505031083070207387e-01,1.469325710786506534e-02,1.469325710786506534e-02,3.150329634081572294e-03,1.633737492666114122e-01,0.000000000000000000e+00,1.469325710786506534e-02
8.171605318784713745e-01,1.735020000196527690e+00,2.243965149769792333e+00,0.000000000000000000e+00,0.000000000000000000e+00,0.000000000000000000e+00,0.000000000000000000e+00,2.354550217190990224e+00,0.000000000000000000e+00,2.999450973584316671e-02,0.000000000000000000e+00,0.000000000000000000e+00,0.000000000000000000e+00,2.341427312145242468e+00,0.000000000000000000e+00,0.000000000000000000e+00
2.089160599280148745e-02,6.248309684451669455e-03,2.311581862159073353e-02,8.069085225251910742e-01,8.189083656907314435e-01,8.069085225251910742e-01,8.132526418448833283e-01,1.236455861362628639e-02,8.519548459589714184e-01,3.470534860389307141e-02,8.519548459589714184e-01,8.519548459589714184e-01,8.069085225251910742e-01,1.580897741951048374e-02,7.451112985690997448e-01,8.519548459589714184e-01
8.105270427768118680e-01,4.039883208461105824e-01,4.300959013635292649e-01,1.029608948447275907e+00,2.388340448669623584e-01,1.029608948447275907e+00,1.966796540364157408e-01,5.275463116122409701e-01,1.257544217922259122e+00,3.207350218435749412e-01,1.257544217922259122e+00,1.257544217922259122e+00,1.029608948447275907e+00,2.128533252340275794e+00,6.425968997355084866e-01,1.257544217922259122e+00
2.122325081145390868e-01,2.385067520663142204e-02,0.000000000000000000e+00,6.198867118218913674e-01,1.228824210120365024e-01,6.198867118218913674e-01,6.634286425542086363e-01,5.292627436574548483e-02,8.387796499300748110e-02,0.000000000000000000e+00,8.387796499300748110e-02,8.387796499300748110e-02,6.198867118218913674e-01,2.172040985897183418e-02,6.684095480013638735e-01,8.387796499300748110e-02
0.000000000000000000e+00,0.000000000000000000e+00,3.557390229543671012e-01,5.097185393096879125e-01,7.405237538041546941e-01,5.097185393096879125e-01,5.860421938123181462e-01,0.000000000000000000e+00,7.555286904098466039e-01,6.217493243748322129e-01,7.555286904098466039e-01,7.555286904098466039e-01,5.097185393096879125e-01,0.000000000000000000e+00,5.785661508562043309e-01,7.555286904098466039e-01
3.853331977734342217e-01,8.152166224317625165e-02,0.000000000000000000e+00,1.030116894980892539e+00,8.898218849208205938e-01,1.030116894980892539e+00,9.485817933455109596e-01,7.826385117368772626e-02,9.632621274795383215e-01,6.521745843929238617e-01,9.632621274795383215e-01,9.632621274795383215e-01,1.030116894980892539e+00,5.549395037814974785e-02,1.046542105032131076e+00,9.632621274795383215e-01
1.431967169046401978e-01,5.206633025904920942e-01,2.804992632009088993e-01,6.701656892282699118e-01,5.418562810255025397e-01,6.701656892282699118e-01,8.271247129778203089e-01,2.043389160776314384e-01,4.629624186732144153e-01,7.158321953756967559e-01,4.629624186732144153e-01,4.629624186732144153e-01,6.701656892282699118e-01,1.981371669098734856e-01,4.888118401818246639e-01,4.629624186732144153e-01
6.552742444910109043e-03,1.031576023669913411e-01,2.499398821964859962e-02,0.000000000000000000e+00,3.488547193410340697e-02,0.000000000000000000e+00,0.000000000000000000e+00,1.630228212219662964e+00,3.025384039210621268e-02,1.621144119475502521e+00,3.025384039210621268e-02,3.025384039210621268e-02,0.000000000000000000e+00,2.276020566932857037e-02,1.304751307892729528e+00,3.025384039210621268e-02
2.815363593021174893e+00,2.447732723871013150e+00,2.745042670605471358e+00,4.459644197340821847e+00,4.114148675318574533e+00,4.459644197340821847e+00,4.058102362643694505e+00,3.087872147181769833e+00,4.539878248091554269e+00,3.911120444623520598e+00,4.539878248091554269e+00,4.539878248091554269e+00,4.459644197340821847e+00,2.802226110914489254e+00,5.446348338242387399e+00,4.539878248091554269e+00
2.888403145654592663e+00,2.958307547552976757e+00,2.888659698946867138e+00,1.947937628778163344e+00,2.089239659311715513e+00,1.947937628778163344e+00,2.131574681552592665e+00,2.730421995802316815e+00,1.781180272402707487e+00,2.641069062810856849e+00,1.781180272402707487e+00,1.781180272402707487e+00,1.947937628778163344e+00,2.721986083372030407e+00,1.774984707648400217e+00,1.781180272402707487e+00
2.390814013815543149e+00,9.298549089944572188e-01,8.650560197784216143e-01,0.000000000000000000e+00,0.000000000000000000e+00,0.000000000000000000e+00,4.560004381346516311e-04,2.367072383152844850e+00,0.000000000000000000e+00,2.353875421271368396e+00,0.000000000000000000e+00,0.000000000000000000e+00,0.000000000000000000e+00,2.303504178082221188e+00,0.000000000000000000e+00,0.000000000000000000e+00
4.126478176040109247e-01,3.018129557312931865e-01,0.000000000000000000e+00,9.954651872976683080e-02,1.079667830781545490e-01,9.954651872976683080e-02,8.809321382432244718e-02,3.563365712470840663e-01,1.629075593955349177e-01,1.579465781105682254e-02,1.629075593955349177e-01,1.629075593955349177e-01,9.954651872976683080e-02,3.446745031687896699e-01,1.457847673154901713e-01,1.629075593955349177e-01
8.602942654688376933e-01,8.184162575635127723e-01,1.514098176849074662e+00,0.000000000000000000e+00,0.000000000000000000e+00,0.000000000000000000e+00,0.000000000000000000e+00,1.394577357248635963e+00,0.000000000000000000e+00,1.646271429606713355e+00,0.000000000000000000e+00,0.000000000000000000e+00,0.000000000000000000e+00,1.489242462092079222e+00,0.000000000000000000e+00,0.000000000000000000e+00
1.000575307698454708e-01,1.406735501950606704e-02,1.675199641613289714e-02,1.290124387160176411e+00,1.204767447285121307e+00,1.290124387160176411e+00,1.128650459781056270e+00,0.000000000000000000e+00,1.362811449100263417e+00,4.241847665980458260e-03,1.362811449100263417e+00,1.362811449100263417e+00,1.290124387160176411e+00,0.000000000000000000e+00,1.208452347054844722e+00,1.362811449100263417e+00
1.617570338421501219e+00,2.434712764224968851e+00,2.127151861204765737e+00,2.413848698488436639e+00,2.094434694736264646e+00,2.413848698488436639e+00,2.111627682461403310e+00,2.704886933788657188e+00,2.149006961262784898e+00,2.470478682080283761e+00,2.149006961262784898e+00,2.149006961262784898e+00,2.413848698488436639e+00,1.937357865856029093e+00,3.210720934439450502e+00,2.149006961262784898e+00
1.909902319312095642e-03,1.196472508250735700e+00,7.889277633803430945e-01,4.805085431144107133e-02,5.600713095918763429e-02,4.805085431144107133e-02,2.436257987574208528e-02,7.711220548371784389e-01,6.196785155043471605e-02,1.289183959976071492e+00,6.196785155043471605e-02,6.196785155043471605e-02,4.805085431144107133e-02,8.660759704071097076e-01,4.692318565503228456e-02,6.196785155043471605e-02
3.225440403330139816e-01,2.621376584284007549e-02,2.124961368972435594e-01,3.350714959087781608e-01,1.571187502413522452e-01,3.350714959087781608e-01,3.321596611640416086e-01,8.567063498776406050e-02,1.525892308854963630e-01,2.354493244783952832e-01,1.525892308854963630e-01,1.525892308854963630e-01,3.350714959087781608e-01,1.012043411610648036e-01,3.329191810335032642e-01,1.525892308854963630e-01
4.921717770455870777e+00,4.325742196349892765e+00,4.103049593104515225e+00,4.250725669844541699e+00,4.271922243817243725e+00,4.250725669844541699e+00,4.533768440654966980e+00,3.838298740389291197e+00,3.998742682917509228e+00,4.665845857991371304e+00,3.998742682917509228e+00,3.998742682917509228e+00,4.250725669844541699e+00,3.908299364207778126e+00,3.963905418349895626e+00,3.998742682917509228e+00
7.711583530181087554e-03,3.118375697522424161e-02,1.567755926225800067e-02,2.234061792842112482e-02,0.000000000000000000e+00,2.234061792842112482e-02,8.984818545286543667e-03,1.305674978357274085e-02,0.000000000000000000e+00,2.059076129808090627e-02,0.000000000000000000e+00,0.000000000000000000e+00,2.234061792842112482e-02,1.892467131256125867e-02,5.015449153142981231e-02,0.000000000000000000e+00
2.699683877290226519e-01,1.581226612906903028e-01,6.376152254524640739e-01,2.569918186054565012e-01,2.623985708341933787e-01,2.569918186054565012e-01,3.862420823716092855e-01,2.855953415273688734e-01,2.024882468103896827e-01,3.777319451619405299e-01,2.024882468103896827e-01,2.024882468103896827e-01,2.569918186054565012e-01,2.600310439593158662e-01,2.476328574994113296e-01,2.024882468103896827e-01
5.356210080208256841e-01,6.569858407601714134e-03,0.000000000000000000e+00,1.130805136344861239e+00,1.199305562477093190e+00,1.130805136344861239e+00,1.118296146101783961e+00,1.080710510723292828e-02,1.192673606507014483e+00,9.820124355610460043e-02,1.192673606507014483e+00,1.192673606507014483e+00,1.130805136344861239e+00,2.629185095429420471e-03,1.067962437577079982e+00,1.192673606507014483e+00
1.180567154078744352e-01,1.473391909967176616e-01,0.000000000000000000e+00,7.000215071602724493e-01,6.522127844509668648e-01,7.000215071602724493e-01,7.430073590803658590e-01,0.000000000000000000e+00,6.475735306157730520e-01,0.000000000000000000e+00,6.475735306157730520e-01,6.475735306157730520e-01,7.000215071602724493e-01,0.000000000000000000e+00,6.061859838082455099e-01,6.475735306157730520e-01
1.323347084718989208e+00,1.427322749659651890e+00,8.680217951477970928e-01,3.057084875181317329e-01,4.675592072308063507e-01,3.057084875181317329e-01,2.536444072611629963e-01,9.594047289283480495e-01,5.423160428181290627e-01,5.032498292857781053e-01,5.423160428181290627e-01,5.423160428181290627e-01,3.057084875181317329e-01,9.801070623507257551e-01,2.600577768753282726e-01,5.423160428181290627e-01
1.244449153738969471e+00,1.293063097742560785e+00,1.153956768521311460e+00,0.000000000000000000e+00,0.000000000000000000e+00,0.000000000000000000e+00,0.000000000000000000e+00,1.122189384837838588e+00,0.000000000000000000e+00,1.005468069954076782e+00,0.000000000000000000e+00,0.000000000000000000e+00,0.000000000000000000e+00,1.048000277340179309e+00,5.796587641161750071e-01,0.000000000000000000e+00
8.517608117836061865e-02,8.879479604365769774e-02,2.643980179709615186e-02,5.647875449139974080e-01,7.790596565682790242e-01,5.647875449139974080e-01,5.958219996173284017e-01,9.983325035136658698e-02,7.890371015746495686e-01,8.523014358070213348e-02,7.890371015746495686e-01,7.890371015746495686e-01,5.647875449139974080e-01,9.054089455457869917e-02,3.700105855750734918e-01,7.890371015746495686e-01
8.868641681619919837e-01,4.453254741383716464e-02,1.029347052390221506e+00,1.731375312025193125e+00,1.821962257439736277e+00,1.731375312025193125e+00,1.819591473380569369e+00,4.470088012749329209e-01,1.764689111674670130e+00,5.015684431418776512e-02,1.764689111674670130e+00,1.764689111674670130e+00,1.731375312025193125e+00,1.955379521241411567e-01,1.874006684462074190e+00,1.764689111674670130e+00
6.364580692606978118e-01,1.943204594484996051e+00,1.890042092127259821e+00,0.000000000000000000e+00,0.000000000000000000e+00,0.000000000000000000e+00,0.000000000000000000e+00,1.923272586951497942e+00,0.000000000000000000e+00,1.144228814489906654e+00,0.000000000000000000e+00,0.000000000000000000e+00,0.000000000000000000e+00,1.895505203574430197e+00,0.000000000000000000e+00,0.000000000000000000e+00
1.616062297631287947e+00,1.536760680995939765e+00,1.626464094239054248e+00,0.000000000000000000e+00,2.117381645803106949e-03,0.000000000000000000e+00,2.101631441837525927e-02,1.578077602345729247e+00,0.000000000000000000e+00,1.205617520594387315e+00,0.000000000000000000e+00,0.000000000000000000e+00,0.000000000000000000e+00,9.685130271682282910e-01,0.000000000000000000e+00,0.000000000000000000e+00
7.641512191621586680e-01,2.310188347881194204e+00,2.277691641880664974e+00,0.000000000000000000e+00,0.000000000000000000e+00,0.000000000000000000e+00,0.000000000000000000e+00,2.294769809639547020e+00,0.000000000000000000e+00,1.961055085179395974e+00,0.000000000000000000e+00,0.000000000000000000e+00,0.000000000000000000e+00,2.348070167179685086e+00,0.000000000000000000e+00,0.000000000000000000e+00
1.209094707388430834e+00,0.000000000000000000e+00,9.175395616330206394e-01,0.000000000000000000e+00,0.000000000000000000e+00,0.000000000000000000e+00,0.000000000000000000e+00,0.000000000000000000e+00,0.000000000000000000e+00,1.200313216308131814e+00,0.000000000000000000e+00,0.000000000000000000e+00,0.000000000000000000e+00,7.819100655615329742e-01,0.000000000000000000e+00,0.000000000000000000e+00
