1.000000000000000000e+00,1.003263831138610840e+00
5.610000000000000000e+02,2.544895112514495850e-01
1.123000000000000000e+03,2.124240845441818237e-01
1.685000000000000000e+03,1.780545115470886230e-01
2.247000000000000000e+03,1.361210793256759644e-01
2.809000000000000000e+03,1.400931775569915771e-01
3.371000000000000000e+03,1.497619450092315674e-01
3.933000000000000000e+03,1.502680033445358276e-01
4.495000000000000000e+03,1.333995908498764038e-01
5.057000000000000000e+03,1.009962558746337891e-01
5.619000000000000000e+03,1.474575996398925781e-01
6.181000000000000000e+03,1.294876635074615479e-01
6.743000000000000000e+03,1.227149590849876404e-01
7.305000000000000000e+03,1.445494294166564941e-01
7.867000000000000000e+03,1.044957041740417480e-01
8.429000000000000000e+03,1.381751298904418945e-01
8.991000000000000000e+03,1.250490099191665649e-01
9.553000000000000000e+03,1.549246758222579956e-01
1.011500000000000000e+04,9.579557180404663086e-02
1.067700000000000000e+04,1.109847426414489746e-01
1.123900000000000000e+04,1.388150900602340698e-01
1.180100000000000000e+04,9.999581426382064819e-02
1.236300000000000000e+04,1.059432402253150940e-01
1.292500000000000000e+04,1.336858868598937988e-01
1.348700000000000000e+04,1.220761165022850037e-01
1.404900000000000000e+04,1.429495811462402344e-01
1.461100000000000000e+04,1.033469960093498230e-01
1.517300000000000000e+04,1.270270049571990967e-01
1.573500000000000000e+04,8.979028463363647461e-02
1.629700000000000000e+04,9.526108950376510620e-02
1.685900000000000000e+04,9.984139353036880493e-02
1.742100000000000000e+04,1.101434454321861267e-01
1.798300000000000000e+04,9.364938735961914062e-02
1.854500000000000000e+04,9.348110109567642212e-02
1.910700000000000000e+04,9.022188186645507812e-02
1.966900000000000000e+04,1.263843029737472534e-01
