1.000000000000000000e+00,2.948351860046386719e+00
5.610000000000000000e+02,7.602938413619995117e-01
1.123000000000000000e+03,6.688318848609924316e-01
1.685000000000000000e+03,5.767611861228942871e-01
2.247000000000000000e+03,5.288608074188232422e-01
2.809000000000000000e+03,4.087868034839630127e-01
3.371000000000000000e+03,3.686524033546447754e-01
3.933000000000000000e+03,3.512939810752868652e-01
4.495000000000000000e+03,3.109772801399230957e-01
5.057000000000000000e+03,2.826170325279235840e-01
5.619000000000000000e+03,2.882843315601348877e-01
6.181000000000000000e+03,2.499390244483947754e-01
6.743000000000000000e+03,2.173277288675308228e-01
7.305000000000000000e+03,2.092996835708618164e-01
7.867000000000000000e+03,1.914556622505187988e-01
8.429000000000000000e+03,2.021625041961669922e-01
8.991000000000000000e+03,2.066120505332946777e-01
9.553000000000000000e+03,1.261066943407058716e-01
1.011500000000000000e+04,1.978469491004943848e-01
1.067700000000000000e+04,1.554636955261230469e-01
1.123900000000000000e+04,1.599455177783966064e-01
1.180100000000000000e+04,2.025702297687530518e-01
1.236300000000000000e+04,1.620518714189529419e-01
1.292500000000000000e+04,9.866702556610107422e-02
1.348700000000000000e+04,1.057095900177955627e-01
1.404900000000000000e+04,8.188763260841369629e-02
1.461100000000000000e+04,1.267283111810684204e-01
