1.000000000000000000e+00,4.705916881561279297e+00
1.124000000000000000e+03,5.990378260612487793e-01
2.249000000000000000e+03,4.102393984794616699e-01
3.374000000000000000e+03,2.535886764526367188e-01
4.499000000000000000e+03,2.055889666080474854e-01
5.624000000000000000e+03,2.112537771463394165e-01
6.749000000000000000e+03,1.338102817535400391e-01
7.874000000000000000e+03,1.116330772638320923e-01
8.999000000000000000e+03,1.456535309553146362e-01
1.012400000000000000e+04,1.130074635148048401e-01
1.124900000000000000e+04,1.444765627384185791e-01
1.237400000000000000e+04,1.250930428504943848e-01
1.349900000000000000e+04,1.035152524709701538e-01
1.462400000000000000e+04,1.164781078696250916e-01
1.574900000000000000e+04,1.480922102928161621e-01
1.687400000000000000e+04,9.305673092603683472e-02
1.799900000000000000e+04,9.094052016735076904e-02
1.912400000000000000e+04,7.003359496593475342e-02
