1.000000000000000000e+00,4.692573547363281250e+00
5.610000000000000000e+02,7.758325934410095215e-01
1.123000000000000000e+03,7.048684954643249512e-01
1.685000000000000000e+03,6.593669652938842773e-01
2.247000000000000000e+03,5.989131927490234375e-01
2.809000000000000000e+03,6.102215051651000977e-01
3.371000000000000000e+03,5.547285676002502441e-01
3.933000000000000000e+03,5.084033012390136719e-01
4.495000000000000000e+03,4.294762313365936279e-01
5.057000000000000000e+03,3.740058243274688721e-01
5.619000000000000000e+03,3.850888609886169434e-01
6.181000000000000000e+03,3.261449933052062988e-01
6.743000000000000000e+03,3.449591696262359619e-01
7.305000000000000000e+03,3.328393101692199707e-01
7.867000000000000000e+03,3.154872059822082520e-01
8.429000000000000000e+03,3.181090056896209717e-01
8.991000000000000000e+03,2.873571217060089111e-01
9.553000000000000000e+03,2.805399298667907715e-01
1.011500000000000000e+04,2.981562912464141846e-01
1.067700000000000000e+04,2.414313554763793945e-01
1.123900000000000000e+04,2.452888935804367065e-01
1.180100000000000000e+04,2.968838214874267578e-01
1.236300000000000000e+04,2.781508564949035645e-01
1.292500000000000000e+04,2.836547195911407471e-01
1.348700000000000000e+04,2.503273487091064453e-01
1.404900000000000000e+04,2.016492187976837158e-01
1.461100000000000000e+04,2.234394103288650513e-01
