1.000000000000000000e+00,1.108184576034545898e+00
5.610000000000000000e+02,1.752459853887557983e-01
1.123000000000000000e+03,6.177784129977226257e-02
1.685000000000000000e+03,4.798566922545433044e-02
2.247000000000000000e+03,4.200345277786254883e-02
2.809000000000000000e+03,5.826168134808540344e-02
3.371000000000000000e+03,1.841396652162075043e-02
3.933000000000000000e+03,4.880996420979499817e-02
4.495000000000000000e+03,2.313713170588016510e-02
5.057000000000000000e+03,8.088245987892150879e-03
5.619000000000000000e+03,3.727961331605911255e-02
6.181000000000000000e+03,2.154236473143100739e-02
6.743000000000000000e+03,3.944457694888114929e-02
7.305000000000000000e+03,4.090658202767372131e-02
7.867000000000000000e+03,2.186299860477447510e-02
8.429000000000000000e+03,1.467260811477899551e-02
8.991000000000000000e+03,2.753888256847858429e-02
9.553000000000000000e+03,6.788232177495956421e-02
1.011500000000000000e+04,1.996199600398540497e-02
1.067700000000000000e+04,3.141557425260543823e-02
1.123900000000000000e+04,2.653674781322479248e-02
1.180100000000000000e+04,6.594062433578073978e-04
1.236300000000000000e+04,2.441017143428325653e-02
1.292500000000000000e+04,2.632449381053447723e-02
1.348700000000000000e+04,1.167160645127296448e-02
1.404900000000000000e+04,3.151806071400642395e-02
1.461100000000000000e+04,1.300326362252235413e-02
1.517300000000000000e+04,3.123080730438232422e-02
1.573500000000000000e+04,2.181434072554111481e-02
1.629700000000000000e+04,3.113546222448348999e-02
1.685900000000000000e+04,6.563147064298391342e-03
1.742100000000000000e+04,5.094591155648231506e-02
1.798300000000000000e+04,2.273502014577388763e-02
1.854500000000000000e+04,1.119806990027427673e-02
1.910700000000000000e+04,2.254076488316059113e-02
1.966900000000000000e+04,1.362467929720878601e-02
