1.000000000000000000e+00,2.961686849594116211e+00
5.610000000000000000e+02,7.111706137657165527e-01
1.123000000000000000e+03,5.694746375083923340e-01
1.685000000000000000e+03,4.444290995597839355e-01
2.247000000000000000e+03,3.495369553565979004e-01
2.809000000000000000e+03,2.738325595855712891e-01
3.371000000000000000e+03,2.642247080802917480e-01
3.933000000000000000e+03,2.436347156763076782e-01
4.495000000000000000e+03,2.247457653284072876e-01
5.057000000000000000e+03,1.694834679365158081e-01
5.619000000000000000e+03,2.044535130262374878e-01
6.181000000000000000e+03,1.710396558046340942e-01
6.743000000000000000e+03,2.235127687454223633e-01
7.305000000000000000e+03,1.633487194776535034e-01
7.867000000000000000e+03,1.714999377727508545e-01
8.429000000000000000e+03,2.186741232872009277e-01
8.991000000000000000e+03,2.363950908184051514e-01
9.553000000000000000e+03,1.723407357931137085e-01
1.011500000000000000e+04,1.690238863229751587e-01
1.067700000000000000e+04,1.800887435674667358e-01
1.123900000000000000e+04,1.666974276304244995e-01
1.180100000000000000e+04,2.277409434318542480e-01
1.236300000000000000e+04,1.697352379560470581e-01
1.292500000000000000e+04,1.605702340602874756e-01
1.348700000000000000e+04,1.507858633995056152e-01
1.404900000000000000e+04,1.347015351057052612e-01
1.461100000000000000e+04,1.655339747667312622e-01
