1.000000000000000000e+00,1.041544556617736816e+00
5.610000000000000000e+02,7.502215355634689331e-02
1.123000000000000000e+03,4.971404746174812317e-02
1.685000000000000000e+03,5.441536381840705872e-02
2.247000000000000000e+03,5.705307051539421082e-02
2.809000000000000000e+03,7.754679769277572632e-02
3.371000000000000000e+03,5.629957094788551331e-02
3.933000000000000000e+03,6.519117206335067749e-02
4.495000000000000000e+03,5.366002023220062256e-02
5.057000000000000000e+03,9.343356825411319733e-03
5.619000000000000000e+03,7.032039761543273926e-02
6.181000000000000000e+03,4.097022488713264465e-02
6.743000000000000000e+03,4.947757720947265625e-02
7.305000000000000000e+03,4.103614762425422668e-02
7.867000000000000000e+03,1.874762587249279022e-02
8.429000000000000000e+03,1.231214869767427444e-02
8.991000000000000000e+03,2.267052233219146729e-02
9.553000000000000000e+03,4.009617492556571960e-02
1.011500000000000000e+04,1.048331335186958313e-02
1.067700000000000000e+04,3.241679817438125610e-02
1.123900000000000000e+04,3.473617881536483765e-02
1.180100000000000000e+04,2.032178454101085663e-04
1.236300000000000000e+04,1.123879104852676392e-03
1.292500000000000000e+04,1.999658904969692230e-02
1.348700000000000000e+04,9.531509131193161011e-03
1.404900000000000000e+04,1.830585859715938568e-02
1.461100000000000000e+04,6.482423748821020126e-03
1.517300000000000000e+04,3.466625884175300598e-02
1.573500000000000000e+04,1.094634830951690674e-02
1.629700000000000000e+04,6.095625460147857666e-03
1.685900000000000000e+04,1.299036946147680283e-02
1.742100000000000000e+04,4.155212081968784332e-03
1.798300000000000000e+04,1.120129693299531937e-02
1.854500000000000000e+04,3.511806251481175423e-03
1.910700000000000000e+04,4.776302259415388107e-03
1.966900000000000000e+04,7.424071081914007664e-04
