1.000000000000000000e+00,1.058593869209289551e+00
5.610000000000000000e+02,1.190403029322624207e-01
1.123000000000000000e+03,7.040545344352722168e-02
1.685000000000000000e+03,7.007883489131927490e-02
2.247000000000000000e+03,4.734959080815315247e-02
2.809000000000000000e+03,6.769059598445892334e-02
3.371000000000000000e+03,6.207914650440216064e-02
3.933000000000000000e+03,8.242028206586837769e-02
4.495000000000000000e+03,5.654528364539146423e-02
5.057000000000000000e+03,1.269982755184173584e-02
5.619000000000000000e+03,8.360021561384201050e-02
6.181000000000000000e+03,3.904860839247703552e-02
6.743000000000000000e+03,8.578453212976455688e-02
7.305000000000000000e+03,4.991291835904121399e-02
7.867000000000000000e+03,3.893798589706420898e-02
8.429000000000000000e+03,2.007095701992511749e-02
8.991000000000000000e+03,5.039151012897491455e-02
9.553000000000000000e+03,5.937848985195159912e-02
1.011500000000000000e+04,1.784240710549056530e-03
1.067700000000000000e+04,6.608133763074874878e-02
1.123900000000000000e+04,5.554856359958648682e-02
1.180100000000000000e+04,1.491432916373014450e-02
1.236300000000000000e+04,9.537122212350368500e-03
1.292500000000000000e+04,3.748812153935432434e-02
1.348700000000000000e+04,6.851490586996078491e-02
1.404900000000000000e+04,8.119561523199081421e-02
1.461100000000000000e+04,1.752237230539321899e-02
1.517300000000000000e+04,3.861537948250770569e-02
1.573500000000000000e+04,2.515157125890254974e-02
1.629700000000000000e+04,3.265577182173728943e-02
1.685900000000000000e+04,2.874547988176345825e-02
1.742100000000000000e+04,2.100714482367038727e-02
1.798300000000000000e+04,3.562621399760246277e-02
1.854500000000000000e+04,7.846760563552379608e-03
1.910700000000000000e+04,9.808536618947982788e-03
1.966900000000000000e+04,2.706718631088733673e-02
