1.033551335334777832e+00
2.894811630249023438e-01
1.249252483248710632e-01
1.224560663104057312e-01
9.050575643777847290e-02
7.588818669319152832e-02
4.566757753491401672e-02
8.512950688600540161e-02
6.720288097858428955e-02
6.800208240747451782e-02
2.598660625517368317e-02
4.043547436594963074e-02
6.970550864934921265e-02
6.532397866249084473e-02
3.137843683362007141e-02
4.858176782727241516e-02
3.912205249071121216e-02
6.806006282567977905e-02
2.679140120744705200e-02
5.334934964776039124e-02
4.872040823101997375e-02
6.769917160272598267e-02
5.225408077239990234e-02
3.622430562973022461e-02
3.644290938973426819e-02
5.517320707440376282e-02
5.535047873854637146e-02
