1.018526434898376465e+00
3.793500363826751709e-01
2.844365239143371582e-01
2.680528163909912109e-01
2.603223025798797607e-01
2.531351745128631592e-01
2.099446803331375122e-01
2.364453524351119995e-01
2.318904399871826172e-01
2.228836268186569214e-01
2.059140801429748535e-01
2.001030445098876953e-01
1.989888697862625122e-01
1.708654612302780151e-01
1.790249347686767578e-01
1.405479162931442261e-01
1.352229118347167969e-01
1.677352339029312134e-01
1.204122975468635559e-01
1.932081729173660278e-01
1.005596444010734558e-01
1.093876287341117859e-01
8.703704923391342163e-02
6.174930930137634277e-02
6.860891729593276978e-02
9.629124402999877930e-02
8.011794090270996094e-02
