1.000000000000000000e+00,8.558820724487304688e+00
5.610000000000000000e+02,7.888733148574829102e-01
1.123000000000000000e+03,7.225364446640014648e-01
1.685000000000000000e+03,6.554861664772033691e-01
2.247000000000000000e+03,6.102513670921325684e-01
2.809000000000000000e+03,5.342404842376708984e-01
3.371000000000000000e+03,5.053541064262390137e-01
3.933000000000000000e+03,4.672956168651580811e-01
4.495000000000000000e+03,4.317129850387573242e-01
5.057000000000000000e+03,3.723044991493225098e-01
5.619000000000000000e+03,3.668137192726135254e-01
6.181000000000000000e+03,3.424990475177764893e-01
6.743000000000000000e+03,3.428522348403930664e-01
7.305000000000000000e+03,2.824314534664154053e-01
7.867000000000000000e+03,2.741483449935913086e-01
8.429000000000000000e+03,2.764292955398559570e-01
8.991000000000000000e+03,3.323064446449279785e-01
9.553000000000000000e+03,2.439346611499786377e-01
1.011500000000000000e+04,2.216838151216506958e-01
1.067700000000000000e+04,2.145450413227081299e-01
1.123900000000000000e+04,2.556669712066650391e-01
1.180100000000000000e+04,2.245429754257202148e-01
1.236300000000000000e+04,2.300515919923782349e-01
1.292500000000000000e+04,2.604727149009704590e-01
1.348700000000000000e+04,2.064501196146011353e-01
1.404900000000000000e+04,1.777151376008987427e-01
1.461100000000000000e+04,1.972194164991378784e-01
