1.000000000000000000e+00,4.693698406219482422e+00
5.610000000000000000e+02,8.051192760467529297e-01
1.123000000000000000e+03,7.452719211578369141e-01
1.685000000000000000e+03,7.026579976081848145e-01
2.247000000000000000e+03,6.520156860351562500e-01
2.809000000000000000e+03,5.965422391891479492e-01
3.371000000000000000e+03,5.367820262908935547e-01
3.933000000000000000e+03,4.913210272789001465e-01
4.495000000000000000e+03,4.560652375221252441e-01
5.057000000000000000e+03,4.039785265922546387e-01
5.619000000000000000e+03,3.851549327373504639e-01
6.181000000000000000e+03,3.179081678390502930e-01
6.743000000000000000e+03,3.867055475711822510e-01
7.305000000000000000e+03,3.189791142940521240e-01
7.867000000000000000e+03,3.139201402664184570e-01
8.429000000000000000e+03,3.492363393306732178e-01
8.991000000000000000e+03,3.329615294933319092e-01
9.553000000000000000e+03,3.088334798812866211e-01
1.011500000000000000e+04,3.079402148723602295e-01
1.067700000000000000e+04,2.337075024843215942e-01
1.123900000000000000e+04,2.553360760211944580e-01
1.180100000000000000e+04,2.684440612792968750e-01
1.236300000000000000e+04,3.059056699275970459e-01
1.292500000000000000e+04,2.572071552276611328e-01
1.348700000000000000e+04,2.517917454242706299e-01
1.404900000000000000e+04,2.135475873947143555e-01
1.461100000000000000e+04,2.675324380397796631e-01
