9.878642559051513672e-01
2.165590971708297729e-01
1.016849502921104431e-01
8.161462843418121338e-02
7.590296864509582520e-02
7.297711819410324097e-02
7.257895171642303467e-02
7.166641950607299805e-02
6.942181289196014404e-02
6.741974502801895142e-02
6.763309985399246216e-02
6.553474813699722290e-02
6.546994298696517944e-02
6.451267749071121216e-02
6.325519829988479614e-02
6.301175802946090698e-02
6.277982145547866821e-02
6.387979537248611450e-02
6.125024333596229553e-02
6.033674255013465881e-02
5.822545289993286133e-02
6.056622788310050964e-02
5.796392261981964111e-02
5.605562031269073486e-02
5.383041501045227051e-02
4.972080513834953308e-02
4.938198626041412354e-02
