9.866713881492614746e-01
2.451064586639404297e-01
1.244959831237792969e-01
1.195852234959602356e-01
1.125064492225646973e-01
8.208838850259780884e-02
3.451858088374137878e-02
1.016677990555763245e-01
9.995796531438827515e-02
8.809781074523925781e-02
4.038313031196594238e-02
6.555439531803131104e-02
8.365893363952636719e-02
7.227530330419540405e-02
4.037522152066230774e-02
7.278321683406829834e-02
5.217551067471504211e-02
7.986902445554733276e-02
4.438993707299232483e-02
9.555026888847351074e-02
7.802569866180419922e-02
6.684388965368270874e-02
6.531926244497299194e-02
6.107142940163612366e-02
7.640749961137771606e-02
9.124808758497238159e-02
8.077237010002136230e-02
