1.000000000000000000e+00,1.000783085823059082e+00
5.610000000000000000e+02,2.221770435571670532e-01
1.123000000000000000e+03,1.757404953241348267e-01
1.685000000000000000e+03,1.832956075668334961e-01
2.247000000000000000e+03,1.501031816005706787e-01
2.809000000000000000e+03,1.534663885831832886e-01
3.371000000000000000e+03,1.693582534790039062e-01
3.933000000000000000e+03,1.770215779542922974e-01
4.495000000000000000e+03,1.470514684915542603e-01
5.057000000000000000e+03,1.229503676295280457e-01
5.619000000000000000e+03,1.719662398099899292e-01
6.181000000000000000e+03,1.344888061285018921e-01
6.743000000000000000e+03,1.303362250328063965e-01
7.305000000000000000e+03,1.514213532209396362e-01
7.867000000000000000e+03,1.198089495301246643e-01
8.429000000000000000e+03,1.418379545211791992e-01
8.991000000000000000e+03,1.190282329916954041e-01
9.553000000000000000e+03,1.532912105321884155e-01
1.011500000000000000e+04,1.008480116724967957e-01
1.067700000000000000e+04,1.257853507995605469e-01
1.123900000000000000e+04,1.368864327669143677e-01
1.180100000000000000e+04,9.911272674798965454e-02
1.236300000000000000e+04,1.187897920608520508e-01
1.292500000000000000e+04,1.228677704930305481e-01
1.348700000000000000e+04,1.170936450362205505e-01
1.404900000000000000e+04,1.138946935534477234e-01
1.461100000000000000e+04,1.178002282977104187e-01
1.517300000000000000e+04,1.175625622272491455e-01
1.573500000000000000e+04,9.939321130514144897e-02
1.629700000000000000e+04,1.053801104426383972e-01
1.685900000000000000e+04,9.385512024164199829e-02
1.742100000000000000e+04,1.234109997749328613e-01
1.798300000000000000e+04,1.178626418113708496e-01
1.854500000000000000e+04,9.783616662025451660e-02
1.910700000000000000e+04,9.350209683179855347e-02
1.966900000000000000e+04,1.374983042478561401e-01
