1.000000000000000000e+00,3.019217967987060547e+00
5.610000000000000000e+02,8.101455569267272949e-01
1.123000000000000000e+03,7.047590613365173340e-01
1.685000000000000000e+03,6.352411508560180664e-01
2.247000000000000000e+03,6.092889904975891113e-01
2.809000000000000000e+03,5.055245161056518555e-01
3.371000000000000000e+03,4.363769590854644775e-01
3.933000000000000000e+03,4.299352467060089111e-01
4.495000000000000000e+03,3.889032602310180664e-01
5.057000000000000000e+03,3.351993560791015625e-01
5.619000000000000000e+03,3.267037272453308105e-01
6.181000000000000000e+03,2.550552785396575928e-01
6.743000000000000000e+03,3.019504249095916748e-01
7.305000000000000000e+03,2.588527202606201172e-01
7.867000000000000000e+03,2.531418800354003906e-01
8.429000000000000000e+03,2.864620685577392578e-01
8.991000000000000000e+03,2.901767790317535400e-01
9.553000000000000000e+03,2.621091306209564209e-01
1.011500000000000000e+04,2.259712517261505127e-01
1.067700000000000000e+04,1.931297034025192261e-01
1.123900000000000000e+04,1.579467803239822388e-01
1.180100000000000000e+04,1.804890185594558716e-01
1.236300000000000000e+04,2.102019488811492920e-01
1.292500000000000000e+04,1.960421353578567505e-01
1.348700000000000000e+04,1.809493303298950195e-01
1.404900000000000000e+04,1.572850495576858521e-01
1.461100000000000000e+04,1.612439602613449097e-01
