1.000000000000000000e+00,1.139614582061767578e+00
5.610000000000000000e+02,1.018822714686393738e-01
1.123000000000000000e+03,5.816153809428215027e-02
1.685000000000000000e+03,5.233978107571601868e-02
2.247000000000000000e+03,4.223504662513732910e-02
2.809000000000000000e+03,6.814265251159667969e-02
3.371000000000000000e+03,3.501429036259651184e-02
3.933000000000000000e+03,6.338378041982650757e-02
4.495000000000000000e+03,4.029512777924537659e-02
5.057000000000000000e+03,3.476868383586406708e-03
5.619000000000000000e+03,4.527029767632484436e-02
6.181000000000000000e+03,2.108227647840976715e-02
6.743000000000000000e+03,2.399074845016002655e-02
7.305000000000000000e+03,4.370083287358283997e-02
7.867000000000000000e+03,1.761792809702455997e-03
8.429000000000000000e+03,1.450859848409891129e-02
8.991000000000000000e+03,3.226719051599502563e-02
9.553000000000000000e+03,6.741240620613098145e-02
1.011500000000000000e+04,4.866530944127589464e-04
1.067700000000000000e+04,1.336154434829950333e-02
1.123900000000000000e+04,4.732161387801170349e-02
1.180100000000000000e+04,1.551806577481329441e-03
1.236300000000000000e+04,3.129852702841162682e-03
1.292500000000000000e+04,3.624910488724708557e-02
1.348700000000000000e+04,4.572445154190063477e-02
1.404900000000000000e+04,4.264716804027557373e-02
1.461100000000000000e+04,1.749223656952381134e-02
1.517300000000000000e+04,1.110386941581964493e-02
1.573500000000000000e+04,3.278255229815840721e-03
1.629700000000000000e+04,1.588418148458003998e-03
1.685900000000000000e+04,1.176386047154664993e-02
1.742100000000000000e+04,1.212820317596197128e-02
1.798300000000000000e+04,1.456481753848493099e-03
1.854500000000000000e+04,1.506667211651802063e-02
1.910700000000000000e+04,1.050788816064596176e-02
1.966900000000000000e+04,4.634586221072822809e-04
