1.000000000000000000e+00,2.109093427658081055e+00
5.610000000000000000e+02,7.214657664299011230e-01
1.123000000000000000e+03,6.685001850128173828e-01
1.685000000000000000e+03,5.331023335456848145e-01
2.247000000000000000e+03,4.596939086914062500e-01
2.809000000000000000e+03,3.833590447902679443e-01
3.371000000000000000e+03,3.366266191005706787e-01
3.933000000000000000e+03,3.225342333316802979e-01
4.495000000000000000e+03,3.028368949890136719e-01
5.057000000000000000e+03,2.338193804025650024e-01
5.619000000000000000e+03,2.804140448570251465e-01
6.181000000000000000e+03,1.847806423902511597e-01
6.743000000000000000e+03,2.269976735115051270e-01
7.305000000000000000e+03,1.801609992980957031e-01
7.867000000000000000e+03,1.857088506221771240e-01
8.429000000000000000e+03,1.729176938533782959e-01
8.991000000000000000e+03,1.584297716617584229e-01
9.553000000000000000e+03,1.564910709857940674e-01
1.011500000000000000e+04,1.984342038631439209e-01
1.067700000000000000e+04,1.300494819879531860e-01
1.123900000000000000e+04,1.265117228031158447e-01
1.180100000000000000e+04,1.787367016077041626e-01
1.236300000000000000e+04,1.484125554561614990e-01
1.292500000000000000e+04,1.384051144123077393e-01
1.348700000000000000e+04,1.199170500040054321e-01
1.404900000000000000e+04,8.419765532016754150e-02
1.461100000000000000e+04,1.436089575290679932e-01
