1.419587969779968262e+00
7.052359580993652344e-01
6.662084460258483887e-01
6.286670565605163574e-01
5.960680842399597168e-01
5.831888318061828613e-01
5.762622952461242676e-01
5.718886256217956543e-01
5.690895915031433105e-01
5.670580267906188965e-01
5.653240680694580078e-01
5.635023713111877441e-01
5.617485046386718750e-01
5.601754188537597656e-01
5.584936738014221191e-01
5.571004748344421387e-01
5.555797219276428223e-01
5.542196631431579590e-01
5.534767508506774902e-01
5.526922345161437988e-01
5.515908598899841309e-01
5.506908297538757324e-01
5.497264266014099121e-01
5.489936470985412598e-01
5.483588576316833496e-01
5.476445555686950684e-01
5.470222830772399902e-01
5.468974709510803223e-01
5.480976700782775879e-01
5.499469637870788574e-01
5.512835383415222168e-01
5.468828082084655762e-01
5.386818051338195801e-01
5.315677523612976074e-01
5.267322063446044922e-01
5.236995220184326172e-01
