1.242297053337097168e+00
7.145505547523498535e-01
6.811836361885070801e-01
6.278396844863891602e-01
5.839268565177917480e-01
5.900434255599975586e-01
5.758340954780578613e-01
5.585556626319885254e-01
5.731131434440612793e-01
5.542858839035034180e-01
5.692847371101379395e-01
5.445643663406372070e-01
5.809164643287658691e-01
5.599343776702880859e-01
5.662723183631896973e-01
5.622678399085998535e-01
5.564920306205749512e-01
5.384244918823242188e-01
5.689510107040405273e-01
5.577912330627441406e-01
5.612414479255676270e-01
5.494894981384277344e-01
5.590744614601135254e-01
5.571089982986450195e-01
5.553906559944152832e-01
5.274338126182556152e-01
5.587975382804870605e-01
5.242605805397033691e-01
5.586020946502685547e-01
5.396090149879455566e-01
5.566853880882263184e-01
5.610706210136413574e-01
5.466206669807434082e-01
5.485289692878723145e-01
5.336301326751708984e-01
5.162949562072753906e-01
