1.000000000000000000e+00,1.636052131652832031e+00
5.610000000000000000e+02,1.714444011449813843e-01
1.123000000000000000e+03,7.224190980195999146e-02
1.685000000000000000e+03,5.878241732716560364e-02
2.247000000000000000e+03,4.778320714831352234e-02
2.809000000000000000e+03,6.552875787019729614e-02
3.371000000000000000e+03,4.491241276264190674e-02
3.933000000000000000e+03,7.036325335502624512e-02
4.495000000000000000e+03,4.815955460071563721e-02
5.057000000000000000e+03,6.396970245987176895e-03
5.619000000000000000e+03,3.811917454004287720e-02
6.181000000000000000e+03,2.841489575803279877e-02
6.743000000000000000e+03,5.194653570652008057e-02
7.305000000000000000e+03,3.173391520977020264e-02
7.867000000000000000e+03,1.664359495043754578e-02
8.429000000000000000e+03,1.617892645299434662e-02
8.991000000000000000e+03,3.266242146492004395e-02
9.553000000000000000e+03,5.148285999894142151e-02
1.011500000000000000e+04,1.680750865489244461e-03
1.067700000000000000e+04,2.574117295444011688e-02
1.123900000000000000e+04,2.899192832410335541e-02
1.180100000000000000e+04,1.306337420828640461e-03
1.236300000000000000e+04,8.304449729621410370e-03
1.292500000000000000e+04,1.863604970276355743e-02
1.348700000000000000e+04,3.734370693564414978e-02
1.404900000000000000e+04,4.469823464751243591e-02
1.461100000000000000e+04,3.404596820473670959e-03
1.517300000000000000e+04,2.096450887620449066e-02
1.573500000000000000e+04,2.555705606937408447e-02
1.629700000000000000e+04,1.810177229344844818e-02
1.685900000000000000e+04,5.359932314604520798e-03
1.742100000000000000e+04,1.007781177759170532e-02
1.798300000000000000e+04,1.144124101847410202e-02
1.854500000000000000e+04,5.555765237659215927e-04
1.910700000000000000e+04,5.503547843545675278e-03
1.966900000000000000e+04,1.642662449739873409e-03
