1.000000000000000000e+00,1.642205834388732910e+00
5.610000000000000000e+02,7.247987389564514160e-01
1.123000000000000000e+03,6.486061811447143555e-01
1.685000000000000000e+03,5.066180825233459473e-01
2.247000000000000000e+03,4.543864727020263672e-01
2.809000000000000000e+03,4.131385087966918945e-01
3.371000000000000000e+03,4.004225432872772217e-01
3.933000000000000000e+03,3.791626095771789551e-01
4.495000000000000000e+03,3.266962468624114990e-01
5.057000000000000000e+03,3.197321593761444092e-01
5.619000000000000000e+03,3.421025872230529785e-01
6.181000000000000000e+03,2.595237791538238525e-01
6.743000000000000000e+03,3.406638503074645996e-01
7.305000000000000000e+03,2.269343435764312744e-01
7.867000000000000000e+03,2.803631424903869629e-01
8.429000000000000000e+03,2.444594055414199829e-01
8.991000000000000000e+03,2.621049284934997559e-01
9.553000000000000000e+03,2.305031567811965942e-01
1.011500000000000000e+04,2.500142157077789307e-01
1.067700000000000000e+04,2.018680572509765625e-01
1.123900000000000000e+04,2.071392238140106201e-01
1.180100000000000000e+04,2.324638366699218750e-01
1.236300000000000000e+04,1.931943297386169434e-01
1.292500000000000000e+04,1.575349122285842896e-01
1.348700000000000000e+04,1.764261871576309204e-01
1.404900000000000000e+04,1.400500833988189697e-01
1.461100000000000000e+04,1.306042969226837158e-01
