1.000000000000000000e+00,4.107704639434814453e+00
5.610000000000000000e+02,7.917521595954895020e-01
1.123000000000000000e+03,6.944503188133239746e-01
1.685000000000000000e+03,6.091952919960021973e-01
2.247000000000000000e+03,5.345010161399841309e-01
2.809000000000000000e+03,4.482632279396057129e-01
3.371000000000000000e+03,4.231690168380737305e-01
3.933000000000000000e+03,3.896754086017608643e-01
4.495000000000000000e+03,3.604660630226135254e-01
5.057000000000000000e+03,2.615534663200378418e-01
5.619000000000000000e+03,2.742443978786468506e-01
6.181000000000000000e+03,2.242013663053512573e-01
6.743000000000000000e+03,2.421348690986633301e-01
7.305000000000000000e+03,2.092950344085693359e-01
7.867000000000000000e+03,1.920503973960876465e-01
8.429000000000000000e+03,1.968916654586791992e-01
8.991000000000000000e+03,2.060512900352478027e-01
9.553000000000000000e+03,1.649914085865020752e-01
1.011500000000000000e+04,1.558845639228820801e-01
1.067700000000000000e+04,1.152006685733795166e-01
1.123900000000000000e+04,1.483791321516036987e-01
1.180100000000000000e+04,1.832988262176513672e-01
1.236300000000000000e+04,1.629333049058914185e-01
1.292500000000000000e+04,1.850155740976333618e-01
1.348700000000000000e+04,1.182770878076553345e-01
1.404900000000000000e+04,1.272799372673034668e-01
1.461100000000000000e+04,1.357561051845550537e-01
