1.000000000000000000e+00,9.984250664710998535e-01
5.610000000000000000e+02,1.249591708183288574e-01
1.123000000000000000e+03,7.927027344703674316e-02
1.685000000000000000e+03,4.270641878247261047e-02
2.247000000000000000e+03,5.245647951960563660e-02
2.809000000000000000e+03,6.941642612218856812e-02
3.371000000000000000e+03,5.166062340140342712e-02
3.933000000000000000e+03,8.496553450822830200e-02
4.495000000000000000e+03,4.450754448771476746e-02
5.057000000000000000e+03,1.002142112702131271e-02
5.619000000000000000e+03,7.808934897184371948e-02
6.181000000000000000e+03,3.666923567652702332e-02
6.743000000000000000e+03,7.032149285078048706e-02
7.305000000000000000e+03,4.863847792148590088e-02
7.867000000000000000e+03,2.597780339419841766e-02
8.429000000000000000e+03,2.567909099161624908e-02
8.991000000000000000e+03,5.024785920977592468e-02
9.553000000000000000e+03,6.241140887141227722e-02
1.011500000000000000e+04,6.460968870669603348e-04
1.067700000000000000e+04,6.076864525675773621e-02
1.123900000000000000e+04,5.276454985141754150e-02
1.180100000000000000e+04,1.772126369178295135e-02
1.236300000000000000e+04,1.086501311510801315e-02
1.292500000000000000e+04,3.920256346464157104e-02
1.348700000000000000e+04,3.601460158824920654e-02
1.404900000000000000e+04,4.162256792187690735e-02
1.461100000000000000e+04,5.772175267338752747e-03
1.517300000000000000e+04,3.556686267256736755e-02
1.573500000000000000e+04,2.390686608850955963e-02
1.629700000000000000e+04,2.244368940591812134e-02
1.685900000000000000e+04,1.711679436266422272e-02
1.742100000000000000e+04,2.784218452870845795e-02
1.798300000000000000e+04,1.910183764994144440e-02
1.854500000000000000e+04,5.802344996482133865e-03
1.910700000000000000e+04,2.336053736507892609e-02
1.966900000000000000e+04,1.630669645965099335e-02
