1.000000000000000000e+00,1.073424458503723145e+00
5.610000000000000000e+02,1.123038753867149353e-01
1.123000000000000000e+03,5.910993739962577820e-02
1.685000000000000000e+03,4.234513640403747559e-02
2.247000000000000000e+03,6.110316142439842224e-02
2.809000000000000000e+03,4.305301979184150696e-02
3.371000000000000000e+03,3.605182096362113953e-02
3.933000000000000000e+03,3.708199039101600647e-02
4.495000000000000000e+03,1.491606608033180237e-02
5.057000000000000000e+03,2.156817587092518806e-03
5.619000000000000000e+03,3.366480395197868347e-02
6.181000000000000000e+03,4.791709128767251968e-03
6.743000000000000000e+03,3.693131357431411743e-02
7.305000000000000000e+03,2.570539712905883789e-02
7.867000000000000000e+03,1.652150042355060577e-02
8.429000000000000000e+03,1.169022079557180405e-02
8.991000000000000000e+03,1.238891948014497757e-02
9.553000000000000000e+03,6.614237278699874878e-02
1.011500000000000000e+04,7.671825587749481201e-03
1.067700000000000000e+04,2.206649631261825562e-02
1.123900000000000000e+04,2.546855621039867401e-02
1.180100000000000000e+04,2.693341812118887901e-03
1.236300000000000000e+04,3.892237320542335510e-03
1.292500000000000000e+04,3.762521967291831970e-02
1.348700000000000000e+04,2.676325105130672455e-02
1.404900000000000000e+04,3.201447427272796631e-02
1.461100000000000000e+04,1.983251608908176422e-02
1.517300000000000000e+04,2.689117938280105591e-02
1.573500000000000000e+04,2.084237895905971527e-02
1.629700000000000000e+04,1.295788213610649109e-02
1.685900000000000000e+04,6.121501326560974121e-03
1.742100000000000000e+04,1.350427325814962387e-02
1.798300000000000000e+04,1.962466165423393250e-02
1.854500000000000000e+04,4.618496168404817581e-04
1.910700000000000000e+04,2.430292777717113495e-02
1.966900000000000000e+04,1.276742573827505112e-02
