1.000000000000000000e+00,8.772417902946472168e-01
5.610000000000000000e+02,7.923669368028640747e-02
1.123000000000000000e+03,5.858110263943672180e-02
1.685000000000000000e+03,3.826683759689331055e-02
2.247000000000000000e+03,2.588373422622680664e-02
2.809000000000000000e+03,3.903912380337715149e-02
3.371000000000000000e+03,1.638235338032245636e-02
3.933000000000000000e+03,4.388740658760070801e-02
4.495000000000000000e+03,1.296608988195657730e-02
5.057000000000000000e+03,1.208356395363807678e-02
5.619000000000000000e+03,1.319490280002355576e-02
6.181000000000000000e+03,1.028712000697851181e-02
6.743000000000000000e+03,4.111703857779502869e-02
7.305000000000000000e+03,1.126209553331136703e-02
7.867000000000000000e+03,3.115854924544692039e-04
8.429000000000000000e+03,1.373023632913827896e-02
8.991000000000000000e+03,3.100295178592205048e-02
9.553000000000000000e+03,3.939216211438179016e-02
1.011500000000000000e+04,9.091076208278536797e-05
1.067700000000000000e+04,8.065755479037761688e-03
1.123900000000000000e+04,1.419968437403440475e-02
1.180100000000000000e+04,1.622395066078752279e-04
1.236300000000000000e+04,1.758049125783145428e-03
1.292500000000000000e+04,1.107261329889297485e-02
1.348700000000000000e+04,1.424092892557382584e-02
1.404900000000000000e+04,4.158393293619155884e-02
1.461100000000000000e+04,1.091708036256022751e-04
1.517300000000000000e+04,1.110106986016035080e-02
1.573500000000000000e+04,1.038720365613698959e-02
1.629700000000000000e+04,2.177966758608818054e-03
1.685900000000000000e+04,5.768113303929567337e-03
1.742100000000000000e+04,2.828933065757155418e-03
1.798300000000000000e+04,1.363751664757728577e-02
1.854500000000000000e+04,1.666073694650549442e-05
1.910700000000000000e+04,1.103192102164030075e-02
1.966900000000000000e+04,4.021683707833290100e-04
