1.000000000000000000e+00,2.309876918792724609e+00
5.610000000000000000e+02,7.322520017623901367e-01
1.123000000000000000e+03,6.558812260627746582e-01
1.685000000000000000e+03,5.370033383369445801e-01
2.247000000000000000e+03,4.917927980422973633e-01
2.809000000000000000e+03,3.605934977531433105e-01
3.371000000000000000e+03,3.806023001670837402e-01
3.933000000000000000e+03,3.322534561157226562e-01
4.495000000000000000e+03,3.282909691333770752e-01
5.057000000000000000e+03,2.737855315208435059e-01
5.619000000000000000e+03,3.109466731548309326e-01
6.181000000000000000e+03,2.509394288063049316e-01
6.743000000000000000e+03,2.967471480369567871e-01
7.305000000000000000e+03,1.965208649635314941e-01
7.867000000000000000e+03,1.981645524501800537e-01
8.429000000000000000e+03,2.283930182456970215e-01
8.991000000000000000e+03,2.015641033649444580e-01
9.553000000000000000e+03,2.224327325820922852e-01
1.011500000000000000e+04,2.086234986782073975e-01
1.067700000000000000e+04,1.842510104179382324e-01
1.123900000000000000e+04,1.620699316263198853e-01
1.180100000000000000e+04,2.165997326374053955e-01
1.236300000000000000e+04,1.830112189054489136e-01
1.292500000000000000e+04,1.528807729482650757e-01
1.348700000000000000e+04,1.018022820353507996e-01
1.404900000000000000e+04,1.270315945148468018e-01
1.461100000000000000e+04,1.266826838254928589e-01
