1.000000000000000000e+00,2.887659072875976562e+00
5.610000000000000000e+02,7.594168186187744141e-01
1.123000000000000000e+03,6.769730448722839355e-01
1.685000000000000000e+03,6.011244058609008789e-01
2.247000000000000000e+03,5.505512356758117676e-01
2.809000000000000000e+03,5.297864675521850586e-01
3.371000000000000000e+03,4.936181604862213135e-01
3.933000000000000000e+03,4.846582412719726562e-01
4.495000000000000000e+03,4.616464972496032715e-01
5.057000000000000000e+03,3.808569014072418213e-01
5.619000000000000000e+03,3.840481340885162354e-01
6.181000000000000000e+03,3.541905581951141357e-01
6.743000000000000000e+03,3.312824666500091553e-01
7.305000000000000000e+03,2.724696695804595947e-01
7.867000000000000000e+03,2.756216824054718018e-01
8.429000000000000000e+03,2.793454229831695557e-01
8.991000000000000000e+03,2.788594663143157959e-01
9.553000000000000000e+03,2.372546643018722534e-01
1.011500000000000000e+04,3.240447342395782471e-01
1.067700000000000000e+04,2.371586263179779053e-01
1.123900000000000000e+04,2.182719707489013672e-01
1.180100000000000000e+04,2.893955111503601074e-01
1.236300000000000000e+04,2.509899735450744629e-01
1.292500000000000000e+04,2.383659183979034424e-01
1.348700000000000000e+04,2.306413948535919189e-01
1.404900000000000000e+04,1.599398851394653320e-01
1.461100000000000000e+04,2.131333202123641968e-01
