1.000000000000000000e+00,2.127847194671630859e+00
5.610000000000000000e+02,7.165290713310241699e-01
1.123000000000000000e+03,6.381307840347290039e-01
1.685000000000000000e+03,6.035788655281066895e-01
2.247000000000000000e+03,4.983856081962585449e-01
2.809000000000000000e+03,4.569612145423889160e-01
3.371000000000000000e+03,4.338413476943969727e-01
3.933000000000000000e+03,3.892970681190490723e-01
4.495000000000000000e+03,3.877249062061309814e-01
5.057000000000000000e+03,3.867347538471221924e-01
5.619000000000000000e+03,3.468090593814849854e-01
6.181000000000000000e+03,2.680039405822753906e-01
6.743000000000000000e+03,2.552770078182220459e-01
7.305000000000000000e+03,2.606357336044311523e-01
7.867000000000000000e+03,2.453089058399200439e-01
8.429000000000000000e+03,2.753624320030212402e-01
8.991000000000000000e+03,2.516713440418243408e-01
9.553000000000000000e+03,2.258541285991668701e-01
1.011500000000000000e+04,2.521322071552276611e-01
1.067700000000000000e+04,1.802864521741867065e-01
1.123900000000000000e+04,2.210549414157867432e-01
1.180100000000000000e+04,2.446053028106689453e-01
1.236300000000000000e+04,2.494088709354400635e-01
1.292500000000000000e+04,1.877273172140121460e-01
1.348700000000000000e+04,1.774636358022689819e-01
1.404900000000000000e+04,1.591868251562118530e-01
1.461100000000000000e+04,1.906954199075698853e-01
