1.026705622673034668e+00
6.686268448829650879e-01
5.982248187065124512e-01
5.630524754524230957e-01
5.473837852478027344e-01
5.399011969566345215e-01
5.357453823089599609e-01
5.310876965522766113e-01
5.187864899635314941e-01
5.126654505729675293e-01
5.099524855613708496e-01
5.076526999473571777e-01
5.068758726119995117e-01
5.047417283058166504e-01
5.027195811271667480e-01
5.012909770011901855e-01
5.003969073295593262e-01
4.994957447052001953e-01
4.992311894893646240e-01
4.989399015903472900e-01
4.989210069179534912e-01
4.992264807224273682e-01
4.996540546417236328e-01
4.997943937778472900e-01
5.000945925712585449e-01
5.002573132514953613e-01
5.003082156181335449e-01
5.003790259361267090e-01
5.006653070449829102e-01
5.010483264923095703e-01
5.013303756713867188e-01
5.014892816543579102e-01
5.020217299461364746e-01
5.023276805877685547e-01
5.023681521415710449e-01
5.024523138999938965e-01
