1.041144847869873047e+00
6.843581795692443848e-01
6.308609247207641602e-01
5.681446194648742676e-01
5.157768726348876953e-01
5.429570078849792480e-01
5.185157656669616699e-01
5.188572406768798828e-01
5.095829963684082031e-01
5.157542228698730469e-01
5.230725407600402832e-01
5.175397992134094238e-01
5.105643868446350098e-01
5.040473341941833496e-01
5.137931108474731445e-01
5.107108354568481445e-01
5.005089640617370605e-01
4.962681531906127930e-01
4.996638298034667969e-01
5.188447833061218262e-01
4.984875023365020752e-01
5.068345665931701660e-01
5.135352015495300293e-01
5.091115832328796387e-01
5.036798119544982910e-01
4.979834854602813721e-01
5.034204721450805664e-01
4.915882349014282227e-01
4.980612695217132568e-01
4.910565614700317383e-01
4.858222007751464844e-01
5.134471058845520020e-01
5.012004375457763672e-01
5.068456530570983887e-01
5.009902119636535645e-01
4.945394992828369141e-01
