1.000000000000000000e+00,3.074371337890625000e+00
5.610000000000000000e+02,7.990562915802001953e-01
1.123000000000000000e+03,7.205937504768371582e-01
1.685000000000000000e+03,6.315332055091857910e-01
2.247000000000000000e+03,6.187024116516113281e-01
2.809000000000000000e+03,4.922797083854675293e-01
3.371000000000000000e+03,4.302355051040649414e-01
3.933000000000000000e+03,3.870983421802520752e-01
4.495000000000000000e+03,2.865161597728729248e-01
5.057000000000000000e+03,2.727464437484741211e-01
5.619000000000000000e+03,3.167839646339416504e-01
6.181000000000000000e+03,2.734613120555877686e-01
6.743000000000000000e+03,2.075249999761581421e-01
7.305000000000000000e+03,1.951915472745895386e-01
7.867000000000000000e+03,2.029669433832168579e-01
8.429000000000000000e+03,2.137799412012100220e-01
8.991000000000000000e+03,2.089504152536392212e-01
9.553000000000000000e+03,1.563244313001632690e-01
1.011500000000000000e+04,1.782434880733489990e-01
1.067700000000000000e+04,1.698968708515167236e-01
1.123900000000000000e+04,1.312972456216812134e-01
1.180100000000000000e+04,1.886133551597595215e-01
1.236300000000000000e+04,1.442790776491165161e-01
1.292500000000000000e+04,1.446460783481597900e-01
1.348700000000000000e+04,9.493747353553771973e-02
1.404900000000000000e+04,1.099570915102958679e-01
1.461100000000000000e+04,1.190262138843536377e-01
