1.045386552810668945e+00
2.961057126522064209e-01
1.799372285604476929e-01
1.252867728471755981e-01
9.975948929786682129e-02
8.583324402570724487e-02
7.910411059856414795e-02
7.406819611787796021e-02
7.125423848628997803e-02
6.951765716075897217e-02
6.755521148443222046e-02
6.660643219947814941e-02
6.465478986501693726e-02
6.261283904314041138e-02
6.040237843990325928e-02
5.709363892674446106e-02
5.209605768322944641e-02
4.804885387420654297e-02
4.571631923317909241e-02
4.367805644869804382e-02
4.250857234001159668e-02
4.236566647887229919e-02
4.362428188323974609e-02
4.254464805126190186e-02
4.264266416430473328e-02
4.293560609221458435e-02
4.408483207225799561e-02
