1.062378883361816406e+00
3.284485042095184326e-01
2.157758474349975586e-01
1.592249423265457153e-01
1.278142929077148438e-01
7.439088821411132812e-02
4.086567088961601257e-02
7.995326071977615356e-02
7.920540869235992432e-02
8.682329207658767700e-02
4.380673170089721680e-02
5.384177342057228088e-02
7.984734326601028442e-02
5.279015377163887024e-02
4.516922309994697571e-02
6.823694705963134766e-02
3.556559234857559204e-02
7.839508354663848877e-02
2.269576303660869598e-02
7.517959177494049072e-02
6.528703123331069946e-02
5.935212969779968262e-02
5.944557860493659973e-02
3.194475173950195312e-02
4.113634675741195679e-02
5.972361564636230469e-02
7.013473659753799438e-02
