1.000000000000000000e+00,1.003250718116760254e+00
5.610000000000000000e+02,7.909516245126724243e-02
1.123000000000000000e+03,5.952405929565429688e-02
1.685000000000000000e+03,7.050283998250961304e-02
2.247000000000000000e+03,6.308629363775253296e-02
2.809000000000000000e+03,8.698187023401260376e-02
3.371000000000000000e+03,5.683837831020355225e-02
3.933000000000000000e+03,7.911838591098785400e-02
4.495000000000000000e+03,5.972972512245178223e-02
5.057000000000000000e+03,1.249688118696212769e-02
5.619000000000000000e+03,7.561557739973068237e-02
6.181000000000000000e+03,5.220633745193481445e-02
6.743000000000000000e+03,7.673759013414382935e-02
7.305000000000000000e+03,8.301588147878646851e-02
7.867000000000000000e+03,4.212905466556549072e-02
8.429000000000000000e+03,4.650355502963066101e-02
8.991000000000000000e+03,6.866741925477981567e-02
9.553000000000000000e+03,9.872331470251083374e-02
1.011500000000000000e+04,8.547239005565643311e-03
1.067700000000000000e+04,7.296478748321533203e-02
1.123900000000000000e+04,6.393110007047653198e-02
1.180100000000000000e+04,2.095022052526473999e-02
1.236300000000000000e+04,9.788655675947666168e-03
1.292500000000000000e+04,8.158043771982192993e-02
1.348700000000000000e+04,6.452471017837524414e-02
1.404900000000000000e+04,1.092056259512901306e-01
1.461100000000000000e+04,9.680256247520446777e-03
1.517300000000000000e+04,5.888362228870391846e-02
1.573500000000000000e+04,6.015995144844055176e-02
1.629700000000000000e+04,4.305343329906463623e-02
1.685900000000000000e+04,4.428870975971221924e-02
1.742100000000000000e+04,4.777866601943969727e-02
1.798300000000000000e+04,4.474420845508575439e-02
1.854500000000000000e+04,4.597018659114837646e-02
1.910700000000000000e+04,3.455096855759620667e-02
1.966900000000000000e+04,4.926687851548194885e-02
